n_rho,mom,B,kb,T,target,target_with_noise,equation_name,varied_variable_name,Predicted
2.278984903523446,4.84021687549243,1.1113599739782423,4.842341031276229,3.154276043302761,3.7317941029956896,1.964715436272112,Feynman81,None,3.306661418504069
4.238694484378707,4.719749560904452,1.6841239311157987,2.7368017952997494,1.5184738286437391,19.151537192599356,20.07356230424034,Feynman81,None,17.325374365713138
4.7140404119852475,2.8052770819885557,1.9362441037996798,4.424050616304177,4.011757332852026,3.92536462478917,3.430928973646276,Feynman81,None,5.423027789532353
4.818105954173889,3.473198944349994,3.3894516966826456,3.95968300248368,2.314660196005185,14.352314389423398,17.137906098878624,Feynman81,None,13.508625554169615
2.378622623679263,3.0342135112606443,3.693638295216462,1.5523108471958826,2.394355230390434,7.182632150146594,5.170768175472512,Feynman81,None,7.409111828847003
1.4967770601029011,1.2136925645035443,1.3239542464298455,1.431412201272341,2.6257880096938484,0.7325501195707282,-0.21225618930625445,Feynman81,None,0.2610320342923186
2.8162998643722035,4.762646417234537,2.1700797941382777,2.8599981971437094,3.49167494404606,10.407055619341794,8.841426319184135,Feynman81,None,10.233398780190127
4.399827179013849,2.6255078714051385,1.5305364074777077,3.763905878205607,3.1204061479475995,3.8050277771436463,4.016354311995246,Feynman81,None,5.504617183378333
3.5078247377065255,1.2404199190132514,1.0782004959372964,1.5536381417005085,1.7809233682154635,1.953384849987588,0.6373336787563104,Feynman81,None,2.517088447033498
2.4917232798562314,1.45829885321161,2.9692768580508275,1.7864255274476672,3.271635368783093,2.2880395973947327,3.634772337085385,Feynman81,None,2.330037838967804
2.856749947573745,3.751506663615048,3.6245940119298847,1.9937471240760423,2.9450112132278026,10.510393727453256,11.903231378271087,Feynman81,None,10.251690286750971
2.110762826563384,3.1041980123405004,4.406579845289331,4.517628832190184,3.00974751929146,5.006650904257227,3.582132276540529,Feynman81,None,5.134985291141908
4.9300228839884515,4.674095607191068,4.946715410033102,1.9538185475542589,2.4355388259806596,23.04062377184977,24.961070770745707,Feynman81,None,22.724011159226947
3.995609550113941,3.496849502277303,3.3951148728973988,1.715590545816509,2.6408114673801615,13.824855079136277,15.14397429559791,Feynman81,None,13.555881044149325
4.950095212628126,4.853235945161953,3.859808644228521,2.854454419839627,1.1274967656031016,24.02355728418218,24.239517227541736,Feynman81,None,23.42402815185519
1.775722578499317,4.043297614486217,4.728154263594556,2.9048338145713783,4.7908097006313275,6.314873610107932,5.065762531055496,Feynman81,None,6.176997501500045
2.860048782619778,2.279729002720243,3.2902944640550946,1.8322598104765166,2.0244580002091435,6.295597703326255,8.869981059740084,Feynman81,None,6.280622617702226
1.662525488725875,1.5420772094065165,3.454006077044946,4.218203446858386,3.3391388572026046,0.9257729250315972,-0.11893849713284521,Feynman81,None,0.8647767741644795
3.353102620984243,3.314263628861196,2.1182332737024283,2.33278192159047,1.5660307858796823,10.646955654066206,9.797271804382001,Feynman81,None,10.241965921933867
1.6119580546822725,4.121636466031346,3.811463144603293,3.202773240012566,2.30373603739515,6.458546654593985,9.86102027171305,Feynman81,None,7.116899014049495
2.7880076071708735,4.747410599569259,1.8469090543418698,2.628494434839269,4.530022533244381,8.298139133459081,6.8190912257843035,Feynman81,None,8.53803616389548
2.6081929750540533,3.994629476302847,2.296583794290228,1.4745216589969279,2.0776718142572115,10.366677289170699,11.742216632451079,Feynman81,None,10.183958545471487
4.0646018908876265,1.1530818884018408,4.979511320777625,4.97710188799636,2.0358138721717505,2.4039232196764835,4.201386917911757,Feynman81,None,2.564867475844643
3.6644820503080013,4.2949014722145,1.8252272057059922,4.28314320871929,1.1093085581999578,14.618672634433045,16.35397591110317,Feynman81,None,13.117388192281314
1.0100567883181726,2.687520467376687,1.1644990063927567,4.695346636923837,4.14896755491751,0.432381316455433,3.926151802721587,Feynman81,None,-2.3816974221962903
2.937229160685857,2.0381688353825567,1.7910438821298085,1.6080910957564432,1.1563267171133211,5.755068613083492,5.3881157284628785,Feynman81,None,5.572943821796922
1.7403112913207193,1.249080430339656,4.563744478788974,3.383447291382877,2.7559554963252815,1.1848605198550763,1.8330285869834073,Feynman81,None,0.9617506699983902
3.4020809735334576,2.0971028603748536,3.676772550017377,4.03281225495545,2.195454099772149,5.007120898706108,4.308365395592442,Feynman81,None,5.48161158266497
2.757495378265259,2.2713788418331355,4.031236157270122,4.21267168968785,3.244052789488648,3.6639618336217845,0.4676985289367659,Feynman81,None,4.0759663525586465
4.5673857662816175,3.490813776457838,4.103969020413553,3.5816657570424986,3.6700761596025955,12.704523885930525,10.976573717889814,Feynman81,None,12.455056380357657
3.3377559866446678,2.1678689147048305,2.714598192927916,2.129056773186798,4.497497170879935,3.9604887414144168,6.320144411616797,Feynman81,None,4.470779027893154
3.8395299351332666,3.9140882018821292,2.0944867995719902,4.645450933443163,3.2602521237085527,7.423404467608198,4.0093398916191685,Feynman81,None,9.208801769412432
1.247401544474204,2.2738013034995386,4.489825618788322,1.9121260895483698,3.5908547568783753,2.5604912024520243,3.5323029759470477,Feynman81,None,3.1011204526143876
1.2844784827140403,3.200857184497268,2.0391792532923776,3.982563157438419,1.630735150756232,3.13988118819466,5.848910625065892,Feynman81,None,3.7079943276222664
1.057406981252376,2.8559137019658065,4.544377917042247,2.8780172876464225,4.988243571549468,2.169016912318669,3.304548524627558,Feynman81,None,2.131825600318872
1.1391291222156354,3.940154372362281,2.5787017588809165,2.6959869087183606,3.1070608271897444,3.7592824927858897,3.454315167218094,Feynman81,None,4.240356898916989
4.190581517814552,1.1917550496766949,4.2887621214385145,4.42904766028579,1.578937154636204,3.1143550996107647,3.0308876334805945,Feynman81,None,3.3892876939610805
2.5416730135934316,4.986562112168392,4.3509219137385164,2.573829032575581,1.4292391422769621,12.674019325912912,8.929334165205553,Feynman81,None,13.789951612294658
1.805509426072244,3.5670189529692826,1.619250565455295,1.8793772041923513,2.2229204906403766,5.677251026649398,4.62917162509236,Feynman81,None,5.749025018270456
2.7560980986791237,2.7251504882166637,2.5019381068390825,2.3873473333256587,4.963714997808255,3.900270917236987,6.770208120899158,Feynman81,None,4.113913163472745
3.2211644666116936,2.118783340465723,2.300996039007378,2.9848661226508586,2.434229028795829,3.9969007416089988,4.079496217852564,Feynman81,None,4.7531552556295065
1.2568056368814524,3.5799885163670684,4.0573367379777,1.8427646872313925,1.071765307137674,4.499346064841908,3.784257859564976,Feynman81,None,6.251243832064354
2.7669627498210128,1.7784049382200364,1.663627051492493,2.5793279388362635,4.766026709659038,1.1619406303896298,0.8815037228985967,Feynman81,None,0.7314530002668335
3.3528579489796417,4.908766319914292,2.014908789991072,3.5005253307152158,3.2312825823150746,11.58033096401775,12.013363460372618,Feynman81,None,12.04124198318903
1.327827881118354,4.926669167521107,2.8443081680071045,4.512393221257398,4.425418715018266,3.9608014842364465,2.326744710306227,Feynman81,None,3.582241186500329
4.842477350404689,1.5919336196432599,1.4999986483285324,3.7107386062108563,3.944119390772164,1.2467174956881568,2.6012246364148313,Feynman81,None,0.7873931474466864
1.3492035728929603,1.7685921259497297,1.8773157036556802,4.884896075018425,2.492161448884186,0.6351171714289091,4.188604475797687,Feynman81,None,0.05835388721241003
4.021172744249525,1.8694864816881918,4.012178378167134,1.1173367694595702,4.089888440800633,6.973741044542355,7.548217921173416,Feynman81,None,6.899170837535103
4.510897891364479,1.006487577103821,1.0493199574911412,2.870682658582333,2.629602348597357,0.6310906270428216,0.8845862299522655,Feynman81,None,0.046066314248497775
1.446132314600348,4.40649113855357,3.120047075768503,3.4384707297325092,2.7778382637687593,5.694202927710242,5.3687585940036175,Feynman81,None,6.148016557065537
4.67352456266843,3.5308409622638783,3.3472383509334542,4.7706034744215815,4.279123738912103,8.612077848838679,9.550238222088792,Feynman81,None,9.93146289005726
3.284983154102052,4.913084605776389,2.0442357140555703,1.9572422353582413,2.821718106945936,15.31135838971652,15.58050613428772,Feynman81,None,14.079759632689825
4.526558148123909,1.7137476717578228,3.0291203184069526,3.102392795374919,4.867483337328258,2.5664109125407633,0.43997085563235805,Feynman81,None,3.168111023998884
3.0653508657895445,3.986840705176976,4.715242367154852,4.662501897789177,1.4489686167786573,12.127843073022648,15.414162448227128,Feynman81,None,11.670518927741846
3.1018075554391893,1.625597613308798,4.735961078856908,2.2881337947055465,4.527606732332764,3.1818820844273867,2.367135794421343,Feynman81,None,3.460759033382585
4.652280425692851,4.815216464763588,4.382883655893184,4.677353993099429,4.972250172565044,16.127143381650054,14.793086690030496,Feynman81,None,15.464986157976462
1.7735384008269262,2.6139891052858744,2.8027976885481047,3.2361424819328866,2.155543863627639,3.6249925250567654,3.335893299222822,Feynman81,None,4.152317971047793
2.0050125901544726,4.949636254460548,4.788259246284239,1.510728623191207,4.991052031713582,9.887205498458867,8.734045281715689,Feynman81,None,9.655649371983984
4.319737226542438,4.491164357995132,4.021447302431518,2.910787107412263,4.26500358604533,17.395462905686284,21.286524042095888,Feynman81,None,16.22302821658187
3.7729863307144753,2.6529362073017,2.938058606855005,2.7534849315573355,3.5889812155057856,6.583184341624918,5.892577906553665,Feynman81,None,7.377320175225292
1.324944569689432,3.8491173096559956,1.2174236845967483,1.8917389472076849,1.7025190883636174,4.572889654255638,5.210414155871899,Feynman81,None,4.036772141658635
4.886329295548565,2.1354332547195516,2.7426041288349463,3.157113451656683,1.1644094011126151,9.606238812944946,11.513359434301774,Feynman81,None,9.000669324551296
2.025630868696203,4.340991925304171,1.6010984427501418,2.8631447408824227,4.460300151463247,4.363204308358878,6.392210559998452,Feynman81,None,4.840154279291776
1.8661496536663411,1.2181583625068044,3.7360792156991436,3.749805303083728,2.005457954558504,1.2292413876731527,-0.6310536820477681,Feynman81,None,1.0202811307868678
1.9959835943246693,3.3389960050957463,3.171617509441556,3.1861755979500668,2.996151973325061,5.357174360510482,5.942726857364539,Feynman81,None,5.779175320331273
1.5078180099380316,3.486366567826601,4.049155095054948,3.1065189677050213,4.384449936160799,4.081817103313939,4.3135036692215385,Feynman81,None,4.417878450212799
4.18092683706924,1.3409809593980562,1.0691262464894957,2.478145443660796,1.8401393644097563,1.7067948520766574,1.5923754420337703,Feynman81,None,2.389860795351498
3.2744759280658524,1.178585888569994,3.816528567521187,2.024046286199933,4.932132784856853,1.6300623946343171,0.14774712174805749,Feynman81,None,1.7906807137130496
1.606489102095042,3.448776614769656,3.2822872834977432,2.987182482490079,2.3679172924506022,5.106719659342127,4.408965584536288,Feynman81,None,5.62483310243756
1.662312875047704,1.111102831806246,2.099982336395606,3.7021925372569293,4.00119471667997,0.2885473805798064,1.1193076938518873,Feynman81,None,-1.3427841152097393
4.0554531655094275,4.867234930526969,1.3363463898497856,1.9361732651644439,2.6149219394369485,16.930588779301047,16.5724682267621,Feynman81,None,15.552321253482944
3.8528520849314702,4.774909934380565,2.2591925740563337,1.3947364433838834,4.67990457665562,17.09496761928977,16.093421767141745,Feynman81,None,14.950780348887804
3.7498320836483514,1.2646209351121906,4.863823540411837,3.212592345844169,2.3860147159841367,3.155382432254635,0.9087427214414499,Feynman81,None,3.714871094456834
4.914259460993036,4.204141944114625,3.0048337161939243,4.979104200763646,3.236954898776063,13.53013030522398,14.38805205290398,Feynman81,None,14.054527480080829
2.1199691513305856,4.9971863226196955,2.6485754165348516,2.477702873355116,2.1717323707817324,10.44025814425289,8.381449413909522,Feynman81,None,10.507534882883899
2.832048638593653,2.8628591912759553,3.6895304016556167,3.1136488284447323,4.249729832209553,5.375917055121819,5.069365588620006,Feynman81,None,5.758113217714436
4.478552164803722,3.1931937119551903,1.7379386544552955,2.578084124457691,4.1533157739443425,6.812575236055672,7.858490194877391,Feynman81,None,8.481485787422299
3.77778638278163,3.113730567380314,3.621111101564864,3.286629107902904,3.5223781543272574,8.827367805209615,7.713238064172463,Feynman81,None,9.295242767005922
4.679786368837284,1.0779817450657836,4.677682832480009,1.896807989832765,3.4121285341089216,3.290118994534021,3.979984565385725,Feynman81,None,4.1277769781523554
4.624490131286025,2.6717127155251443,1.3041910228990554,2.4923882046073262,4.106718126956174,4.050762457316764,2.289819582554571,Feynman81,None,5.6324067347922036
2.6916042771126367,2.0083994437294197,3.562860596876762,1.886114867008673,1.7802395730094243,5.2555817131999145,6.451726839583404,Feynman81,None,5.271542716045172
4.505753889736107,2.497715256491031,1.5051471225550919,1.6755080208980377,4.619329930293551,5.073592835834913,3.563706191698433,Feynman81,None,5.902214434234444
4.863426568340265,2.892852728347868,2.8101090233357544,4.513150746540601,4.683722854144591,5.158773285600782,5.703075976802202,Feynman81,None,6.600183914589845
2.2769996606261595,1.6336929321293128,2.0349277346469923,1.161636309470441,1.3067767292186274,3.62788781349242,1.600517367736118,Feynman81,None,3.329864906350297
4.609085884096836,4.442808869583535,3.8235305822854433,4.213345181906044,1.346995116981343,20.37462996049542,19.454114159875022,Feynman81,None,18.720714472507208
3.61451119639551,2.218602429820724,1.450448468831251,3.085442814598701,3.0145305599403254,2.668786056545212,3.523693146019611,Feynman81,None,3.8060445357491726
3.741285108522983,4.620332125936441,4.839539818288935,4.9214962283128365,2.915629049047894,15.81913877646015,14.387128733018175,Feynman81,None,14.587605128211646
4.638285621594717,2.4784476318556594,3.4421919358296833,3.1706810936880294,4.399652023991853,6.267816412721981,5.30390545016512,Feynman81,None,7.3381801218946405
1.387929073589791,4.6071469114359065,1.1899628480602535,3.210131012308348,3.7551128682536645,2.722962595824091,3.518992632967545,Feynman81,None,1.8320381219079955
1.876002126779973,4.821013313660114,1.7843719835458471,2.3719951715490395,2.654595229642367,7.939219294149916,7.456809471332594,Feynman81,None,7.935511426877837
3.3124908239074666,3.9405204652276606,1.4066585210977376,3.2999506145865527,1.4663993257699555,10.654418925289823,10.624500172475102,Feynman81,None,10.141925324046321
3.056925242031551,4.532005122905355,4.5430672719138965,2.318713414711488,2.531664510358363,13.829128382675089,15.575804411358813,Feynman81,None,14.054924763276961
3.4290519213644792,4.679221511221265,1.5118853832750268,2.409456758804872,2.189936979139312,13.989053256615845,18.432017728344917,Feynman81,None,13.143247673949533
4.867255991960248,4.45577072886681,2.768414996303072,1.957946611562547,2.270974635814469,21.51915102567956,22.754989075485494,Feynman81,None,19.43199761474791
2.2779249963066994,1.1449661171173964,1.6083943897756656,1.850264504528842,1.770204241462853,1.3292251838104847,1.7695052665280837,Feynman81,None,1.1068792426694092
4.652782503898028,4.3340090384403265,2.9761217524571415,4.497149486522497,2.270231864498225,17.180599249079716,16.117688219985254,Feynman81,None,15.899726768176112
3.539506062161817,1.1760311996830781,2.67094220391508,3.448216958601331,1.3169019949401108,2.4937574995549974,4.047930060970978,Feynman81,None,2.8018529357578927
3.1347706091310696,1.617844363368223,3.4426726549554374,1.758915354763785,3.3166240168585364,3.762738129452615,3.373118758314219,Feynman81,None,4.055562896946056
3.913060574656544,3.6114894215109157,4.831653120467291,1.9426803814312144,4.846919094905211,13.454256597383257,12.995799253803545,Feynman81,None,12.679957824439938
2.0383705059851445,1.130614862507425,2.612352028471422,4.731628527535237,3.263636290735387,0.435492582603849,-0.4081603512199294,Feynman81,None,-1.0833302267937388
2.5045010521638007,4.020781609834635,2.294893494571853,2.774067291467299,3.4292362975180115,7.539361274492842,7.006302709360705,Feynman81,None,7.764728698441807
2.7548956734661236,1.190157706901592,4.2039069336605355,2.7566519193137387,4.373824880577712,1.2875119060782534,1.634048544698093,Feynman81,None,1.1617131938781209
3.304123170556629,1.470667698102134,1.9888954827317096,3.0897128378359486,3.7251854845724104,1.2089831636542305,0.8056149820969127,Feynman81,None,1.1271835866654214
1.7827098533160783,1.934916794865385,2.6015298061587284,1.0448573388695515,1.1144531143435081,3.448182130747535,2.5328928303512246,Feynman81,None,3.6836390318970262
1.8055017328967464,1.6527669316753215,1.9958260095133435,1.3016297825485448,2.6646848319325422,2.2089774003845393,3.446786772553147,Feynman81,None,2.183316587992456
3.461412096809687,3.1417348657886683,2.0086623124336276,2.3911799696724225,3.8655731855757343,6.451962115538384,7.9466330858974334,Feynman81,None,7.335696307586528
4.773897248229321,3.362472176125425,2.891102572852307,4.9326847129036615,2.5951713224382194,10.284990831044787,10.462867749913885,Feynman81,None,10.941914095264158
2.108435440997617,4.654358202312165,3.6295096278171393,4.612928057608103,1.6188230035568294,9.602918667989409,11.375071760066776,Feynman81,None,9.500285423030185
2.4943393669213365,3.3487298935136067,3.7773229020363908,4.497029444337837,3.488234377723461,5.576219341517987,9.58949505143216,Feynman81,None,5.837487426608023
3.641633915854672,2.85664361818531,4.881259366712521,1.3555946377663353,3.5725465861539965,10.337398062252138,10.719018303858839,Feynman81,None,10.53268973750041
3.2647505679390223,4.3683621937628825,4.9816742092451705,3.132513676254805,4.8691937160375165,12.707039634245398,12.82508028645249,Feynman81,None,11.524326351564486
2.2325185457250205,2.470057877312582,3.23222884370235,4.46792453950966,3.7820706287282304,2.4274192860034147,3.436505390415766,Feynman81,None,2.772293468838162
2.010315236872812,4.084313398059928,2.2414640947948503,4.6175033610244745,1.5073425906883888,7.107359114875534,5.290186774897239,Feynman81,None,7.023133596192096
3.2780889848967227,4.9731375265976165,1.2253943910929488,4.679001888818618,1.9588119829829655,9.481781583504794,8.69551659101533,Feynman81,None,9.775255955936688
4.420016943444253,3.763847486294544,1.476563296162281,3.169075373221231,4.364756397147648,6.3462958856049285,8.767957901232217,Feynman81,None,8.820489577824487
3.483893093564668,1.4885080404105713,3.884623899496597,1.9371711399787368,1.361951688098355,5.057918370361817,3.7165688107342327,Feynman81,None,5.360535273488966
4.250601914057729,1.4121065365098837,2.2291791214127805,4.801615416721207,4.473114664731263,0.873451703779226,-0.8587923916953744,Feynman81,None,-0.9369870223077076
3.3468233485531185,1.8957187704594705,2.431048681703785,3.8146406096723187,2.389812391186467,2.959506110183828,3.2709562877083447,Feynman81,None,3.703354169838268
1.6337162943067867,1.1003791504075542,1.8003534653185098,3.3911228439107317,3.0041141745856637,0.3452490402961269,1.4549928917658512,Feynman81,None,-0.772813077919402
4.619302252084519,3.978747035211821,4.880172428426397,4.851381367786571,1.3181423173784608,18.29450707132303,17.371067557561297,Feynman81,None,16.889059958869876
1.516623397440089,4.822160639577055,4.813555457332536,3.36629839168008,2.787416072060606,7.21026406294164,8.666805105628269,Feynman81,None,8.01713116973332
2.064030621438806,3.638421155188194,2.542976209033931,4.6926616343905705,1.033899808614326,7.185653746474296,9.473335185029276,Feynman81,None,6.899892634903555
2.5902999622169887,4.070719279301686,4.7900445391301965,4.423185748886976,4.674051254502781,7.767704424494655,8.803968337026117,Feynman81,None,7.150876362766111
3.6206062480686483,1.5467279798593352,4.373966615949856,3.09168852081329,2.0612109554267852,4.4032696325972935,3.314592383085717,Feynman81,None,4.83946770131529
1.8572928400079225,3.2759286378851646,1.4045221773952918,1.03001080573492,1.149979661572298,6.0792176711241,7.372361093942703,Feynman81,None,5.986185885788437
3.1761093131207057,3.3897909383996288,1.367007581696699,3.464346819776346,3.0794634985396168,4.402968119496804,6.487987600268409,Feynman81,None,5.765800370675521
2.2629177119552737,3.746641819727389,4.161572065211882,4.083060165073919,3.0339120663432078,7.212493291983226,7.945779622684225,Feynman81,None,7.237132720288224
2.253051890060609,4.882414620349838,3.859532818411776,3.4801730609320467,3.6627353074346454,9.912942584033294,9.812044403574474,Feynman81,None,9.57472766451533
2.4618031547133663,2.103617683334445,2.8850276007241424,3.1112581549707508,1.4142857948025087,4.561307637597112,4.970653527188604,Feynman81,None,4.620720257317509
3.1801386908572207,2.5247648771306186,4.333130800137001,2.021958454816496,4.760862065629549,6.529492250991779,7.687030649060382,Feynman81,None,6.439429432554516
2.370873487452654,2.8725722777259635,4.11533124292208,3.4734301640760017,3.1786988274954635,5.378425104142194,4.232282750336295,Feynman81,None,5.642591294868493
2.6372931490796394,1.3777770050670828,4.276234080324601,3.4941556047128057,4.669222602036387,1.2579590385736659,-0.2133297131790508,Feynman81,None,0.94008405377957
4.085880235774741,4.181685105934802,3.8362022756258365,2.311843070970919,2.1744804831795173,17.028162903170234,20.242157204448432,Feynman81,None,16.92949768078703
2.8059903519531404,3.701267287330257,4.066229945753419,3.269038179961661,3.7033541933074665,8.790001418258411,11.562196411116503,Feynman81,None,8.587077908322046
2.4047407021661455,1.7105267221708491,1.5101917459344683,1.3857228952624343,4.90211067256661,1.4929480767542127,5.482164408779212,Feynman81,None,1.0166994092847463
3.844754416055097,3.582178851925744,4.3518111182260455,3.1611388330583043,4.860386160018743,10.572751014622613,11.918067449226026,Feynman81,None,10.570851061150652
3.9554583488992083,3.8988301032964108,2.9698632308324413,1.3121177705640465,1.3628618638010268,15.421586806549334,13.75238155340855,Feynman81,None,16.235559790472614
3.950171673301473,3.185983836371433,4.183330555662717,1.910577630814668,1.4875423223649133,12.583057136512352,12.02261440462367,Feynman81,None,13.423093157416599
1.1155474884835006,3.7507820271976353,3.6470978153908344,3.7477890024570524,1.7535703368856828,4.055945786035105,4.685443987139955,Feynman81,None,5.089287472012398
3.4351533355756243,1.5491277727500914,4.049393459246064,3.7665669370754413,3.1923840197479074,2.5490311331788114,3.525075609949652,Feynman81,None,3.1357236594558984
3.5467279018348,4.4441755049082445,3.565006807122537,3.2569548961682164,3.8620584599681944,13.412825831766202,13.96780338164302,Feynman81,None,12.940614503559313
3.827045190111297,2.122681747186621,3.157419434463655,4.409366026740372,1.726848900223402,5.7395248654761275,3.762448845424122,Feynman81,None,6.071290964581912
4.785041023193951,2.1793391877318165,4.079362714315254,1.8418185578665551,2.3261840557133504,10.104565070470487,11.399164215322498,Feynman81,None,9.929027728464758
2.6704733167232964,3.7501120314917915,2.0903853128331,4.3040136404161675,1.7727531002239862,7.739985618835311,7.212393848122904,Feynman81,None,7.807911173806283
1.7344440259865945,3.866713452434268,2.4082174916462016,3.7286322846035906,3.0899724276382887,4.484106644922695,5.373774878138806,Feynman81,None,5.093143117979627
1.2845466601641387,2.9176222740362885,2.142746054113764,2.28192978459334,1.8288942403547677,3.3909706948207994,5.38625310339278,Feynman81,None,3.953740106000456
3.5704937258450853,1.0006441888766155,4.726923031670381,3.3137744074066933,2.317457872505734,1.958891495679495,1.3479457032022193,Feynman81,None,2.3885214493280857
4.911013549576632,2.2248209602549376,3.653104669312002,3.4064870916594137,2.2091797864047313,8.666549044037701,8.02462340561128,Feynman81,None,9.033686306677774
1.1756290492750292,3.4498559985555746,4.33362961734601,2.3346584314798764,1.7797359415510443,4.049676552631486,5.176428719492306,Feynman81,None,5.423688221141837
2.736674464594603,1.9412729482445163,2.3263059377634185,3.838802982342559,4.334256503865312,1.4075623403626325,3.2466865774744447,Feynman81,None,1.1716344151246374
3.8155229530228256,3.9235366765915383,4.722719355809982,3.471122821585571,1.562520420805051,14.93811060753431,14.593272341495398,Feynman81,None,15.113021983410398
4.6832407579756525,2.7028010443942816,2.5874363184961613,2.2512808322502753,4.815680248263895,7.193862558081184,7.89706888808898,Feynman81,None,7.8868208847756405
2.160244152982238,2.988367927773389,1.6877026620908704,1.870108368071902,4.558084285811264,3.4285516140147525,4.864604116293213,Feynman81,None,3.670832620967881
2.0069260456646485,3.7537645927438446,3.416168982176552,4.842560692309172,1.4656589684942483,7.138023104140338,4.0257277798191575,Feynman81,None,6.96990140556574
4.5244358693410645,1.8378605197957776,2.3749567490453343,3.269189196378404,2.9790448412687547,3.495750385940715,4.543171444884477,Feynman81,None,4.514929585268004
4.992327652894134,3.1650868815920092,1.2714480543897642,3.7797300830068865,4.228916600625416,3.896192809914022,0.7785857336134789,Feynman81,None,5.8757976886661085
3.0201018231794188,2.7805609516283116,3.0565821763948877,3.775940010333943,1.0452454207339654,8.174246214988937,9.852825473750029,Feynman81,None,7.861584828638884
3.0258890401321947,1.5956772863873168,3.703451295446398,1.7225333102083278,1.7991805153516354,4.619841985698127,4.293420405707832,Feynman81,None,4.694739135497417
3.545013639037479,3.8902365375205052,2.286862575812574,1.2922196628927765,1.6377769886116682,13.784785617541464,14.518067677373024,Feynman81,None,13.88462789220765
1.4199461917673974,3.25967997333314,1.5490566877972158,3.3638738753083985,1.2742952740352793,3.8269431996242878,3.9642830329762258,Feynman81,None,4.119572346405938
4.199792193531835,1.985358100367825,4.089920106761905,1.3729239093419312,3.5882745157951774,7.742887520881655,10.383644408273152,Feynman81,None,7.689746462201299
3.361752076645015,2.137808425441074,4.645310180166362,1.0814080631983551,3.7929868856594915,7.074266624990888,8.40799794370845,Feynman81,None,7.131959401357399
1.8329879761673604,4.000192218052044,4.296034338787189,2.4382423629527934,1.790778955737974,7.326712611585797,5.30092198240588,Feynman81,None,8.429349215866877
3.274777400423352,3.0850452790321543,2.7191060201743102,1.7155241273185293,4.661740967568523,7.894219596932629,6.71196190156141,Feynman81,None,7.520829012539233
1.9608447450020505,4.237590622744457,3.2442946479587675,4.985177418909506,2.639938782333116,6.47882780834805,5.6902536380011535,Feynman81,None,6.3826048764249235
2.0682424734507605,1.2601914929981888,2.319736030574237,3.410656377559426,2.4939919940528843,0.862061226316234,-0.13674465102541578,Feynman81,None,0.607026309091311
2.377717561568525,2.809809540234747,3.225435636045732,3.7529932431203545,1.104709693302775,6.514312609514608,5.779485442891637,Feynman81,None,6.513231335231391
4.792661519179958,3.7018547734180625,1.5754244530787158,4.642345953134315,1.4315116873264149,12.511520841924211,11.117420748222226,Feynman81,None,12.071327366901736
1.295124446660247,4.387745070962055,3.7407862113680337,2.8337906033469626,4.440078242502137,4.903458960866462,3.765162989745259,Feynman81,None,5.077485255226465
4.81504339465282,4.253898585173948,3.022619019018726,3.9812798201096022,3.0884707223359094,15.97909954884671,15.212956582974993,Feynman81,None,15.413584603851568
1.6811716432275245,2.682157258241465,4.014038770438269,1.2916705545701075,2.387999033108997,4.500792066584136,6.263904942771223,Feynman81,None,5.146967371423059
4.246654651095232,2.4700082929570373,2.847046752095274,1.7118338341564239,1.8448177032893285,10.247953331039351,7.698677806964376,Feynman81,None,9.8814000892304
1.4727209107500165,1.683069992022327,3.1919763269621324,4.692359661893573,2.281477963615798,1.1490052959920347,0.31727137875135314,Feynman81,None,1.2609019562611812
2.0275795801613223,1.5048176588611346,1.861599912696907,2.640588339426706,3.5503119179032656,0.885526141744914,-0.042664809933314785,Feynman81,None,0.7441892975397472
1.113115236840439,4.011393567405317,2.762059338623703,4.96787030874441,2.4017308406235958,3.25931131135207,4.389909084032855,Feynman81,None,3.411410998153515
1.2203422078136001,2.0605896209843855,2.515164703818649,2.9345503702873073,1.650880109033511,1.9850049043754752,-0.8157507000623949,Feynman81,None,2.519476444211363
1.8082216997862193,1.2401727357054102,1.6713497142946627,3.0784953618693196,3.1258418630641787,0.4756998497508386,-1.0565612257353816,Feynman81,None,-0.2629775583020385
4.253156935936773,4.50805136983812,1.8730536418877994,1.074049000749714,1.9708096998349762,19.160305872704946,19.209016975304543,Feynman81,None,18.00858950099786
3.649989895658683,2.340422505822895,3.6688116375941475,2.116237599807254,3.1365325917938573,7.347169800158576,9.302476625017482,Feynman81,None,7.569771261217396
1.086754987633208,3.624171539875811,4.655942075879816,1.7194749647175738,3.430082123764168,3.912886734648145,2.6999796785147856,Feynman81,None,5.081788733735821
2.083111246197974,1.948164566381167,1.4722361259291699,2.1092792245333944,2.600968659608637,1.9473750445122011,1.723100949640858,Feynman81,None,2.389280414120833
4.2695170516255505,1.2345031757240914,4.251891283750494,4.550379979901602,4.139261609452515,1.4319619235891459,2.0936454122763593,Feynman81,None,1.2054471325506533
2.7491026057835857,3.720184160127678,1.7341570299368474,2.931895082141323,4.584349510431018,4.563676886389473,2.327524438054448,Feynman81,None,5.363114349648846
3.298543826834346,4.573885524817636,2.519668981367677,3.087401890366263,4.306898297783592,10.556424464729004,8.747066989424418,Feynman81,None,10.720222396343713
2.7057577335469034,2.0415941245243245,4.501523637646895,3.492089384245316,2.1879919718230525,4.609884823248522,4.942178702052358,Feynman81,None,4.710259448317159
4.1673966876481074,2.507306197883314,1.2566019604748937,4.299141545865208,2.1464252158419246,3.43516822973866,2.606317782941896,Feynman81,None,4.784077019736502
3.6083428096575325,1.4296611499552037,4.175453584067918,4.681720830076083,1.3975951052246636,3.725859118567613,4.237057307307581,Feynman81,None,3.8059134094927436
2.4556403933325677,3.301034065655095,2.439472008309915,3.2653228208376452,1.3547011426067628,7.691784026329897,8.391920661289605,Feynman81,None,7.585647947909664
4.284354811020889,2.124527545321598,1.3397722048477534,3.2942727745089013,3.605799154165976,2.14031265119688,3.6578849623607317,Feynman81,None,2.9920383059728595
1.6316162836497998,1.8552134722145768,3.9151865136816575,3.422969472303819,2.414921382757439,2.1363547015941338,2.4279667087523507,Feynman81,None,2.574421128583
4.600822806977094,3.3325704040378468,2.495081446843203,2.1287872465078945,2.7555206918594948,13.631872904447548,15.223253154172658,Feynman81,None,12.629563948463453
2.4823986832421303,2.857527053352166,1.138833888431933,1.5360616318887659,2.4103043583618375,5.007309925314328,3.325826590362179,Feynman81,None,4.6172370213765035
1.256534709497584,3.1783678886872666,2.1134113659180316,4.689450126514638,3.0640634598391565,1.7419280182937464,1.8404202993323717,Feynman81,None,1.740047479845495
1.631538519319971,2.278219929229511,3.829010248929433,2.771580681673416,2.0734124842092037,3.376328136953144,4.179139816147526,Feynman81,None,3.824012313736911
2.8244171416209065,2.2012505975243655,1.6108007316593818,2.3343904798887807,1.5500195149252427,4.681844431903567,6.742926670221269,Feynman81,None,4.947829532222547
4.169499575751621,1.5799919723498923,3.646206602873868,4.180658664575253,1.4502405542113666,4.874097652724189,5.089435241634415,Feynman81,None,5.026829820166814
3.6505025030948453,1.3805851112873095,1.4383993968445266,4.605347099842028,4.4728749277823905,0.48435847723339026,-1.5911019172287075,Feynman81,None,-2.3565693984220117
2.500617318824288,4.544466008133976,3.5088670469240952,4.045641525749808,1.1935061033218286,11.33324545376327,14.797838768000677,Feynman81,None,11.412965437079874
4.4977049020135835,2.6455310379028143,2.345605538032904,1.2056510620849719,3.076811898881244,11.088764728935367,8.710550177806475,Feynman81,None,9.895176546270639
3.003556831116549,1.9147606261474825,1.650834714988155,1.0942889878221145,2.2089109558988045,4.967172897197836,6.949983475293649,Feynman81,None,4.67277364572114
2.6601105865031793,1.8065436046434504,1.8642602790565341,3.2666006254815616,3.540534331696007,1.3611309441503747,-0.5464688058139349,Feynman81,None,1.5132119939265969
1.242302456436184,3.1831126855522167,4.311318114758032,4.847885511340497,2.5791765226176415,3.162013091518116,1.9354049006806,Feynman81,None,3.4359827101968134
1.2484667285478968,3.8766867717134295,4.898608758538092,3.396291373335068,4.54687357505982,4.077656101217531,4.418126833096862,Feynman81,None,4.185860904662511
4.337008097806958,3.003309282319056,2.5162025537602877,3.9493890363848982,2.161314332805349,9.235929697151311,6.822772840420816,Feynman81,None,9.659879917048242
2.0971406062906355,1.8230916731874491,3.2059675131605037,3.928894905103169,3.7742415001567533,1.4334892010160805,1.8245567354273269,Feynman81,None,1.6113546021216218
3.025136734424647,2.1249429089664744,3.4095903669250456,1.2747247875145575,3.1715334386873852,6.081004645888888,7.502550234809366,Feynman81,None,5.904888633125686
2.4625991990166107,1.2926071565082977,3.961709501340575,3.5402452219574214,1.3145261450183323,2.5485728641694894,1.689374742614688,Feynman81,None,2.323498737282854
3.5375717096121004,3.2189345097885878,4.947820851848923,2.2603314974513453,3.580117380901113,10.95115402467565,10.37145510894489,Feynman81,None,10.739730352213515
4.528647674225432,2.7674292268183938,4.0832940804575575,2.72577012167022,2.599328594170293,11.541363091776482,9.95225067012486,Feynman81,None,11.093371290654796
4.7508228562886545,2.2679921053157948,3.6951812554519665,1.597632011859551,4.697367464813855,8.689107742688122,8.392702980553212,Feynman81,None,8.390148683143375
1.2390620703125812,4.702857597880955,4.571819517904357,2.4416303700711013,4.747258668858103,5.5486439996086565,7.69783582205366,Feynman81,None,5.734944746230837
1.225911381351532,2.7133913414358712,1.0220484908900067,1.9151016761026072,1.27518432676696,2.7040840510608986,1.1394796155608216,Feynman81,None,2.099047317428496
2.67624559444652,1.3222507226737377,2.891582262767202,1.420394214629526,1.1437720790908652,3.4753095249978316,4.300035109628615,Feynman81,None,3.192883926690852
3.898147368313086,1.599948426777531,1.7058102155915376,4.984592097707603,1.1174878852625207,2.832695042781538,1.7713382018322315,Feynman81,None,2.794214105888075
4.501994117317283,1.6818466618322763,1.3747974524339313,2.2712458607775807,3.7580011815469843,2.002396271724304,3.1508385346784085,Feynman81,None,2.6018027320717025
3.341748239011646,1.7458635716558213,4.317199055688491,2.0791060219293707,2.9892355626739593,4.886208688827357,5.198393547739331,Feynman81,None,5.2186708796729535
3.477291479878593,1.139816381298762,3.110280559359142,3.822746156555956,4.7937305657177856,0.7573388842411127,6.038295663130418,Feynman81,None,-0.3358092671404949
2.9724885204235574,1.4166897623783314,4.385651155528109,3.668219386585326,3.4027778790017256,1.9385924787166933,0.5500401773412842,Feynman81,None,2.1612556131483314
4.472376959038318,2.52261854207375,2.34846297804358,2.584494005242792,1.010725559037493,11.042821730128951,14.275020770803179,Feynman81,None,10.069202963221697
4.577224621607778,2.370017520512269,2.834874203801795,1.113496234465491,1.2839560632537457,10.846305900338807,11.38921491780747,Feynman81,None,10.807202927307477
2.236853280313583,1.8578788779558764,3.082390045468564,4.127234654017807,2.6145424404373205,2.01937493498665,-0.19504081093155357,Feynman81,None,2.4080449090530243
1.529486897082203,3.5173864857483967,3.935684453025794,2.6833335437733847,3.7231877696273368,4.746100598435638,6.225627199264307,Feynman81,None,5.193290140572834
2.1852463659406594,2.2684454292904714,2.348854982026711,2.5990845229947426,1.4947623846160236,4.357454442086647,4.760878521102044,Feynman81,None,4.510281267105161
1.9233751245007338,2.50203630224034,4.024694012450201,2.67915977145724,1.6994849085524035,4.698271576335655,7.61502052868931,Feynman81,None,5.056621747957372
2.043521182719665,2.666628815724993,1.6362122455455013,1.8205847859430548,1.2050368350622236,5.248928405868828,8.722314186246194,Feynman81,None,5.234757289058271
3.275263372419719,3.667828501440754,3.8007484166485694,3.653900896735831,1.1403581106220684,11.983308604536651,12.800896845933968,Feynman81,None,12.002261404737535
2.7071388627611297,2.6218356519078454,3.0794947141347286,4.8546926467595135,2.034611799572376,4.781414627430336,5.628503715071046,Feynman81,None,4.954979950459519
2.452887795609221,1.7850921331719887,2.3357139639227733,3.645127374886732,4.305693008009943,1.1366089779610884,-1.026515680611054,Feynman81,None,0.8148900226712408
4.941059466811019,1.2832932008511038,4.32986843412076,3.482015482301515,4.236515770147692,2.2815065968879122,2.597858703514931,Feynman81,None,3.358465954446389
3.913274980711726,1.373912865011615,4.233816965932407,1.8765639308219693,3.769249847840548,3.636468289201881,6.86852073869633,Feynman81,None,4.315201344391688
2.2319006648860995,1.050462536611291,2.35452019944345,2.899522266670087,1.4853550327580254,1.2156332962408807,0.5729031993870107,Feynman81,None,0.8121934196419488
3.637349552092795,4.033135131983681,2.1863835999121175,2.28379374021295,2.9416200279386744,12.688407382860806,10.785227549908925,Feynman81,None,12.309874066531552
3.8364386384492395,1.8568102603836838,2.144061401513516,3.255976187333197,2.33178264250375,3.4268746887173682,6.155700998835828,Feynman81,None,4.360332836693486
3.6910381094941416,3.2014944115614474,2.483314834202521,2.61541602183913,3.352410160971314,8.503015210973368,8.247078744426481,Feynman81,None,9.047530344973914
4.628520533889519,2.94467675783219,1.6673654508714852,4.961844046534322,1.760654583303459,6.943875116075668,4.59656182835826,Feynman81,None,8.000314364219085
3.8669036045395337,4.420531367704353,1.6830850090001266,4.897789306231994,4.323294383011139,5.770696413024453,5.416624982349349,Feynman81,None,8.06269608378968
3.384238784349443,4.229040163718246,4.118540902523193,4.54896613574256,1.906521047199118,13.80557791983652,17.12616695327976,Feynman81,None,12.97322970373773
1.4701282460382683,3.611943762657864,4.959088600873219,4.666289851411575,4.839760211069027,3.5055774506675252,2.6253248252901895,Feynman81,None,2.945465725822499
2.5359034288861673,3.697214153931186,2.7701816296836284,4.238131181587672,2.396791711037722,7.172908950394666,10.256548385557707,Feynman81,None,7.361143584488418
3.2218146094125615,3.3647884943404494,3.446650226729993,3.470971957779097,4.743105507213813,6.5822221782138675,9.863008947787065,Feynman81,None,7.050687110149668
2.4786863057808723,3.61416666225063,4.392198688611428,2.808482281786379,4.878774909666154,7.350897994657551,6.953892310134778,Feynman81,None,6.984574870719105
2.650873277293608,4.062422028313627,4.288339340325647,1.836355386213047,1.683164707880215,10.768692086291791,8.455887137428139,Feynman81,None,11.75781106073708
2.9786339125557606,3.0965783690560627,4.0158293594865135,3.909360291108538,2.629747781281312,7.71603480606901,7.736490047678235,Feynman81,None,7.700582144330436
2.641105366585585,3.2671842730544727,2.783485373372356,2.3409163145330507,4.6306101382494145,5.913049914940133,3.410648488860638,Feynman81,None,5.975132410437573
3.4978740511982402,2.726597141082298,3.1006834069544085,1.8463255421848874,1.6654874737225995,9.459555358425398,11.078122475199812,Feynman81,None,9.593751422168367
4.9247121174151935,3.698572908271863,1.6938543085256397,1.1916500645166286,3.7088344128573376,16.194008391580702,15.105680196417671,Feynman81,None,13.514159150145748
2.8690986686949635,3.6120105894754553,2.5467149671445295,2.6778710622503517,2.7936376904229254,8.730676761182643,10.533306904473456,Feynman81,None,8.637252844103077
4.108906589144368,4.910818358414371,1.8386707582411108,3.6590080086931476,4.893691526307126,9.392174031839968,11.148830023023761,Feynman81,None,11.903257276058719
3.75017263616819,1.8234754427865738,3.2750334931298197,4.809013138844505,3.6929406927919155,2.2166013415591936,3.5916913350574924,Feynman81,None,2.4923079353509032
2.591096782516284,1.8784191546607896,2.643036158711841,1.745487730066508,2.209258721348173,4.178260737142616,6.7816054873308715,Feynman81,None,4.141734171476724
3.4392264486566324,4.547489378135524,1.5948515016389422,2.259133039068384,1.3605883621465766,15.36318191583965,13.535362255062775,Feynman81,None,14.231041700732549
1.4303954750875576,4.349738505941113,3.962596836964139,2.8001464549805735,4.103784114708967,5.631640966700325,3.9673093555282204,Feynman81,None,5.934832227987875
3.4347538644600517,2.986245164397783,1.5561980665634514,2.237012452813984,2.3202377187645755,7.323743335885497,7.386149253488511,Feynman81,None,7.83565438572735
4.852568147766203,4.55507134967575,1.117086114710239,2.754946231568081,3.74588080707151,10.093812601827711,10.091395398877166,Feynman81,None,12.172460207290827
1.1001599992128477,3.224771832020867,4.044892378974884,2.763978988483467,2.032526071321679,3.4801429148502327,5.080429263462749,Feynman81,None,4.528148552536314
4.201621836008299,4.731219037372606,4.312182317124208,1.9090690377641728,2.589615183545342,19.868446204688887,18.559748763252685,Feynman81,None,20.012341621949247
1.3200700949920998,2.348154619582976,3.889312873120729,1.0268667210643319,3.649956299454562,3.0526770391037568,-0.4103259944321245,Feynman81,None,3.5942349467007193
3.9713677244402357,2.5115677036176507,1.5917588802693272,4.417555621636879,1.8173139348711964,4.593446659554556,4.865709337912977,Feynman81,None,5.703681785522564
1.7386760084031567,4.619630480510285,3.4476166451070758,1.2586570545852345,2.861859329469749,8.029721585069833,6.132436032561599,Feynman81,None,8.952866572623268
1.5960006236778037,4.257976428855674,1.8451877228541393,1.1634644580607212,4.716113989593469,6.062140925247531,3.829577492133403,Feynman81,None,5.092567015256709
1.084965138761956,2.4917268991455024,1.3446197014432246,2.0487336357597483,4.122204638240271,1.0195730239039131,1.4305582124082883,Feynman81,None,0.540619650406618
3.6733376716591812,3.166045751270143,1.6937140581765067,1.8611074661063363,4.382437165349273,6.706662189468041,6.428895262794467,Feynman81,None,7.477245109183953
4.303676684737256,1.60703862741966,1.5139144334787393,1.568274091198123,1.5704869644985262,5.231566958426749,4.4859149952268815,Feynman81,None,5.234205287659625
2.084942735057075,1.4802138905959064,4.021344545892197,1.6606889571604793,2.738999107695955,2.6662190951859785,3.682498241472745,Feynman81,None,2.493056799370202
2.7974730417145244,4.484484304483936,2.3703190488640287,1.131286155475867,3.7199842705339776,12.385701376385008,10.35391830315935,Feynman81,None,11.047179124011688
3.4844015502260826,1.9270323892444625,4.485842476140112,1.5832472675890266,3.9932654379037587,5.895847957458658,6.538565660571446,Feynman81,None,6.048170804143992
3.6445324980425577,4.107043568665826,2.6185687107274815,2.434900886019977,1.9827072313335177,14.624502354768783,10.652042935876882,Feynman81,None,14.052341248789851
2.613368200803528,2.8886571527835305,1.12373618926516,4.367176427361844,2.626023880757824,2.081476709970714,3.983050857410671,Feynman81,None,2.2484191043254733
3.4324444261129763,2.4904484882937403,3.3852714185985935,3.8394886471399707,2.5547619124892056,5.949646494660446,5.401179259796843,Feynman81,None,6.522834276024392
1.2498086304855938,3.167106529472406,2.15576674189911,3.3429372843591425,1.9864756715018537,3.060389233067884,3.8841303858897214,Feynman81,None,3.6811634074141115
1.7104364512992394,3.5712412370829796,4.111789102707122,3.6250175683516566,3.908953844338685,4.742650666189938,4.726577742552409,Feynman81,None,5.126534677895716
4.248149265945454,2.5145487278145766,3.162881982621758,1.0285749336050793,3.134933228010891,10.529348325181166,11.930263335128071,Feynman81,None,9.967225975366913
4.452229748610658,4.389257921448847,4.840220264060051,1.1548489202152696,2.2057084723821996,19.541982465380585,20.30651680361821,Feynman81,None,20.614111988074313
4.391545930629116,3.2449903196899115,2.158462106610069,1.3084869893445035,2.3172778650740162,13.972443952741473,12.34337600163013,Feynman81,None,12.731124450844236
3.6055494796645404,1.9990300756631418,3.104188191369538,3.8667441002887215,1.3709516347306785,5.942357061592421,5.430503242970402,Feynman81,None,5.986458199668848
2.0034189021239426,3.918613570363982,3.7630946666006406,1.8446092236089737,4.445202782507698,7.431699954952993,4.17902600869213,Feynman81,None,7.293148544890097
3.9735452862055376,1.6099202341338055,2.774133630481084,2.902484719155879,1.3963162735431403,5.125432465319343,6.727149970448432,Feynman81,None,5.287649875880783
3.2944197421913213,4.621995821055434,2.654399937549756,4.259664868089239,3.3277619200124966,10.64477399081818,9.876799225605136,Feynman81,None,10.937514486187673
2.7656837507326695,4.789107900676239,3.3675667845441843,1.142379759364808,2.378631788847979,13.24497260737204,10.05639367436034,Feynman81,None,13.711646042602089
2.4584588331257926,4.473887843895723,4.209153883634865,1.6427195701801693,3.161716233692894,10.983280214055991,9.132004308602642,Feynman81,None,11.274893181640879
1.6838205192602986,4.84338176226268,1.976701720862306,1.4492717342786672,2.0853640671339684,8.126532854833865,10.416160815542622,Feynman81,None,8.588797979435697
1.758153449280175,2.6439508690406526,2.1177187575038654,2.692025963737596,3.4503031088822373,2.505761879441046,5.085788814896899,Feynman81,None,3.123760311722041
2.2673285747263026,2.076239854427073,1.1608876414433564,2.4379149461276386,3.2586268355075063,1.3859889444416573,0.5001880293579036,Feynman81,None,1.4894282142811535
3.9362251162655024,4.005099488247442,3.0244305799326887,1.1174528969978752,3.0924760544246674,15.736548653513346,17.73925362665945,Feynman81,None,15.274459711060226
3.2172532617716403,1.5116678755005877,2.8941869951693078,2.552264960884875,2.032825037945533,3.343734018349283,3.3980621993431814,Feynman81,None,3.7867722156157098
2.375739130911019,1.5621682139938913,2.69920584846632,2.814717759122587,1.9938560605567432,2.360190116793974,4.294719086232724,Feynman81,None,2.58297132267065
3.9351168639531626,4.012598818056392,1.1854852498356894,4.241352241959037,1.4649371959746946,10.174476096895736,7.768567754690964,Feynman81,None,10.364807342847373
3.6282448906866516,3.841816489734712,2.04970879596399,1.8903860155791188,2.6094806969175908,12.839470330848977,12.908268043068654,Feynman81,None,12.194469417392293
3.449954400652956,2.6479987824318627,1.8017558481317724,2.349866128374605,4.588411637827464,3.7977109723689573,2.990298565788909,Feynman81,None,4.680212802053424
3.728675347512212,2.304078062052378,2.154778898837654,2.9031423681550295,2.546311978632791,5.0347696129359605,4.51888045418338,Feynman81,None,6.009049025517505
1.6514462218050343,4.657692089523126,1.023371314106456,2.823161456624385,1.0966311246626166,7.015446221414596,6.84405603499224,Feynman81,None,4.923987879486858
3.3101601798397295,2.2444141439411287,3.79808306569454,2.528607577740011,2.0119735042028286,6.9262897192946005,5.821948749548255,Feynman81,None,7.052416208310768
3.7009521570906956,2.67248223103339,3.5674531284751967,2.8065466365164675,1.0295499486681763,9.86383067946551,10.463492636849253,Feynman81,None,10.069174390673775
3.03949790840713,3.9766710609064124,1.6614499472316515,2.235854260659433,1.741083988852132,11.302188992419351,11.923139499936086,Feynman81,None,10.624481151645089
2.40552341443582,4.93581926207262,4.57544320893428,2.9831424671443365,3.043129672733914,11.71036617172397,10.846576000815999,Feynman81,None,11.559214988184088
4.779626025959773,2.150743941628575,2.8779493042305395,2.890516029221347,2.8814219544271533,6.487120171628233,6.874982110143593,Feynman81,None,7.338347148630592
4.238272467185546,2.950792792983273,4.369642314759256,3.1677873683052202,2.444095105546636,11.642540825568945,13.754899017695758,Feynman81,None,11.304079011449037
1.5559099303411843,4.106750691065276,2.1286643193554213,1.8602973438865078,1.9289609375289314,6.292636599234913,3.237061830853027,Feynman81,None,6.829508447889735
4.0495934341231274,3.1735003162217668,3.0664303970692157,3.474474558325331,1.825332173275413,11.709871408851264,10.08268516667799,Feynman81,None,11.260389196850191
4.700580067557665,1.2689537289736244,4.05524060039642,2.131184378150862,3.3984482787973374,3.6444256152257144,3.3630945877629066,Feynman81,None,4.512825433938218
2.8777475445389378,3.1156147147853575,4.1043773114461,3.675153541835772,2.4378877667344483,7.9895859854992946,7.442763562667411,Feynman81,None,7.885454898475946
2.2754346868878814,4.426066509598719,3.87021417105871,3.9080291757213135,1.0433535656330473,10.066706904553115,8.800563631534388,Feynman81,None,10.719396992922356
4.295275413082479,3.7376514777534213,4.805071047344527,4.852166869101161,3.860689359194543,11.939725325697445,10.459841891775563,Feynman81,None,11.759365837970938
1.4071441075534974,1.3265245316643637,2.4356703994162885,4.77965301343768,1.5314628514667468,0.7742760701251442,-1.901280977342465,Feynman81,None,0.43281962334581536
1.5641746929931242,3.6054188676719807,4.128322849542559,3.801484956822545,3.6380023634243237,4.465384205244814,3.513143044755861,Feynman81,None,4.879962927260398
1.2661224842469387,4.013753833581989,1.9096394285436489,1.533682058114099,2.7774125569131893,4.811258368285557,4.216838160408897,Feynman81,None,5.075194798865783
4.868650893907797,1.9452272804055175,3.291078833041082,3.8111107724776923,3.858059788992435,3.881292572262768,1.8871107496005188,Feynman81,None,5.165271068400704
1.4680879623214658,4.672089333741466,1.647228694732577,2.2403377598385443,2.683936734423224,5.874497284066206,6.902780317776342,Feynman81,None,5.930689263764244
2.7818193631720067,2.2143941480677913,3.9276491069924098,4.753365961892859,3.1895233947753328,3.1911982489533735,3.2192384335712125,Feynman81,None,3.456065600328439
4.297356109486758,4.922221630367552,3.572732533697783,1.1642151682248842,3.7204925061626404,21.139956424309908,22.461649614626204,Feynman81,None,20.143816946917898
2.872750504159216,4.48358949985208,2.56404177803454,2.9179978026950337,3.9153875369648268,9.842976797963733,11.43263756887327,Feynman81,None,9.673052654313992
4.746564785778684,2.0558838449089145,2.794275683294276,4.994935707567864,2.437849433112934,4.290069082660212,4.177523638630578,Feynman81,None,5.294173711839305
1.8035831572380903,3.640753250743766,4.8054267049177515,2.9270615811820835,2.776123363071931,6.391645811003982,8.1153263299171,Feynman81,None,6.885661422896678
3.052423304516644,3.3145414307874104,3.2474299802962494,1.274052236225553,2.092551291394056,10.111086457549947,8.250886134347091,Feynman81,None,10.406215089706427
1.4172274637618876,4.636077801336924,4.574502364919778,1.7150271805833497,4.241889907453313,6.531894536364366,10.78838132122925,Feynman81,None,7.278865344753022
1.815801065854456,3.1112124080539805,3.3278468411856363,2.188687507872722,3.421915436788756,4.979850367306905,4.341613311530534,Feynman81,None,5.281731407230225
2.490754803200558,3.307154244957209,1.1396390756515227,2.010668076372387,1.1145964660404148,7.686147210924504,4.3035113768293325,Feynman81,None,6.468065065680558
3.9532649235172275,2.519987020064251,2.940879011602191,2.636028543248205,3.2618852017015443,6.945979006843943,9.631369031762713,Feynman81,None,7.6354334340539065
4.838218045232973,2.729762962043068,2.908588731385238,2.58839647841549,4.746602130102635,7.516648156552329,9.230597147239504,Feynman81,None,8.388654611115028
1.6120200430471154,2.448376536987052,3.484415474876676,4.848418176934919,1.414616185471433,3.341195542961499,3.546527431711973,Feynman81,None,3.5058719553773403
2.4073227398606254,1.8908135034431521,2.4969787173293496,2.492096253292842,4.78080019708861,1.7149280090900725,2.227064113416308,Feynman81,None,1.7138758990280916
1.2198936280071062,1.216965692405073,1.116394827205546,3.7790390468249506,1.6917746539775989,0.3108158377897777,4.635163771748651,Feynman81,None,-0.6444371516125533
3.8518058533849056,4.14802090915344,1.3906553234986152,4.233587371121709,3.6945355360779075,5.6390932684073665,6.978167033224452,Feynman81,None,8.067356063945862
3.812049012309629,3.214982780027042,2.466211582352762,4.669843119609846,1.5889962116685323,9.668549469735035,9.599816059548964,Feynman81,None,9.455387878091944
4.0194595643379945,2.901970916109225,3.481943157602815,3.6683501942863814,3.6577674669849323,7.429834446678824,8.22750452155571,Feynman81,None,8.365872474255488
2.288045575617693,3.5123899179952383,1.305092149335692,2.2387322437699084,1.461429239201916,7.117015777409066,6.106945926807956,Feynman81,None,6.563339423626007
1.4735085230425176,3.9725855876125875,1.498278823192265,4.192680502171871,3.7945065450261253,2.093238399950207,1.1410047911748722,Feynman81,None,1.8402999535022677
4.367748120448121,3.436933121833364,3.2778772143044193,1.0415326529700266,1.639094821721696,15.011602525338049,14.781624302385387,Feynman81,None,15.47594515422622
1.491398170848926,2.0466007363349403,1.325430527532709,2.1628747977737195,4.317057055803556,0.8626101685349075,2.6095881456843633,Feynman81,None,0.4427081990867439
2.010613597685305,2.325532312799199,2.7375392324132277,3.6337511620597596,4.037485697203201,1.9105000071946643,3.0100448439601055,Feynman81,None,2.3077462119128787
2.7908283466861823,4.567915597844895,4.040573036169555,3.3357470547315806,4.394361274585769,10.84654993242248,11.858187343528574,Feynman81,None,10.134463966837396
1.2674644774174872,2.085617829646863,3.2799369525576165,2.351359782873443,4.867295624986678,1.4153564884214163,1.6502376000250651,Feynman81,None,1.4621239664547767
4.383277319478921,2.8730022310997847,2.3729180783279746,4.445543082387205,1.0367333482169045,11.350446041544155,8.656408578405859,Feynman81,None,9.993807695941666
4.26190796192685,1.6225697363212914,1.6479460535920287,3.0284874066819767,4.791925969021195,1.259917003103084,1.843846698230172,Feynman81,None,0.7178606071478526
1.6727197441647093,2.9478832601245344,1.2374889351033591,2.6084254857960247,1.8111185172397382,3.1962790773010634,3.3872715042442354,Feynman81,None,3.3451413395905947
4.9120536272148065,3.1163493247583043,2.7729525013536733,4.675397024339043,2.4080768951100895,9.881033586052343,6.27612989216468,Feynman81,None,10.597130275431914
2.5614721107800085,2.5070482960664853,2.3830351071130846,4.444793149062671,1.2713664739652542,5.0385097240415595,2.8982778205919764,Feynman81,None,5.014537583040119
2.002692785623513,4.212840927879035,4.99763667757383,1.4721336458902443,2.2879457722347927,8.436963370457685,7.1840227741569915,Feynman81,None,9.823184737765047
4.773966321455882,2.0814700985603602,3.034033461123571,2.250859437834856,3.4402537033960363,6.683951683669737,3.5664248173341977,Feynman81,None,7.285413359407672
1.594320708554037,3.201238950034378,4.742519220343074,3.2692991295906078,3.2930930397443268,4.529767812360915,5.044135304410233,Feynman81,None,4.96454635450021
2.2057432777103667,2.645584107649008,4.466939815469313,1.2687673597407105,4.232382317176686,5.694130109228953,4.994881890583356,Feynman81,None,5.642425220047354
4.7696479094727176,2.823092247551759,2.150665076671627,3.9439520981478933,2.2734441386054076,7.939870280285697,7.922880086145054,Feynman81,None,8.939753801213945
3.892053081326148,2.214787408579077,2.83551141163125,1.550595905990741,4.99307368883095,5.7773408959520225,6.526987192640267,Feynman81,None,5.938777573195414
3.3303174786799525,1.550295985831569,4.037606496287994,3.407131364493344,4.522456933893817,1.9891382188019382,1.3391187099639805,Feynman81,None,2.2826220337679257
2.3390082016406946,2.1935279414399105,4.070484708815261,3.618241425821305,2.399275702349262,3.9676214062821895,4.1179679163053144,Feynman81,None,4.245957084843236
2.6488923943196094,1.3551174537667343,2.407576202310532,2.122791073157291,3.9652953673427427,1.3255599421720903,-3.2279676867513083,Feynman81,None,1.2376840288340536
2.0095247683177657,4.0627338736620064,3.271339642642197,4.901027899495507,3.990815276133807,4.826654768717957,4.671607718342271,Feynman81,None,4.907655932971502
4.778061150872849,1.4160979685061421,2.991876140921447,2.4651110270257828,3.0621809262338813,3.4434352838264974,2.9677883173052146,Feynman81,None,4.427013801813084
4.506442012401575,1.965955689141523,4.4463351864777145,1.08993701579575,3.5261072583101516,8.673986888240684,6.293021202493801,Feynman81,None,8.473087367819506
1.0148687931763916,4.32364298866403,4.544891953611757,1.5717554554364077,3.229159187453311,4.384126637507644,2.6244601658496007,Feynman81,None,6.128179379556171
4.7692109723041805,4.443584851156505,3.7781770277215023,1.9532346523975823,3.9302462740874566,20.664922428722228,20.855942098702,Feynman81,None,18.394591091074464
1.111620018564933,2.744566264660904,3.7984858214490695,4.666014407334213,3.6797446972776684,1.6540289107169666,1.193640079462801,Feynman81,None,1.7504178961381351
3.1022159724363516,2.013287915793746,1.9584011893153481,2.797652543443518,1.552299644670252,4.4976390174719,2.411656964936855,Feynman81,None,4.88580766474117
4.461410367817967,1.5753183908337491,2.283463321136954,2.7051235382841345,2.9132384504899176,3.0023633997946617,-0.13306504958558474,Feynman81,None,3.8406728293692836
4.5307470264837,4.303543900842563,3.4844182251116704,1.1943066520978265,1.842177717897004,19.498221850548656,16.4392011576863,Feynman81,None,19.692685332429093
4.91251807441025,1.1864357007932376,1.8887405577548746,4.81431125995484,1.875958540346227,1.4171675471322713,0.8205073849539855,Feynman81,None,1.4526989723102335
2.5967720294884837,1.099757448406896,2.821180040993457,2.283896114133221,4.469860307560657,0.8421658549577887,1.1176357881494285,Feynman81,None,0.23110328539020056
3.9188390727106484,3.379775032773063,1.2491206095956184,2.060562883481806,1.1830403802079554,12.440471330085956,13.408886952841838,Feynman81,None,11.037943605619468
1.8481617897833682,1.6762009476854498,2.255384273689977,1.8965854477489152,1.9403685806649156,2.3941001120299172,2.4722787342734054,Feynman81,None,2.5063955567136253
2.961551100751115,3.8177695040113613,2.077386840931977,1.6162740570306342,1.797447428699373,11.21073294186707,11.136901118998432,Feynman81,None,10.863434131022284
1.3069864069100698,2.8252202103743356,1.9337743493276953,1.6317369347882242,1.4104241990004596,3.6290380489071365,2.714678278170394,Feynman81,None,4.229061671471014
1.08870990170825,3.892374748048847,1.2639638208711141,2.1265669291404827,4.465889693310126,2.0179129691800117,0.3699145033745599,Feynman81,None,0.9885198109642435
3.6125666065013373,2.5043865341506573,2.6757112172900372,3.494649226171393,2.175782628662078,6.397027432188026,5.856018466973722,Feynman81,None,6.962237061604742
2.2207553223583285,4.001990233167835,2.0198352750408985,4.161306582293374,1.9258977489220626,6.800599218656279,7.268499051635059,Feynman81,None,7.119407727267822
1.0509768086710412,4.286842201943055,3.235315097087782,3.8365887726251358,2.7681710259159713,3.88921216132188,4.561767957350956,Feynman81,None,4.59209171200887
2.4209399823537496,4.893960154236849,2.4441467879612286,2.535552726463792,4.5870007305722105,9.161914012436666,8.01609461844607,Feynman81,None,8.653155013771553
4.06531529797684,1.0770972950289126,4.15913015219177,4.16160919592451,2.1824226120231063,2.0001353676422062,3.4483485331450012,Feynman81,None,2.425683599592525
4.674760536762724,1.5063623862509092,3.1372089030725574,1.6630093402757113,2.761602442521422,5.446957136330019,6.603140591617692,Feynman81,None,5.723162637122879
3.7177693740955027,4.278102616010004,3.47199866980621,1.9501899418197013,2.253119589561682,15.868196782532314,15.811002758124795,Feynman81,None,15.965415044169504
1.9209216699216558,3.03596100621594,1.9485918728867975,1.1981140838613733,1.6164585705122305,5.80598021693242,4.717634255404108,Feynman81,None,6.034985681459237
1.0203285540519693,2.143646936795031,3.9571573808825575,3.7861602470316518,3.0970678992120204,1.3539344443982926,3.2006071971279173,Feynman81,None,1.7664901727832243
1.8070943755369013,2.7101323859488216,3.930688753293466,2.903716749903725,1.0241822362822872,4.889890304463655,3.3871416229182447,Feynman81,None,5.573524130305179
1.1859542533005554,2.193134094613786,4.302152218956476,1.605416569813222,2.3222481464399194,2.568206679787281,3.350005764033624,Feynman81,None,3.262303193070455
4.1620863611988685,4.493432593597385,3.209898055442554,4.5468814503151345,1.7440492356413584,17.74308284694509,19.024177224378704,Feynman81,None,16.295913571611475
2.665979415881662,1.8427921266624905,3.4489458644691138,2.672165985411657,2.1392980464425593,3.95336187872171,5.198448605474156,Feynman81,None,4.147166090728692
1.5692799431067517,3.0341195167714607,3.2153130669152024,1.5660534118111302,4.075493683757564,4.33366689696462,7.556025154767209,Feynman81,None,4.530000551169932
3.999877174386206,2.320046029706355,4.354723682405464,4.195963536631678,1.429910545793982,8.661542199391143,9.326360800366407,Feynman81,None,8.311733148613342
1.8600670587576036,1.4503762801813145,3.1249081319536938,2.559012942260719,1.7197656469459663,2.087691080293796,0.08305463884775621,Feynman81,None,2.0560699104153293
2.385735642059008,3.807430574912071,3.1430350227385744,2.8872043727982093,1.4197094712970588,9.030775436404113,10.23078025220529,Feynman81,None,9.289348763809107
2.3103419369910143,4.213468287526775,3.0877539182261557,2.36705361692868,4.53889243376307,8.147457719202707,9.30409299502469,Feynman81,None,7.782183876580986
4.860589335375519,3.2036729717109838,4.758932207354908,4.307862918503334,4.839353790290737,9.714791571922229,12.367843012190768,Feynman81,None,10.148154029523576
1.5284071750718242,2.386428140346777,1.3393885131039722,2.0105037450814387,3.3900145516055797,1.5952770889880923,-0.10139474985696384,Feynman81,None,1.7515381974323825
2.1415765089729772,4.311994285524365,3.759173394292332,4.66085659891511,1.5461215779332877,9.031296085696617,9.193897989440805,Feynman81,None,8.92371365404081
1.6991652714633112,3.714334524508847,4.471046411531789,1.0340879562922045,2.2584849310722444,6.311259820064209,7.7893138707752145,Feynman81,None,7.682498245292121
3.7172256878492456,2.589489963590123,3.087585686596297,3.7655649520161796,4.317731107623217,4.385545785914198,5.987802690196629,Feynman81,None,5.404554744072188
3.164472504235801,1.8127064689541736,3.765401745147818,2.8337957591079856,1.4454592910348212,5.340839502134845,4.85670765393539,Feynman81,None,5.437577447533811
3.3192372203742804,4.394996111599152,2.4783893179802003,2.411881873822315,2.0787826031933045,14.214434909593162,13.651799271752717,Feynman81,None,13.545161243312478
3.859718062826749,1.7112845584324972,3.400412187053712,4.632021594145691,1.9501634799670926,3.749991795456505,3.630197999100919,Feynman81,None,4.2885459501029946
3.265424738181729,3.004666604801014,4.062426100826957,1.8864864877739018,3.3824806037663593,9.392840572926232,9.2825046001285,Feynman81,None,9.209811896648787
2.6297760254870326,1.4776737748931503,1.2992910226801802,1.3970225435094301,1.6781701072132162,2.621019080128519,3.7731634073253693,Feynman81,None,2.5774320259662216
3.526429252925458,3.9938643686095805,2.3070112347743272,3.980412212299904,4.80090199340888,6.309282834969441,7.0116407409584145,Feynman81,None,7.579950491007787
3.222368022755497,1.7216535485694489,3.1889343902175784,1.482860740975135,1.5907430318793523,5.4432349869316,2.6121511124606545,Feynman81,None,5.577125995855306
1.2928500079612966,2.8255805139190286,3.45145972175123,2.2725417688424314,1.6987818717807346,3.6066299737672862,3.3851322304984004,Feynman81,None,4.4300954358025635
2.475364878263437,1.0126029052908487,1.0933362565273654,2.8860664626275123,3.132410797337583,0.3054377720807463,2.4990664852712614,Feynman81,None,-1.2349560786168259
2.607517627503175,2.338801813551425,1.4158174889444424,3.2377097033470537,4.437229805207333,1.381257954777265,0.6641796837229249,Feynman81,None,1.1776652647226367
1.2885324913180125,4.609931628682746,4.502825544292172,4.168092788949384,2.808504912968633,5.607185685191471,4.422729342986129,Feynman81,None,6.17845901493704
3.5540824376138045,4.896737339969032,3.7048048719802,1.4648864177599665,1.8587876956114386,17.40335133900514,18.1246647246744,Feynman81,None,18.51011443271328
4.740844535150545,3.969659399941369,1.5492861810443181,3.0305546527276976,3.012342673339305,11.054600246272035,7.724958616735396,Feynman81,None,12.448797167083065
1.2911456976346942,4.599536507458806,1.705920470327928,4.082732031439566,2.1012634611680108,4.295697273868487,5.587322088183411,Feynman81,None,4.601124882825522
2.6492128542169215,1.7481697157843032,3.104793798643214,2.5358881186958064,4.444353363879204,2.072570382484053,1.4905310248126287,Feynman81,None,2.3257394547985513
1.5183529374029159,1.5386303189013666,3.6836394661079774,3.68849710910987,1.6849537697326236,1.686887886114668,1.5777875778904342,Feynman81,None,1.9226272660849233
3.0865146497677505,2.678813711666235,2.3911029905329424,1.6141687589269247,1.9160799976309812,8.009523255156608,7.566097663746864,Feynman81,None,7.792987898034592
3.5812110329063036,3.864038355996975,3.57223991602161,3.2583166077160253,2.5851669856485366,12.831794119025393,15.779203496462564,Feynman81,None,12.428922534880352
2.4566397716146526,2.4056607724894796,2.4232591183140744,4.4949196144898185,3.144853243183775,2.3078120530676984,5.240941513181404,Feynman81,None,2.720473599582435
2.8256141383649487,4.956884056156002,2.122710521571907,1.3401559049178555,1.7935989445850171,14.00182496292483,12.8866548535887,Feynman81,None,13.846240166121774
2.615586298655016,1.1302853794007697,2.0762797740079257,3.968637314940796,4.0821913693078145,0.4252785560404231,-0.730109556700919,Feynman81,None,-1.3297276128034519
1.0052398066022223,4.285509244043913,1.395664335995062,1.761985934960669,1.45631645981933,4.227312282001867,5.6677886690361285,Feynman81,None,4.656717257482485
1.444689738916452,1.6575128714120004,4.72274924920573,2.1273241875863906,3.865695895100366,1.7735332007999771,3.151538120861316,Feynman81,None,2.0340999089353913
4.032658948713742,3.6549217869389055,2.8330078313374893,4.838488605582545,1.855115059146263,12.070318490293927,11.927029076884555,Feynman81,None,11.644555123617325
3.8569999662779906,2.7699105891990645,2.8499625950330314,1.0228087602220706,2.970669702326409,10.56587529541108,8.921047650062498,Feynman81,None,10.129601497397859
2.4084721350761247,1.4140745694001629,3.585680564490898,3.8233248016667982,2.422530684021979,1.6980984288810466,0.029859780117223567,Feynman81,None,1.8308513524081353
2.4935484570334925,1.3749143304757747,3.899723999814885,3.374924241801751,2.6788500951249268,1.8242300358182064,4.421408442270454,Feynman81,None,1.9608717686452377
4.830461949303295,4.403495844419167,2.734319440935502,3.2145425530878056,3.834594432615497,15.988920818631367,16.184536244588486,Feynman81,None,15.536718572406118
4.262005638473929,4.442137095540254,1.2677438273129722,3.0226137806149684,4.667262226759898,7.180209669971363,8.263858896793268,Feynman81,None,9.867629136042044
1.067494916280943,3.187405205133092,4.143246138754321,4.176267308900524,2.2254364926017693,3.027558739891303,4.87979689150769,Feynman81,None,3.7858793823531403
2.1915437191424476,2.504861644469438,3.116070360920098,2.826932970875049,3.201908829878174,3.828656427536125,5.603647931754439,Feynman81,None,4.31468418582077
2.311410126832781,1.0937660034335153,2.1281090559131077,4.627455971452006,2.168010592070846,0.5762616038702467,-2.711465640797007,Feynman81,None,-0.4668510993277989
2.0462136536922264,3.0206674648512597,2.5342246842123544,4.24743488952581,2.677548702082939,3.6283286634236007,5.295421694266961,Feynman81,None,4.275279141258965
3.816977448368386,2.5441585300454124,4.538206582450889,3.641812550866505,2.3885978241394468,8.434843907893432,8.557397800848715,Feynman81,None,8.490052090187206
4.363131987289828,1.4325825147233062,3.8879510190414415,4.060680790557019,4.6989669913703125,1.7744412920748323,0.7330741154528386,Feynman81,None,1.8464635841814883
1.6442437916229005,3.97386949206193,2.1607735514647084,3.6675816639123644,3.851777630727289,3.5453376534647423,2.8187594240198193,Feynman81,None,4.053808502020895
1.0467464029673241,2.8710064188814983,4.708554298958538,4.155994561000014,2.201735221203649,2.707606771156887,3.1724131305387813,Feynman81,None,3.425195204533579
1.8569715846363088,1.3937332614505702,4.851286300116111,3.216028197851043,2.767255667305194,1.6587961636547317,-1.413171651596457,Feynman81,None,1.5755326099479696
4.7799310838667886,3.059216444527176,1.5195757260789522,2.923981693158097,4.55379401854844,4.907453706271499,4.092623987341924,Feynman81,None,6.771120351009618
4.705496872599591,1.2433944717949768,1.6803695565771934,2.805015513844792,1.0676203671821858,3.527432272141124,3.046855635979604,Feynman81,None,3.7008429299438217
4.744944029677328,2.557095439287181,2.6724316184353047,4.229421343643755,4.700068623251297,4.014163149509905,3.290127288292859,Feynman81,None,5.152826339627594
1.283406652698603,1.755924340072121,4.666647516123793,1.9194542240186312,4.406180336426532,1.6861454071115072,-0.9497175651772947,Feynman81,None,1.9661296313864738
1.1414552960333957,4.729345895490377,1.6056452593793247,1.7850915806562817,3.56038956346823,4.491737243513158,7.137462670592194,Feynman81,None,4.269750580966028
1.7073112198965714,1.2602149778897673,2.573503588730923,1.1431446506932308,1.2659866464363216,2.103450149417401,1.8044242978629905,Feynman81,None,1.5893096128057072
4.551122142278672,4.735128167971625,4.417549034404166,4.806279317435589,1.1826130784012228,21.52275006345439,21.028928460112567,Feynman81,None,20.049826914695412
1.0181164863885583,4.6516298631125785,3.5434538560495654,2.842822342716938,3.1060736719132715,4.51469854099211,4.0954942825256815,Feynman81,None,5.5086393568785414
4.555773674418305,2.832298870973158,1.0205274109847635,4.973436464934128,2.2554079254681096,3.253248210055958,3.0699965258292825,Feynman81,None,4.519107068370657
4.073436196721833,1.1672509877593287,4.028984649840483,4.551545066153999,1.5426208239612365,2.780775359219229,2.958435823123395,Feynman81,None,3.047042039256484
3.814401700772696,3.5200529482479035,3.16825201773954,1.1853916264463633,3.5337602812153137,13.296764460195666,15.061769964562464,Feynman81,None,12.678395592723302
2.005222083587096,1.1397721323476184,2.4099240515500537,4.786594385067136,3.1385334379967023,0.4132819429243447,1.7066670092849252,Feynman81,None,-1.1854861194616402
1.9856771456244795,1.8822321085111389,3.55897318584378,3.366447427313368,3.2259237502746743,2.051604320653438,1.7620900035159066,Feynman81,None,2.510549224159452
2.150583441000099,3.131739557521961,1.4855720225932538,2.2144002974291337,2.4141926547426693,4.724707037753933,1.8356481380953213,Feynman81,None,5.094531562794882
3.514120984043985,4.1941612596558375,3.2523954847958048,2.354581779808067,1.3099395672693923,14.73454432113106,12.894366966472393,Feynman81,None,15.217735333934383
3.2114467226655936,3.880490830248264,2.4540402469182228,1.5009468777368355,2.770352785517654,12.209076929109914,13.5174998228673,Feynman81,None,11.492519902853509
2.0264359826812544,2.4187945787417298,4.523768917658258,4.643513565256076,3.126247743691713,3.124152653418981,2.6433324725290412,Feynman81,None,3.2778530404998634
1.3245262783052287,1.3525013874541383,4.2673952226186245,4.035812151047994,4.539126492067885,0.5464487565144648,4.72293379097432,Feynman81,None,-0.1650563207700669
3.6431877603518625,1.3022150937358958,4.579787780291049,3.75442369438395,4.019370295836264,1.7830754579072188,3.334608570527819,Feynman81,None,2.021670517997444
1.3882988582110114,4.569086960972477,1.3909267003865549,3.2897011037465163,2.6723359125908765,3.9246410207469973,4.253865710780931,Feynman81,None,3.940632646821287
1.444343696032648,4.411099614293525,1.6512884067849507,1.2164132808647752,2.5019281553694914,6.265761786379037,7.680121603897459,Feynman81,None,6.226079744721942
1.3516950629697995,1.71066465889275,3.7980212551683312,3.8017646208530556,2.5848744187082815,1.3391108217591836,1.9847315835039874,Feynman81,None,1.7357003963982416
4.281617452672024,1.4408187177769323,1.4579515543774337,2.5537443564438327,4.744999136915057,1.058853352682269,-2.5454960080505744,Feynman81,None,0.3866463928648918
4.8305105110988595,1.982877752039963,1.4029706407101012,4.691921179592914,3.7999872175153326,1.4825048606352145,-0.014823666417202563,Feynman81,None,1.0410888312425266
2.741306853912434,2.666201109809876,4.927113908778338,3.059695006570288,2.4825405140653527,6.862977877205743,7.0622919299981595,Feynman81,None,6.807907577574818
4.400197620328509,2.9153469911784344,2.9577058233178244,4.7565929117718735,4.461465628181348,4.943262715250073,4.526083871411636,Feynman81,None,6.254375335900413
1.5799068597974335,3.779815757584853,1.1496270636211317,4.923771601122356,3.1384690422710575,1.6363406511038958,5.471461369695989,Feynman81,None,0.29194233912157996
1.6561212060841193,4.708854967801242,4.642013103085905,4.554755921839757,2.114454225088564,7.633605737096971,8.911312219992569,Feynman81,None,8.0265392434622
3.4602704508358704,3.262246809765337,2.8878206394933423,2.477962277970628,4.607657691711052,7.651652532710164,8.515910927947932,Feynman81,None,8.002971583937397
3.480339281611203,4.867780958690036,2.5406163758696634,2.7778582792179773,3.418896394018113,14.608438010868735,14.788620687814634,Feynman81,None,13.876141147968209
2.420470705916977,2.756018414640715,4.894922258863291,2.279001184214576,3.833466164113529,6.089272198044573,5.2538228555699735,Feynman81,None,6.005753562938121
3.463104236188431,2.5478296920257426,1.4440746003054938,4.605326744258678,2.3080397904591643,2.937760218760222,3.9840259304592056,Feynman81,None,3.8901334280450786
1.55197176591017,3.4816698086197864,4.416185658543084,3.631231049512671,4.818094053431304,3.813938780207851,3.908021405456472,Feynman81,None,3.855844307984641
2.0035193989330935,4.3259553361871035,3.9557660442931257,1.6222024015046768,4.77060510736745,8.46151219221823,11.135715423237121,Feynman81,None,8.150317104544245
3.695841219298924,3.8841456407880743,4.227810074298558,3.6263689459152078,1.1453779301301745,14.344621137275805,14.693863661559755,Feynman81,None,14.574333827296526
2.774647163735957,2.8050330582059315,1.9945474356122266,2.4349017064610603,3.455200685138345,4.52725923963197,6.427018671960509,Feynman81,None,5.204589514365779
2.668012554111636,3.480498548307749,3.5821649559089734,4.308347375590437,4.526667835317711,5.241172124239108,6.386853674950936,Feynman81,None,5.532671337265548
3.923424546391733,3.3328588022449415,4.64920332035393,2.5656706762585926,1.1107098052332929,13.075725029494981,13.941682133084123,Feynman81,None,14.058894722190052
3.995894814517054,2.040917480915513,1.7028746135885675,3.2951501016151807,1.4335915526631298,5.109674220969971,6.073216988382631,Feynman81,None,5.638121405388785
2.344360842617568,1.7905387277049258,1.6145232596233758,2.4582726665356756,2.683920957993377,1.7299196231489151,-1.5877743689897026,Feynman81,None,2.2007095143857174
1.5237199117681377,1.2951015286337197,1.0907567898845167,1.816753483952553,2.032749917116047,0.7200679270990274,-0.722973205806117,Feynman81,None,0.3113569108710338
2.173920566572135,2.529406831352304,1.3572037465402937,4.837277244064682,2.639149204356785,1.4439971975324162,-0.12841718758046317,Feynman81,None,1.2484324971532519
1.5202374964600542,4.332834014960026,1.1016578032065918,3.246969855237657,4.208972260070443,2.2114338558555335,1.164982304884712,Feynman81,None,0.9111889250308624
2.8882976324125265,1.7615114004868544,1.9103511595539509,1.8784045916527368,1.5184090002571202,4.209615809512968,5.714870124043856,Feynman81,None,4.278367562725643
3.5331928618018686,1.1986389610075858,1.5376575287554712,4.4777059414425775,2.612215886126367,0.6618588187895754,-0.5596767963317254,Feynman81,None,-0.3959502615022122
2.1990093592206192,1.1491337878892685,3.41877858925002,2.5664377818837423,3.6873604808340903,0.9926610478478575,4.852516928570546,Feynman81,None,0.6728476660356
1.4748777279990617,4.411566741838346,1.9618888758175306,2.60071209670928,3.358841389792361,4.930009198938027,8.176422245435523,Feynman81,None,5.232535864566733
1.5627247239567703,1.6960639046256776,3.1523269872738062,4.532034453669196,2.3476222470304755,1.230076348959999,2.0485375845786606,Feynman81,None,1.4183899921140466
4.6129729837141245,4.157695406600288,2.032418718231411,1.6250268623716124,1.416075974880017,19.154562011441236,17.41777191098844,Feynman81,None,17.715627685021857
4.881412085738134,4.1496172268444536,3.806582770202234,1.3619718379830243,2.974883894813159,20.2393517509959,20.71294108814505,Feynman81,None,19.09782423960858
4.1049753850993635,1.164880702873928,2.0417174633534976,2.9294210225115562,1.367104845521823,2.5471502269510617,2.543547649595238,Feynman81,None,2.901634064305704
1.494108866108268,2.3335936463496028,3.3459453286976633,1.648391829951465,1.3944144326925882,3.4788378263238484,2.687186910185433,Feynman81,None,4.116837591694834
3.037180224014249,3.5978016662509935,1.2671206361091625,3.5821797559447393,4.2609762542021645,3.169966888078839,4.31484063836144,Feynman81,None,3.9032273535063533
1.156041483511867,1.4300073324836684,4.89756145727579,1.9189912196218617,3.450047181369997,1.2974497322357197,1.7051242608349053,Feynman81,None,1.33331479915752
4.1326041073319395,1.514613641480886,1.1268560929100153,2.956284462848952,3.0473905803727357,1.1718415554293957,-0.6866859461784134,Feynman81,None,1.285486578433802
2.3170445272434375,4.594559559631309,1.2437632965368333,3.631271222529559,2.3220432252333594,6.281420993376138,6.706486649644579,Feynman81,None,6.505708385183399
3.321179993367157,1.885939879579999,1.754533024531908,3.8989885104751596,4.954894163579008,1.0624420996406034,1.162453458305409,Feynman81,None,-0.17250249755120264
1.5026953534840821,3.569784816514558,2.5694541906434196,4.567915765356593,4.543364811387562,2.2276397033636464,1.1506336825877472,Feynman81,None,1.8981813846192557
2.051497414819236,1.9779184985615355,4.870882145591828,4.634169736180087,3.8574769045729926,1.9971383748195273,-1.592587656810115,Feynman81,None,1.847673187418203
2.51031958666243,1.8259114898381354,2.407824131912762,4.254529520586447,4.176287169808484,1.1115593323659694,1.430836672591434,Feynman81,None,0.5840562025494088
1.457088180391131,1.876857618759375,1.0277782734727348,3.588997024535953,1.2969172837226743,1.072630619685059,-0.37973488555075274,Feynman81,None,0.8690448585506947
4.791660482343515,2.883416057051321,1.3636918695309217,4.372576755701875,4.133403162860879,2.959336493167838,2.7758629778505677,Feynman81,None,4.20677199421168
2.1970242681029197,1.9473748901748804,1.2492116657358268,1.2930527385582478,2.9254319132221562,2.425901704466269,2.5938724699406954,Feynman81,None,2.3600646639584886
1.9625237908751867,2.446808300843088,2.504993979617292,1.295665999602913,3.084752929454288,4.374679661197627,4.301718735219132,Feynman81,None,4.305302227876128
1.1725434867370463,4.02298330347392,3.641785962500795,1.1457042135616438,1.9924389576368013,4.717097748981899,3.3582592594944103,Feynman81,None,6.448446984059032
2.8146439347052046,4.538883021714214,3.3220785397495636,2.9868363456884865,1.568089397746582,12.734567510681986,13.344341170746223,Feynman81,None,12.75556823061027
2.886317731889423,2.4759175954827164,1.3491435678101436,4.9564831935152895,3.2911042421529393,1.4432702203061256,-1.6139714054656424,Feynman81,None,0.928180640065752
1.9102514362472753,2.7271580321374462,1.7383410130992085,4.378139779897478,3.4866602619377587,1.567799648002615,0.6428498714554843,Feynman81,None,1.699723823443844
4.945749606152056,4.753213797988803,2.7004115612183415,3.0161921414726804,1.9840449427210638,22.872433363503927,23.84676333920388,Feynman81,None,20.24593050692703
3.740611467859386,1.9699853430058734,4.031227148441738,1.3165979822889953,1.5672596354384716,7.362260766738441,6.170133819821055,Feynman81,None,8.079722759877681
1.4495639606072523,3.4462975227204184,3.105917043666035,2.6409003563311533,4.632929325072526,3.516079701613447,4.424819596872647,Feynman81,None,3.6927276914882348
2.986635127555262,1.1209666459962242,2.1912534960722763,2.037518997518258,3.0204094784064828,1.2695541607811083,3.290217038589609,Feynman81,None,1.2950698407443872
1.542444110946664,2.703341584729629,1.6360436385148178,3.1434101913808172,3.1917005252221475,1.727668195379683,0.08483123708416862,Feynman81,None,2.183387751827217
1.176648770037985,1.6578482193530477,3.749223481627064,4.509964952407039,3.976052646298201,0.6503254365560506,3.3698290354807012,Feynman81,None,0.24496751841010028
1.6494220474466945,2.6624229799750023,2.233578600852819,4.105613036799865,1.0656869664724047,3.847788296783636,8.02984107750741,Feynman81,None,4.1533988605394505
4.489984904067115,4.409388097833441,3.454857679984515,4.841170589120231,3.076258447333132,15.265256710950228,16.912804988678392,Feynman81,None,14.9265686868378
4.17826269689022,3.287622173726861,4.284325349278275,3.397066975417409,3.8705300428465366,10.85092222466811,10.455086908092493,Feynman81,None,10.949790746768922
1.560069454832751,3.791753077301636,4.616215359838569,2.829967023953233,2.4988140725140693,5.832218729970558,3.105093734679998,Feynman81,None,6.644793242170139
3.8240436847900514,1.4281395195712276,2.3448652478995746,3.34641888715196,4.730482304618006,1.1383732414062295,2.13161539462163,Feynman81,None,0.5132006504546655
2.7985226224774262,2.7163141584608623,1.1651910290563245,2.441230473225206,4.969149586261349,1.93951955930104,3.0970805796857404,Feynman81,None,1.6008137884387919
1.1716966180336272,3.1397732135517953,2.435911006316151,3.50210278764247,2.0146935114986366,2.923484216315857,3.7914357655331736,Feynman81,None,3.561503108429294
1.008307020185487,1.728567153433005,1.62189720784417,2.0610601479834774,4.950705616081775,0.4671869682892361,-3.1367680454280604,Feynman81,None,-0.7906251930894503
4.402096969641949,2.4634251683913084,2.1054363753554624,1.0507608500837793,4.898779677256398,8.293336114174782,8.4687098262177,Feynman81,None,7.262898365507117
3.474650775078915,3.0291546934215883,2.669081835511261,4.197488512820915,4.846356340795953,3.9760393617021643,5.948769453489288,Feynman81,None,4.6721207009221715
2.864321575336464,4.242683335669779,3.5640901329973556,1.452479995657511,1.9724883588844797,12.151776540420943,9.072045119551744,Feynman81,None,12.818706051757527
4.568590114121661,4.693707496764185,1.5879507849673895,1.4404076909970431,1.5834125446119165,21.381509369817373,24.69958492923652,Feynman81,None,19.047309124240016
4.419195495950481,1.2559862882037889,2.1128059807221167,2.190839116620586,2.795253072457398,2.265113810001409,2.0278244515778043,Feynman81,None,2.847554902694537
3.4977700946691392,2.128504230952492,4.92342554382277,1.2471675318217552,4.262317883331445,7.161728608416394,6.116430813003621,Feynman81,None,7.122781863009145
4.095622883961484,4.062561348324027,1.712381135732751,2.1001885982366453,1.4406764038312048,16.307019835001345,14.895993738984048,Feynman81,None,15.080381787273135
4.250424990614031,2.441851985677398,3.082174671399451,1.3858756416762228,2.989378747736975,9.844430130458822,11.369592122111465,Feynman81,None,9.359354641372107
4.287251005209475,4.961635190683621,4.300829698311627,1.9736747931889735,1.112651650965831,21.271775304372362,20.923988951509344,Feynman81,None,22.719818943757694
3.4114100416351687,2.076256556919712,1.1925019217531307,3.524859153642875,1.802814461232075,2.6280431006290197,2.4413560591931085,Feynman81,None,3.4874041784612695
4.825752344975593,3.497577157517202,4.856881630927459,3.932473684239759,3.656726595399157,13.97309578554309,13.888917347292308,Feynman81,None,13.26459285056841
2.0431122228692087,2.5381772779215557,4.836474485034542,2.8613466682736477,1.702631457172901,5.119038604269164,5.865694099628042,Feynman81,None,5.463658394325064
3.4051775271691076,4.719214791375144,1.4667361786744597,1.462872106221155,2.8276037582347233,14.976992903454908,16.66621674596048,Feynman81,None,13.214756800635644
2.6655768305295724,2.803492910054437,4.515420235029019,3.074413558653521,2.0063819036011896,7.230328030238369,6.5048171922937845,Feynman81,None,7.256310917977315
3.0221790820572405,2.806266347896252,2.1172191958736306,1.9733762960597137,3.9104423496289753,5.4863560698139535,6.13102805464121,Feynman81,None,5.833535864850643
3.575652305058325,2.9151006765924095,4.922461539968332,1.1996166399976564,3.151486542574462,10.412866296761713,11.339229917872899,Feynman81,None,10.975962604800328
2.73460205036819,3.4512475798667834,1.3291336337075559,4.766597077672502,3.0800093740464343,2.856504960926801,1.1006806177719304,Feynman81,None,3.354096229342
2.4689320951967604,3.31950062863171,4.456500386411403,3.4275832574619307,2.8570443427567223,7.433863283419082,6.8055783750254815,Feynman81,None,7.390479155666173
2.9516293669996614,2.48183051143561,1.661633104531719,4.046322890657856,2.744971297199353,2.6013845344495783,4.62170043764964,Feynman81,None,3.43984184920036
3.618364453691193,4.430761047816656,1.6908030406682686,1.9594900442270728,4.494554014156489,11.084591066310136,14.899413544532047,Feynman81,None,11.22555327369575
3.2795803303674655,1.425877812626545,1.3893695804143253,1.2033170940828568,3.4465268820911628,2.0780681648877297,0.869638031279865,Feynman81,None,2.240766060357486
3.168718500576709,3.829209717381778,2.792457875060328,1.8473707016801253,3.1516004063888614,11.532658703483985,11.864892810968051,Feynman81,None,10.849353431352005
2.6293633928922655,4.941032738760744,4.398586025772612,2.5283848821186576,4.483580053678126,12.442014200334645,11.959707844290017,Feynman81,None,11.401330710632418
3.3012253163536,1.186237933078476,3.5172780627854765,3.79425018240112,4.229479467965629,0.9958142138646924,1.8590230942387587,Feynman81,None,0.5928919970441842
2.1071935424124497,2.737698449697174,1.0112568641881436,4.429272088616941,1.6815993766351274,2.0507001982970183,2.4621261579833678,Feynman81,None,1.7590513264521688
2.650390762183341,1.5528566418710792,3.3070894363320202,1.8123468942977796,4.54577922424339,2.2778291046075743,0.039835759673219506,Feynman81,None,2.3636098857986148
2.3939727732727616,2.4005036098616475,2.6757178162015833,4.805440071407926,4.5312826972172235,1.6476439095371322,1.2226743192078624,Feynman81,None,1.118912069732765
1.7096752241244086,1.2994049966186587,1.514481987900302,4.9416519368041065,1.1785549582155261,0.72334065029129,-0.8506440941405082,Feynman81,None,-0.05448313810738022
3.2628999898441986,4.300843023933798,1.0931639725295614,4.344550050604829,3.8172429689338925,3.8750776682122865,4.535018131292739,Feynman81,None,4.717263440363605
4.524160249188911,3.214957218245778,2.090987081249484,1.5732379239239664,3.083690015123919,12.831811724507375,14.302383864691759,Feynman81,None,11.682445533466984
4.410960587075579,2.8372401459266774,1.6821553574473795,2.8042930576750282,1.8273932500422503,9.151142071482738,10.387558240437873,Feynman81,None,9.359866136887732
3.9422090927715843,1.2153452696341307,1.5438091893112897,4.562707042577422,4.667681547290098,0.42100502429815984,-0.2973858766291467,Feynman81,None,-2.8321533782985235
2.8396889549640685,4.6386090958582145,4.949087371336333,4.810849468016881,2.825449645381522,12.302930557677795,10.615831587367468,Feynman81,None,11.115975570524743
4.1581847652994774,4.262627249889816,1.2678344287550685,3.191016251742384,1.1483292136858219,15.961111856244205,16.189185799022514,Feynman81,None,13.894006199694532
1.8063498339022601,4.113041193634459,3.951875941101964,3.4264408165358913,2.4416230577463818,7.130633632301098,6.960682600756561,Feynman81,None,7.579220725694452
4.899853110783737,2.7305041244792814,1.0527016103696236,2.4903015025525588,2.4214885571717555,5.934542952321734,3.4779033670948576,Feynman81,None,7.469869559204264
4.12572167438181,1.5491014204338573,1.298464453775655,1.1325496807051079,4.712537957909161,2.3007596701766238,0.9971503411259928,Feynman81,None,2.245267195758382
1.158285060107429,2.2678512492405996,1.277196342343085,1.0392398244783068,2.9789856204659033,1.9259620301635536,3.4811613999924345,Feynman81,None,1.640532351281927
4.364434822527518,2.5224080662314217,2.287698478118718,1.6237618898269481,3.752028599062682,8.130027858382235,4.472603514749116,Feynman81,None,8.093854397343053
4.704613756134378,3.455045414308294,1.6238214928467478,2.9713182528261624,2.287777478026548,11.020037291932114,10.435443658738585,Feynman81,None,11.531157922678391
3.476702617772464,4.718254315598311,1.1321777746222166,2.8922741548953677,2.399924279564784,10.608290110506902,9.902159119433845,Feynman81,None,10.781215954015082
2.431280355414942,1.2792185257218307,3.4591782166272003,3.2245616616812542,3.1762262134294144,1.2659334809542566,2.908579944794408,Feynman81,None,1.238913135813171
2.469012838003295,1.48282199979605,4.022337161709189,1.1882333733551063,3.88274208372418,3.1480203681139978,3.616603936502044,Feynman81,None,2.9051154307444294
4.428193478721988,2.618018479402902,2.2613536512205688,2.6414107396637565,1.1188244870665502,11.178744960578541,15.742105099438746,Feynman81,None,10.180231941607962
4.992230905582259,3.4658416715145646,3.720522861085225,3.0082049320161146,1.577172426351778,17.152124451812714,16.674360926082898,Feynman81,None,16.25548076083224
4.400960815288318,3.066768049391512,4.148808329856795,2.8508784768500575,3.9407684903979696,10.957706982967432,8.708029641140648,Feynman81,None,10.88754106314371
1.4194265018695842,4.793442109782275,3.4337952887183603,1.0915300929927088,3.1884743387018806,6.80287736759509,7.742507226406881,Feynman81,None,7.899166695580598
4.834477424123964,4.703464727969601,2.2931073688308126,2.1361601830468473,2.44784483277311,22.01561675393261,24.964072654929126,Feynman81,None,19.325878276368414
1.8778926303247752,4.964326687445901,4.46220029642384,4.393970765132568,4.28430807815283,7.704214177780423,8.529396337087617,Feynman81,None,7.2921445330341825
4.365222061999881,4.25014315593968,1.8917294866890497,4.072713123683808,2.78547615261847,11.314961600862665,9.41279179932136,Feynman81,None,12.82975584740355
1.2014207631752414,2.5050427257920624,1.9820051803419059,2.032384518913921,1.5091712013601435,2.7822053008060252,1.8540361108302146,Feynman81,None,3.3369471132538866
1.9190579610476153,2.6764436320274165,3.7881842642041685,2.1850520391705808,3.430789995546258,4.492365748434768,2.591075798897103,Feynman81,None,4.796579852848858
1.0494287155565303,3.646550067991106,4.222974958769347,2.4463719472926937,2.2647626549055,3.797416909558611,3.8076730702797157,Feynman81,None,5.1271705128783625
3.430812320134325,3.112274248885389,3.526810484282304,2.5385104946059984,3.401706208137758,9.119752829139875,7.412168868205055,Feynman81,None,9.122322719992898
3.1005134113457076,1.6614700366736739,1.4059513145386848,4.785146642550853,1.2461779167420248,1.9207094511908511,2.751563782920453,Feynman81,None,1.9610166038592567
3.3440758350697894,3.702182618022991,4.961595978520339,4.769705261051333,3.071895851444989,10.514754442142348,9.412147649334097,Feynman81,None,9.855581875538553
3.930136253886879,1.3194592187043117,3.2257639604566783,3.2456975585478305,4.336490618882391,1.522029009720804,1.1654345099991632,Feynman81,None,1.7229054039275782
3.5941402152907305,2.735929571263239,4.4593780124469315,3.222722978291009,1.8455321847917783,9.513534385777593,7.200228887679854,Feynman81,None,9.50250115009867
3.9525881119042907,1.8962627821936335,2.60268184537685,4.058792410750806,2.8252070215972167,3.040448785652853,3.07919649389496,Feynman81,None,3.9076859508150275
3.645137045432168,3.465571451441536,4.247921938013517,4.887553150303971,3.2087233279068483,9.280140225168871,7.958846311264924,Feynman81,None,9.347051462271919
2.009263615104472,2.82747932441099,4.4835595625768505,2.687906861992947,3.4751028141279128,4.975209292813722,5.603876336814373,Feynman81,None,5.236815051221562
2.047597864114656,2.367096866998652,4.162299252658966,4.521261359727376,1.4413415130105185,4.397439576368132,5.360655553304766,Feynman81,None,4.4014610085466455
2.803386792018916,4.105349922599939,4.873732551616397,4.5149986396079544,4.106375032159528,9.12535284133113,10.39805288909548,Feynman81,None,8.414417902711861
2.2152322333831926,4.924485686880246,4.031778873520198,2.2106658799070997,3.148968955589666,10.836426613782002,9.641460165484306,Feynman81,None,11.025454887700025
1.301631105687374,1.8519766124665318,2.045244952500705,3.868017504532579,3.99960195760981,0.5786827243393721,2.891804463822519,Feynman81,None,-0.06282922282414935
2.9401722068422145,4.159848193070983,2.232992380207752,1.6738149886421212,2.283491840949621,12.042648543432572,9.063900480673164,Feynman81,None,11.463701927500452
4.042273633254525,2.4007140442283856,1.5645807557119933,1.7007144984167741,1.1384416600507614,9.311628262487984,10.067906044576137,Feynman81,None,8.61944662685057
2.4544822771617154,3.73387580569211,2.136816653776041,2.855540900933381,2.520484034944647,7.364309351426083,7.477223827167155,Feynman81,None,7.591230020308834
3.289867257808018,1.3817794833355448,3.0706938906170036,2.849994493783418,2.5256231719757114,2.407108193634557,3.5171456766332203,Feynman81,None,2.988956540572358
1.3702111487986457,1.800902577209492,3.9950266022726195,4.362472083908063,1.4704153130483104,1.9941404195179964,4.582988516135093,Feynman81,None,2.3571200689624154
1.6960381934634747,4.605038390455344,2.715431088923982,1.082705427870851,3.2147027989059604,7.798496273729503,9.884252979531153,Feynman81,None,8.137546630331316
3.8421356672873768,2.921694062795071,3.5030440986762463,4.286674155382933,1.492802144172777,10.345220682800834,10.36496260953555,Feynman81,None,9.848349198046613
3.0088066912317015,1.1147897246472511,2.356571591341926,1.5319546662404018,4.235124710867937,1.2884929299940546,0.8670468883815008,Feynman81,None,1.0249969641904537
3.238118357044993,2.1206442397243404,4.704527753289444,2.7935276247302694,2.4215737571958624,6.183566573645476,8.755099765060452,Feynman81,None,6.334171729953986
3.9327987893528364,2.286846979621082,4.6540622273288035,2.53397215571959,3.715751884916421,7.295210797225306,9.150116825204291,Feynman81,None,7.627961938275728
2.231770429646674,4.667290564148221,2.901589111461195,2.1166795910160885,1.85302266273075,10.395462216936473,9.96673314026905,Feynman81,None,10.845943950832291
1.3977247442564176,3.589928386229933,3.5223005884193115,2.2360757520122294,3.154375054287864,4.747009269446518,4.680080761293219,Feynman81,None,5.305806943281964
4.728202894695624,1.0895345031166555,2.9321142185635103,4.837113156513455,4.098659344484331,0.8229902471478759,-0.922522263412671,Feynman81,None,-0.4585854449682232
4.932024286891568,2.629557258828974,1.547457790615534,2.649349405057609,2.0098662201245916,8.345990346682482,6.607843229020349,Feynman81,None,9.05443824381676
4.272862658888542,4.523620353728442,4.450939385267812,4.2045927694785625,2.4805634873252087,18.531911741602208,16.150269218847285,Feynman81,None,17.207000713599218
1.42142218391833,4.721695163010242,1.568831589035264,4.115667988631771,2.79447756796761,3.8098938449706106,6.960724508447029,Feynman81,None,4.016582159335131
1.2164288037179265,4.325163777464855,2.7037975097456117,3.669471260712683,2.882797830807375,4.221978439768529,3.04663587323573,Feynman81,None,4.681751499412651
2.3809601741656232,3.8485533653779327,2.568930754600735,4.246681520508616,1.709787349721457,8.034063453679742,6.8754134505699005,Feynman81,None,7.899163436845137
2.397604307569389,2.937445956711746,4.141424640798988,1.196522377204308,3.3631422707737233,7.009573791035497,7.584546682334854,Feynman81,None,7.10359163818252
1.223721225606416,1.8355699097735516,4.566092379714869,2.6312368185642416,3.0020792949532282,1.7656755500173829,1.6937149364604722,Feynman81,None,2.1833648154445138
3.0117107202737974,3.1133932421347486,3.189523651084785,1.9579458621280321,4.463350225519029,7.624792828800814,6.293672860191229,Feynman81,None,7.338107716904133
2.267064470212582,2.544095741754935,1.2613204468310015,2.828543874842119,2.6526742312875298,2.3265170635346117,2.0936999896645716,Feynman81,None,2.913610480768426
2.534588106897343,2.936284858638669,1.8677789202504669,1.0423246327053328,4.79328638350621,5.9513966373599425,1.5195381220636843,Feynman81,None,4.926896155126686
3.1453965445456604,3.863262576752643,4.0770233169009495,2.303010815114477,2.024980889622159,12.123205240180503,15.756833882951605,Feynman81,None,12.43474282555526
2.634381589849994,4.621627647874936,3.4071889204578527,4.1163121444492,4.050710182557111,8.975908709741441,5.890213897869053,Feynman81,None,8.818572671673772
3.0532142265284845,1.9798621829193666,1.6033592847332336,4.557777391332179,3.514766021891639,1.182430141694079,1.617744659707471,Feynman81,None,0.6408155380664599
3.65721037992798,4.969519353588927,4.518446340937402,2.4184062010316536,4.026706662195242,17.81697898515802,17.808723198502722,Feynman81,None,16.807670511890002
4.1158661790268125,1.9637681553569108,1.6841677922907112,3.2694202096377807,4.65949398689439,1.7276997946016488,0.08148774603383435,Feynman81,None,1.788634549796266
4.111644428813726,3.6849195589778367,2.2672945028094915,1.3984362730521873,3.644339060464882,14.050855015639515,15.181893961044622,Feynman81,None,12.76047150372588
1.1514154214896872,3.8714185943167125,1.804086810954849,4.502704362602735,4.610636302036068,1.4455387431009312,1.279608231587001,Feynman81,None,0.1838830258542229
2.8963960482558395,3.6859653825674386,2.3876292542473183,4.534261290642103,2.2504503151112467,7.446800884990799,9.881537101482653,Feynman81,None,7.74734102103858
1.4782959221067098,2.9978275580386256,2.649427441796975,1.587458827060249,3.606298483867314,3.9113642249681564,5.4633955653801785,Feynman81,None,4.122281476322534
4.502243946786548,2.5735503688477923,2.0572098923029385,3.3395098461750345,1.694384019244973,8.49564401655153,10.056083177132846,Feynman81,None,8.593283356093753
4.665181607711856,4.869264710886669,1.1199224343803698,4.16949825284396,3.1423351084736852,8.944081598002779,6.6739469168634455,Feynman81,None,11.93737604510627
2.673660073807793,1.2885588780763015,2.9923401992541545,3.284202624435515,4.381203406814632,0.9017321220580542,1.199746856207272,Feynman81,None,0.3751223361581208
2.5944274117527075,4.632713464320775,1.7783337726018322,1.2502182577626182,4.198824569707105,11.020814269256082,8.862791134768589,Feynman81,None,9.328438019045015
1.3024938353295528,1.572805528680722,2.2339814730927454,2.2125746160612096,1.026940820290108,1.8707194278503425,3.805372143481714,Feynman81,None,2.0521601762253203
2.0957405096147608,4.651937846253455,2.79193760802631,3.6456394876890625,1.0224164732123722,9.73093095597993,10.337608624026146,Feynman81,None,10.203595813902242
4.076070693691873,4.779974048080487,2.2663040452486367,3.9922698854268255,3.592032292765416,12.43761720383388,12.177379735273583,Feynman81,None,13.755917693385326
4.623696563803417,4.59688191316091,2.776849856134971,1.2668657179776805,2.2188068057746246,21.249756049476655,19.007525866814476,Feynman81,None,20.09772837574952
2.8081208138733764,4.397502412443325,4.6215474142432065,4.6198520173823665,4.060583312230429,9.810385503322799,7.265697070871081,Feynman81,None,9.03429099376184
3.3407537755924785,4.0718545748995965,3.7126213703212088,4.158406813380282,4.211862753240309,9.493064545975313,9.021967629812274,Feynman81,None,9.665858449551402
2.9392829398246914,3.8443970932863087,1.0348198775883297,3.2758644761914097,4.552413632491708,2.9448344621103013,1.6759705025828124,Feynman81,None,2.868076415716175
2.616254645758067,4.042863276778462,4.126119138826706,2.2101220519719127,4.692852324632693,9.761811431852585,9.491845182769843,Feynman81,None,9.045119450441927
2.4721237404937253,3.269876308078497,3.807560305208958,3.0331005836474447,4.963841299131182,5.487339846752225,4.969240773843603,Feynman81,None,5.537692649729168
1.2576629611226755,3.4290856244965866,4.2943697357154225,4.007169474645608,3.3841428065609747,3.4301751430635927,3.6545388390112397,Feynman81,None,3.9015536538785187
4.968984965751126,3.504228711516212,2.6119105295314067,3.9892690798107053,3.9871006873597086,9.043045806526468,10.186907153077922,Feynman81,None,10.677463347985803
1.1302933343052093,3.7704537870542247,2.798798651667528,3.700249030277994,4.057841572103939,2.5832395745012207,2.367349276300721,Feynman81,None,2.737929296436712
3.7179459033615654,4.11446092741943,3.2250999946934176,2.6075328572361713,4.702989582064038,12.145519421239811,12.327669762012016,Feynman81,None,11.896752504544121
1.121156952843252,4.578773028135192,3.0989831920786437,1.6241127146392484,4.413890334725661,4.9412312707431365,3.862037888312266,Feynman81,None,5.183758768655335
1.9218371092866118,3.7506417090172826,4.060332710754085,1.1511399920523622,3.886360282352082,7.1922130904527775,9.517518679496723,Feynman81,None,7.614887450511821
1.384784240342388,4.494533341638754,2.4144747167974887,3.1938121399461887,2.239757711032384,5.652477076685928,5.726150663860213,Feynman81,None,6.137177876674211
2.8256837172610316,3.0681844895278623,1.118844445281522,4.829739221489921,3.182186795372661,1.9048799222910975,1.483857004598689,Feynman81,None,1.5763403376516878
3.884501336281491,3.892576017126041,1.3094472128931196,3.5382196976967215,2.076544433198318,9.078200983727534,9.59934336048719,Feynman81,None,10.26593464400481
2.490104827352569,3.403736167480756,3.8138432352795335,4.237431466855427,2.213842490603988,7.473807208876445,8.142621547987531,Feynman81,None,7.390874283717406
1.5232304033262136,2.0488787893616998,1.8126505368813097,4.440044161201529,1.9315858379340232,1.272894945362571,2.3180888254762535,Feynman81,None,1.5737899104393211
4.72886837676187,3.99061204338391,3.2216773873407583,2.6668823941223136,4.0135205032134476,15.738495096466579,17.892107889879437,Feynman81,None,14.704967752802451
4.96842281826119,2.9691440782354697,2.589536508571766,2.14121858968171,1.2982051030787742,14.635640427464487,14.582096306795771,Feynman81,None,13.709721956109908
3.3037192478326523,4.194805025350863,2.26510875793841,4.461203464543537,3.658712022637653,7.264775815842803,5.858288860271532,Feynman81,None,8.416601455906513
1.448745125856247,2.151680826313909,3.9992067687828756,3.609591131944464,3.9209308076048743,1.691782696895662,1.5127662777561626,Feynman81,None,2.1374578331256795
3.1483803971904054,1.5132066589603372,4.683706164910731,2.3324328514644574,4.151621743173415,2.9739533282303707,2.732213481539178,Feynman81,None,3.3333228435159303
2.461372829845532,3.449889519353492,4.008982129377841,4.730768761237101,1.327805918285164,8.286209185469257,7.4288167293668925,Feynman81,None,7.942123458595422
3.6328178374275173,1.0474593009795217,4.256565575998698,2.914208575601028,4.285007667326045,1.3037074676632072,3.3899928976714264,Feynman81,None,1.5118891090540028
1.8678970575451985,2.1448215669261463,1.116265956263212,2.6795241146515614,2.0054773335264415,1.6755301354835994,2.762151566985341,Feynman81,None,1.861865321247311
1.25618224607999,1.8061455229257768,2.8706633627755047,1.0773397505658977,1.2117094529323156,2.2672378585190884,4.899237637762295,Feynman81,None,2.7184608582320715
4.793400373475674,3.344192284548976,2.2449500298755076,3.7834901302482646,3.4577444898489125,8.306688016702543,9.50974229101518,Feynman81,None,9.93008724424708
1.749610236111542,1.2053650094549169,3.199842751650826,4.327996841456902,3.044298529132206,0.6003020183481396,0.953860135216009,Feynman81,None,-0.06886899243862374
1.31699246085515,3.569536676173086,4.770460544339819,2.3137384888758215,1.712974627612431,4.699309801818648,7.7376422739810184,Feynman81,None,6.157384185062899
3.3691358536309366,2.977409913156824,1.1880901382388527,3.7369760589550767,1.6262394032519287,5.25816698255632,8.492627071500289,Feynman81,None,6.019128292010472
4.541706072283377,3.6889185350963727,1.4031206436711212,3.748976780904978,3.4401355615875766,6.384769983374952,7.538716865550037,Feynman81,None,8.982094983590372
3.4684838912640252,3.06257554697594,4.902891897050121,3.939449472025174,3.7186779219204182,8.19936294417745,8.828015006922872,Feynman81,None,8.195128422441279
3.7759173859256303,3.0939633987450685,3.6114878907699772,3.098892783487238,2.4475066380938775,10.516538789225828,8.970759080492632,Feynman81,None,10.430966863657048
1.959914688037638,4.236568375996315,4.290224559771145,4.334514569340424,4.238053076594207,6.286615799437335,5.712315187709644,Feynman81,None,6.2375175844002735
2.2043885221360724,2.7814559115585045,1.8641789967255242,4.006285857389908,3.119737290099838,2.4071303333132192,3.603701300890876,Feynman81,None,3.1154769465912135
2.1196971947898033,4.45145420181565,4.182282064815462,4.544364870966462,4.811118987863088,6.528243718817222,4.582410813655224,Feynman81,None,6.138019180871517
3.4653738364899573,2.719573413515341,4.733876095600172,2.533223555256702,2.1589627344322095,9.255777891933166,9.04938064135987,Feynman81,None,9.453897003265801
3.8707541161971912,1.8037576079775053,3.5703557271860706,3.5380653857175246,2.7644081095401196,4.030860240794498,2.3115515809993843,Feynman81,None,4.882885834174636
2.33729304137072,1.1888635651783037,1.6223910834745991,1.5665940309522255,1.7585936063388368,1.6795624603072363,1.9372704034181476,Feynman81,None,1.447022482183897
3.108191021773589,2.978236228719085,4.187860078469523,2.9636021733826348,2.1538830135828966,8.89242670954328,7.864933139301517,Feynman81,None,8.8352259944845
1.7515343057625175,2.8605311057782212,1.097752686342305,1.3098976392251314,2.0464566604617787,4.1321382180328685,1.332534996001666,Feynman81,None,3.3436563832949298
3.6356481466958157,2.8121550747474493,3.0957665459801063,4.202315979699415,3.4423918075835775,5.503944056314769,6.5527087787789355,Feynman81,None,6.519566038161654
2.1527037330030816,4.593247010824026,1.354578169847163,4.5389675528270965,1.5420060448348076,7.02909211430852,5.852198332222688,Feynman81,None,6.666248344087654
1.876027892041035,4.2659971553073195,1.9778870053958695,1.018349359428472,2.809113000410699,7.959362073872509,9.664480865858907,Feynman81,None,7.819612123827169
3.8120558955498343,3.5324618808007804,4.4396041633507615,3.4530951196615565,2.3727831386600413,12.892628846340664,12.707493688462732,Feynman81,None,12.540850916194582
4.50743646808794,2.8521959376820547,3.0928800164171864,2.075149352225109,2.7206349588968335,11.77394524332127,12.595906652939481,Feynman81,None,11.12135128530878
1.6549290904249987,1.65368273244987,3.113397673045915,1.9894227586131352,3.712041474340839,1.6490885158718525,2.4238298887136684,Feynman81,None,1.8887516000904
3.996981429867019,3.32330935347265,1.4201164608447439,4.667533147828548,3.3925338627194193,3.8457977383401385,3.2526320098824257,Feynman81,None,5.654871813880733
2.032174837875022,4.184676349599499,3.884647291481688,2.2821752724030957,1.8791472376274032,8.495324548094763,8.801874058418264,Feynman81,None,9.39208249238951
1.9310559708929738,2.789035865732216,2.696397527664162,1.2283815101582234,2.8247567207176094,5.246433146028249,8.528827239659702,Feynman81,None,5.2551589416527635
2.8049635717817445,1.7466709473302418,2.7681177627444606,3.4975362230550684,2.8163421573637413,2.2286651375832696,1.748137730339765,Feynman81,None,2.730558284112021
4.535391915779384,4.738232310347313,2.4935465280971516,3.3834000799781716,1.0016840674094234,21.449487587926292,21.391248903587904,Feynman81,None,19.635140778336577
4.035816290800305,1.2462724078605993,3.3388084012596315,2.3607917899860342,4.086992163029244,2.0439647980035525,4.131308080291866,Feynman81,None,2.683420404816362
1.975537960012527,2.136272847287309,1.8706290888216266,4.226315971467021,1.3777154105175313,2.513641143182446,0.6032539715473373,Feynman81,None,2.9298687865607906
1.4413151096356853,2.3951365822143122,3.0336515784703972,3.1732544009744297,4.728626176986263,1.5521845220849535,3.514063790701541,Feynman81,None,1.6346525289286276
3.918518144330465,1.57445062461716,1.698891964406319,1.246790852474072,1.6425296272724577,5.326104629525595,4.430250517902344,Feynman81,None,5.2116322097285925
3.798514040844778,3.0666491964857756,3.5302519855048677,4.491966791975255,1.1057633018109696,11.354513826587684,10.728870598155801,Feynman81,None,10.617143396061207
4.339257952369987,3.938542716849141,3.7143944514625704,1.1328939037038173,2.188328427849832,17.090096781918845,15.483709231180189,Feynman81,None,17.509052162600394
1.7848188903929962,1.425751851225566,2.623502659049981,4.788988124286621,4.865987302342977,0.4049871930642611,-0.4322425470011233,Feynman81,None,-1.7716385661688696
2.545924565284388,2.5787165022794505,1.0596652482543365,2.6739812166207755,2.6808442912501547,2.3880396105739243,3.184030047129317,Feynman81,None,2.761596656112417
2.7990212727962143,2.4537988504205717,3.0630475542926527,4.680911380585613,4.949197313592629,2.153270176135918,1.7086472059067113,Feynman81,None,1.7302325177150901
2.8361566402310854,4.986190479861271,2.974705131830657,1.1097429120194438,1.759770913084048,14.141610085768932,16.07180800819744,Feynman81,None,14.809001431227628
4.139490095878392,4.1474737890465345,4.794803579560348,4.666534071408099,1.5330928673091027,17.0366890927543,18.89815721046472,Feynman81,None,16.171473947096054
1.2613569271986198,1.6746309352623117,2.475120938209239,4.518960259245752,3.2697717256199432,0.5774704834205646,0.6012777684602575,Feynman81,None,0.0543015576981935
3.382829502104606,2.5768979628058784,3.134891733222363,4.825488256915167,3.9769422941987744,3.4670892510271396,4.957804321740152,Feynman81,None,3.997963099792354
3.313314489090008,2.8809904739239545,1.716872744550125,1.8072501291661336,2.405625802275842,7.7667361088760565,7.858569418930161,Feynman81,None,7.782834423591422
1.777703861186556,4.131329842299277,4.818246764134053,3.9770763722115117,4.940916880001353,5.633049292294681,7.785843773242848,Feynman81,None,5.245427781062172
4.309171407008149,1.0611693891775493,3.6487426704037924,1.4366366126747399,3.1476206414009362,3.1749525860208414,2.667163857140671,Feynman81,None,3.691234629769244
1.9083296817346964,2.6762328604176466,1.664744939332067,4.587808949356257,3.789044124312813,1.2809966437467015,2.7025793176406587,Feynman81,None,0.9317390953736341
3.19808754633944,1.3993865734261917,2.5821836183097373,3.9262086029275336,3.6254791450810235,1.1123024050699166,3.3105802494511085,Feynman81,None,0.7911670095341071
1.3255630415187847,2.39333405984059,1.3160253246180398,2.5214484207776913,3.383831841087209,1.1206984175869645,2.9557401691564587,Feynman81,None,1.033679301009236
1.8716399856860773,2.1566523669206203,4.589586062202462,3.4889402116130275,1.9119644716107835,3.6416312805927453,4.14638348200306,Feynman81,None,3.891069568798243
2.6297093493633867,3.0696598816572918,3.344344321339679,1.0932933494053532,4.706108547256688,7.7792251597201965,10.156663342061545,Feynman81,None,6.9341856727175255
1.9929367719564701,4.734695478587307,1.5706731878954212,2.478680106604036,1.1060925400209811,9.353177440811764,10.182213431330128,Feynman81,None,9.218692546175188
4.91964032335942,3.2601860230881554,1.2767307421769543,2.0422697154860945,4.2521358074661695,7.148480528155888,9.104933784936625,Feynman81,None,8.603294785533382
3.112978272648635,4.796423888517262,2.167505763108985,4.1063341874002415,4.938671607998991,7.0475153750706445,7.8167701356871175,Feynman81,None,7.823262883737357
2.5977875994121526,1.981730170062007,3.915117233208472,4.35465543125337,4.350946450648481,1.9977067800495647,2.4650035330921662,Feynman81,None,2.0119769998705594
3.186682544589493,4.838498390439673,3.037259693883456,4.97478899507767,4.609166776919746,8.719573502934894,9.10083969506079,Feynman81,None,8.89582806658936
4.611320319249442,2.308037938755521,1.9174598624224068,2.334823727442557,3.50426287405411,5.254183623558247,1.2078086315759142,Feynman81,None,6.373829051239263
1.75734334744986,2.977581238611283,3.8279160622753374,1.848995818781054,4.8522022432559115,4.468220931941844,5.653415567809268,Feynman81,None,4.493999899170155
4.54773155482062,3.641214683416397,4.526130430581356,1.7706528418419833,3.437476516892804,16.412621861838815,14.994668844734871,Feynman81,None,15.572372228323824
4.431851782318192,4.990462889175876,3.3509962122178076,4.908245487696759,3.4861085993631686,16.630075103196077,19.67636809633621,Feynman81,None,16.363115451745042
1.675446266966326,4.683247822911375,2.135246496361486,4.929221113777306,4.387919408868818,3.389596149266802,3.481822774606127,Feynman81,None,3.0029414729001527
1.9556948934460747,2.18391320016178,1.4767956269955476,2.0940432443003525,3.4372169562900665,1.7952407040175524,1.7305969275039836,Feynman81,None,2.185667622735165
3.144150893791031,1.5278128968059934,3.756298883264425,3.0432400601664433,2.3345435938526906,3.210597030906013,4.458585479279997,Feynman81,None,3.685605798939393
2.794352111684148,1.309773661046338,4.390338437921045,3.846449155091348,1.8051420586911564,2.486932787053744,2.3655488194170164,Feynman81,None,2.5110373510528157
2.8079379630610943,1.5732271311717354,1.7929644448040047,3.205250768585891,3.696567262877327,1.0322465021446399,-1.9966572041807744,Feynman81,None,0.8027364273007915
4.414913906749602,2.1622097268967657,3.1840417250944713,3.7016151453398036,3.741691910839983,4.389327600844542,4.455594082514803,Feynman81,None,5.534896603782422
1.2467437148326947,2.2124005418046937,4.108649380100589,2.5512376017937557,3.4230518716851055,2.146597998206576,0.21034795648978077,Feynman81,None,2.6964864282862573
4.897949391975104,4.725092869645611,3.9997764364272923,4.046399937727737,4.358187325003353,18.28547369790504,19.316794088919643,Feynman81,None,17.069693446013183
3.3161306714157317,1.136901891507625,2.7228489432513627,3.3390645851260237,1.7606177074059124,1.8200431889329642,4.130379998391826,Feynman81,None,2.1698508429797023
1.1353613294308378,2.7477398284224126,3.6647672457261184,2.2653976082044225,3.4204656692673234,2.687935261070444,3.0289821947297995,Feynman81,None,3.2791407942873874
1.8951758270055872,2.378043673934826,3.7388219943257086,1.0678356620770857,1.155187691289631,4.50680593923441,4.8524603273623,Feynman81,None,5.1595847880969155
3.5235324039509415,3.3175599105009113,1.5120378846633913,3.409236115206106,2.9935044629447622,5.32370332411031,3.776048532949036,Feynman81,None,6.975958714561244
2.8467278750138885,1.7353929028507902,3.426804139971515,3.25799958999909,4.979542577284924,1.733909702623581,-0.7036219997094275,Feynman81,None,1.6695914718913145
4.84731597019946,1.1298653758837292,4.211691538255352,3.385453610299563,2.776542940172537,2.5577570572060435,0.06680716329389869,Feynman81,None,3.7085604505323984
3.2788455041014704,4.005807494062951,2.8219209601939363,3.039407300352125,2.798387308868597,11.414006323834869,9.212038393501302,Feynman81,None,11.097686364723286
4.354058172273017,3.137244495256926,2.421248065121189,3.324838682592334,3.2302828621425337,8.318144569641813,5.677842602460842,Feynman81,None,9.460163393095021
3.9899249200859015,2.773690092612218,4.8450388488188665,3.4316624707916406,1.5548419348814737,10.924061238195398,11.898704114001722,Feynman81,None,10.878117754486022
3.431753719777783,3.1732561944646793,3.7660383336164864,2.5832885526819203,1.211081948237144,10.879362827739653,11.13752965452059,Feynman81,None,11.344816757300501
4.475789276607827,4.237125628197166,4.312236791874293,2.8047455435483073,1.48088847152819,18.958754203129757,21.11215974581898,Feynman81,None,18.860305083305374
1.0529249369600668,2.926803007821519,2.854008847526872,3.1059289103468353,3.908126826099278,1.8391542709660835,-0.5329450401649649,Feynman81,None,2.1194571768087664
3.44211881690082,3.36885684906434,4.233892595979338,2.90765788548683,4.363042224309542,9.38193478978717,8.618124328657386,Feynman81,None,9.301942249171566
2.980443503028259,4.989172898133328,4.405963952494753,4.353591631666548,1.434320762499556,14.843928695240752,12.050334668916278,Feynman81,None,14.552531278340847
1.050424809847077,3.7644041076779193,1.5487553098438096,1.1181112415094896,3.40724205788463,3.600259717488751,3.7775140999813632,Feynman81,None,3.370670598297679
2.6890188525849754,4.844732161270397,3.9503333296312766,2.921965709445358,2.884651484793482,12.752726418911886,13.885631892763712,Feynman81,None,12.280738961253286
1.0882849273352733,1.015146822016522,3.3207147675633033,4.587951798400711,2.1036857443596118,0.3709014212438192,-1.0120566701201361,Feynman81,None,-0.6968847897155547
2.4915376004837597,3.0113415015710507,2.663319196601468,2.0095471610032787,1.8503687927700545,7.304700340095188,5.797137284401138,Feynman81,None,7.25689823055685
1.7166112505044833,4.377459351873634,1.3976173520929969,1.160643316545261,3.993204768064212,6.513449213690343,7.60458633677227,Feynman81,None,5.266274388338174
3.9029601278172774,4.56720444074774,1.7214960150591385,3.3728113205909205,1.2699182503574846,16.941027077981165,19.73357057555444,Feynman81,None,15.41745103754529
1.9318955870825332,1.8665736602022482,1.4060564753849247,2.984850970810745,1.7460442078347218,1.6765471422901062,1.885459688457514,Feynman81,None,2.1052490640813875
1.2802849471046231,1.2072573973363814,2.898912568801995,3.417014535572707,3.728119742377257,0.4142545501348661,1.5558683815493892,Feynman81,None,-0.3519688368960263
1.4233762448285834,2.8517797259609727,1.5391795509042656,4.973865438841837,4.332957384958965,0.8154829884979152,1.723204540263322,Feynman81,None,-1.0356579942319577
1.1051655352345597,3.1632303508631523,4.8306829231610955,4.318137006699373,4.765757163632818,2.204748739767566,2.3121553893830984,Feynman81,None,1.9128679316938564
3.135007814403293,1.0479516129840185,3.795687115910048,1.0366952124212556,2.360954942075335,3.040143474157616,4.099481268284608,Feynman81,None,2.968450260058493
2.9484947640395722,4.098055811846427,3.051383654439004,3.504362635223299,3.8359894384633932,8.829106410861083,7.867677822746534,Feynman81,None,8.939806711821777
2.370291370502105,3.7711136870364976,1.6828100916933626,1.3954196900757077,4.451037480255498,6.887869841838359,5.390313354179035,Feynman81,None,6.220433632448452
2.6321203541542797,2.8663195882742847,4.675747301237297,1.2459936629243522,2.0094964433743483,7.544159786138259,4.462260773705925,Feynman81,None,8.242234854588261
3.3137631504490934,4.123998905371629,1.9036945937302692,4.791383621080819,3.260746558085667,6.342132270693657,6.985531088912517,Feynman81,None,7.742513696461337
4.8648014415162315,3.3674797104218452,2.8679227405853753,1.7251782376727602,3.5167989049338786,15.078532941006076,15.701074513362856,Feynman81,None,13.493691536654929
1.0047532456454915,1.0901235975504715,4.494260461972794,1.0553833635310377,4.7920118766750175,0.8194511885772333,-1.0858767608975881,Feynman81,None,0.0341750822741228
3.1744320249811455,1.0594786111729184,3.225673814928586,1.6283525695394219,1.3354542215380305,3.085021839202098,3.616070575759701,Feynman81,None,3.0646996909554503
3.040330156876361,3.5265085461591976,1.9371727785153996,3.5241547380227227,4.366996810514745,4.469508910350204,7.165057421742346,Feynman81,None,5.479855163773539
4.735380167039272,3.966113873258137,1.870445923461539,4.2729661640414704,2.916713881534367,10.022489403676056,10.260770692127128,Feynman81,None,11.86622798296271
1.4097483733999536,1.5253444798666478,4.165503658945504,1.0131910761965255,4.208319223206841,1.9425327969058712,2.21595797437934,Feynman81,None,2.0291913128315664
1.6477250023379026,2.369815953778452,1.0476382458687845,3.6580287177960864,1.178882132504664,2.028721614128788,0.1202668990377933,Feynman81,None,1.8314067985006979
1.5099605978836195,4.612970138457808,2.599514675328513,3.8391134192083287,1.0968375443531087,6.91873643160081,8.732976299216842,Feynman81,None,7.681207895550949
3.263674472616178,2.565384858755895,2.276321523654643,4.400559826312019,4.848141876033839,2.236155312049162,3.5500570879012643,Feynman81,None,2.0632647004171214
2.508415284642565,1.2139218923522388,4.522329594080609,1.0098329333588572,3.6333999761022815,2.754097644849736,0.14024351108281508,Feynman81,None,2.288836504243043
1.3031068759604487,3.919777250444577,3.782439384834876,2.145791014530588,1.8962807944871063,5.100904886642148,5.08688011557496,Feynman81,None,6.425998166166486
1.0506813309642706,4.380341017862266,3.640513504214109,4.081833427357421,2.927135894137716,4.005809775119799,4.155461220481033,Feynman81,None,4.69502460185373
3.084403802306775,2.9347068420059896,2.2694545108895534,2.8253617492946086,3.0703306286333554,5.844096448537803,4.52703387721859,Feynman81,None,6.519953282044021
1.258197399754073,2.070247422165995,2.878446683885458,4.2483485948239785,1.0841802768217663,2.2404025910507572,5.470423795987868,Feynman81,None,2.734143374641092
3.268182277396114,4.736455940695328,1.4790235357741532,4.793953946389058,1.5465821567181486,11.415300710553199,11.11456964384148,Feynman81,None,10.883172578968631
1.369164047021603,3.0329126042520143,4.401164698132774,4.589752040471492,3.6088180572726993,2.77105887245212,3.250633597357151,Feynman81,None,2.992579143597196
4.546376916386929,3.112368743907283,4.562099762690104,1.9802406148971032,3.7698201195221355,13.533215026262377,12.810590966204984,Feynman81,None,12.71473472043489
2.8217998574407357,4.289079170936647,3.822431548632619,4.446982646026793,3.480979511146476,9.50465625547295,11.604456854934284,Feynman81,None,9.19467565539539
4.401008463326921,1.8143964951412666,2.7404646162308133,3.950175998063462,2.1840941003368273,4.15221355549565,5.871030343343052,Feynman81,None,4.95579944401238
2.3709219207317154,2.6671015509206057,3.6018145195957,2.865244157752333,4.207333705820373,4.187972865602751,3.64802869200882,Feynman81,None,4.609080535067508
2.8866363377140374,1.914751588185319,3.5480127934046557,4.214837966796767,4.146341061114695,2.046540354150357,0.019224790739423625,Feynman81,None,2.2157634335811447
1.135616783450283,2.313048950269834,2.834989360298029,1.274374689254179,2.3058685002870782,2.5668714326107813,-0.01665749530578786,Feynman81,None,3.092498289746424
1.7602813806316964,3.3197430100148835,1.0654224101172685,1.5633828679713244,4.272133025349662,2.8344522434439368,0.5586807414998725,Feynman81,None,1.9335092316485847
2.1386344211915542,2.978170473815002,1.4541471051272432,1.7645926942628374,4.270722004202822,3.3041877701605493,4.602423776287671,Feynman81,None,3.5011129605597255
2.1840661873846563,1.7723966366922794,1.15030904382869,1.9112821075227826,1.498581330977812,2.368362903178857,4.012532035589883,Feynman81,None,2.381840420920427
2.7079833432838467,2.6929835609163524,4.623157299649677,1.0672306530282571,2.4354400280339688,7.291546934889565,8.021632033656024,Feynman81,None,7.810045744338796
2.4120218971639105,3.4854755317175896,2.3408708362658768,4.879548996095999,2.634172156533429,4.719102446903568,6.619168370193979,Feynman81,None,5.197092458683191
1.2294006709229617,1.0343332832843215,2.485677709962638,4.265737653363638,2.5470547687693452,0.2954099130551615,3.661774558461924,Feynman81,None,-0.9401233725092563
2.5352310800263234,1.1563989757131146,4.991074650633172,2.3540460823678875,1.925070416775224,2.5059798150569126,-0.7923104358227335,Feynman81,None,2.107610911984098
2.1497179950856964,1.6231371078092374,1.0316287115757805,2.2302009479956744,1.727789650365092,1.427537550645547,2.29392769745853,Feynman81,None,1.4119968293088039
3.6059905075660224,3.1595223545622066,1.2266117021732894,3.623864870524515,1.7566954488605973,6.189558643612233,4.5551967056016,Feynman81,None,7.167947140617634
2.296249461595088,3.7639011663700317,1.3937687924054996,2.412091963370762,2.1737337537031114,6.584260126225949,8.653973427293696,Feynman81,None,6.61352168691061
2.311581683700958,3.231397554597517,1.155875054632162,4.632261269775278,4.3762663173361815,1.3609064502205088,1.1409834749973624,Feynman81,None,-0.02091195569384775
1.5003591145248247,4.298848294892059,1.208508925765197,1.0071461827772894,1.0070522210103419,6.449357587671849,7.756771603092148,Feynman81,None,6.031156003419397
1.3035241866183842,3.594365246732669,3.601199262302969,2.527100278245782,3.573642144781953,4.18091822370043,1.858851475805039,Feynman81,None,4.696767738426253
3.1150050333517147,2.9163806358616444,1.7359754148007416,1.4578958909176372,2.7603839036663023,7.726589757393984,10.571319589110661,Feynman81,None,7.388872860630297
1.1627948681028841,2.910679053167822,1.3703580629986547,1.8741501134642653,3.413110399249341,1.873662555095727,3.883924707962727,Feynman81,None,1.809333265904842
4.962531226523175,4.33945825172985,3.5939918552710424,2.7283535818332516,2.674579110953483,20.94345031986226,15.702012479629895,Feynman81,None,18.986183466394287
2.5736697659248664,2.550820712721457,3.7679770921598985,3.969216834909601,2.433095644356495,4.986648196115334,4.680965955948011,Feynman81,None,5.269667485043291
2.1750421177187156,3.277685366229982,4.116973356456133,1.6035379335239361,2.540226474963943,7.11022213963891,5.980708062155503,Feynman81,None,7.577938661401906
3.3500622097232355,3.1693918511959573,3.042633559760069,4.49057489739476,1.5412516755411594,9.384934986270249,8.842817325869817,Feynman81,None,8.93540084187462
2.401080622415534,4.750606988251734,4.292685646985097,3.699016657857784,4.546755576873095,9.552277661760439,9.553463536084998,Feynman81,None,8.921723954122083
3.3986545316543726,1.0543182507627011,1.1472828972691276,2.875992655430991,1.125278510526698,1.280218992809204,1.0487696471832488,Feynman81,None,1.5236986040395746
1.2800694509616846,2.5578340285596175,1.778724834969768,4.611236071070843,4.675302161835166,0.6808931279824706,0.03783614294009996,Feynman81,None,-1.0203446966019059
4.337746253276096,1.1405030275143249,3.549520861887004,3.356001694996944,1.7115409007664413,3.0049186920282285,4.718801426061386,Feynman81,None,3.514225448205062
2.576878936032711,1.4372569533475903,3.087412656070695,3.7863074042416907,1.7288918809373803,2.1856343973916066,-1.3801449517388042,Feynman81,None,2.36366150982467
2.2731318595923535,3.4150164865580597,2.285820403692084,2.9050332786819113,2.9369114847414406,5.616335986923154,6.1430134515178505,Feynman81,None,6.117869396902132
2.0098838880853505,2.650864439040821,1.8232648343825812,2.4837197183469137,3.1276445484518502,2.944455287030331,4.049988011339597,Feynman81,None,3.6284766235402603
1.8173004682984737,1.3055741902796645,3.754157305978864,2.3049045415595186,2.4625541515912777,1.6562547051040508,1.0685169280951337,Feynman81,None,1.5135969786018064
3.9811243722259193,4.753621859843673,4.837357118483969,3.8852171687525634,4.29371270460055,16.66512583380451,15.840319834917189,Feynman81,None,15.530630987260048
3.7287927318712057,3.168374985370898,1.586115150685882,3.279677806588147,4.366721481569659,3.9834499425927707,6.427410655085495,Feynman81,None,5.535960770553155
4.244709715703317,4.437430052986235,4.397417818011978,3.611096467863885,4.052036236243319,16.389232943273072,13.525051469203964,Feynman81,None,15.484201416042593
1.338513435232386,3.9891411685730587,1.2900537728081476,1.3094113598252766,4.05603070081504,3.995299775855666,4.567577452826588,Feynman81,None,2.9682260958665143
4.4513722454632845,4.029575794973017,4.68524799376851,3.1983766819923156,2.368114223001808,17.693504637693312,17.12005039965315,Feynman81,None,16.79971310292152
4.953080825314499,3.941222244140427,4.930214489068042,4.918094504090172,4.841624125700639,13.135928115624735,13.669050643797021,Feynman81,None,12.886029301900718
1.5914698787451327,2.4258868965027958,4.139086394316765,1.639217164742702,2.7622089648946413,3.7702768702760983,6.2681791008321515,Feynman81,None,4.248853386375076
2.2348244766159215,1.1397264168013588,3.791602717840832,3.7731098314604066,1.0110490903888798,2.0681697797879095,5.020143040913469,Feynman81,None,1.5391075149042963
4.554079126914422,1.903870097242561,2.4409549020193637,2.4079930750968193,1.870790427385729,6.715676700380716,7.620649208080165,Feynman81,None,6.797143098607773
3.577766164398139,3.1658182772525563,4.919703349460901,1.3675795660478731,2.8224531685278667,11.319474479558147,13.798479475904607,Feynman81,None,12.02301333495433
4.1019585577198185,1.365405563066345,3.9659818243225153,3.146680426249083,2.552422860634012,3.2919172893366744,3.294988279204125,Feynman81,None,4.038860588119066
3.6955187371197296,1.4051735659568583,4.811962458963372,4.96389455847877,2.97422110387825,2.2248482771440905,1.610540571753738,Feynman81,None,2.319719046107857
2.371303139300718,2.112371000130912,3.391742915153813,3.9603421025628514,3.0347821522890452,2.6762575766809715,1.5485296450206198,Feynman81,None,3.1852219193706093
4.992586902189749,4.258174735445014,4.678289741942395,1.6399661204638525,2.624618532833562,21.25524711095774,20.01023190247913,Feynman81,None,21.03093213408541
4.617043631659107,3.53499267186841,2.0330813041502265,2.452957459874141,1.984600100531042,14.701760081423464,14.994272096822234,Feynman81,None,13.452043532006059
1.105883770671293,4.580932081167485,3.0807530253807807,1.6010629460764112,1.7111506453929746,5.065638548049144,4.953908187120589,Feynman81,None,6.928537326359624
2.3226929862770223,4.678833951756625,4.759179820625526,1.7781095281200847,4.992836790551616,10.72437921316711,12.791938597595763,Feynman81,None,9.997603898526899
3.517917681646209,1.382987349537197,3.5861814395128153,1.1993736938523973,1.6987917498092235,4.791020642147727,8.752969070633693,Feynman81,None,5.113032006002007
2.348690361592566,1.4321175000148356,3.3100001828572747,4.597258402921204,1.9840170699265491,1.6060430444851705,3.8293531426539795,Feynman81,None,1.5527577624564466
3.860983895864093,3.0094422365201585,1.8534345051121162,3.130369347024476,4.261018892425412,4.594182927979905,2.702817696176773,Feynman81,None,6.165423152885256
2.659644892984649,3.3288253592072974,4.579601176621527,4.208883425055026,3.8874193671298163,6.475442905785307,8.26940739690243,Feynman81,None,6.4155427379179395
1.4971907814216512,4.761939970127786,1.6157123536195286,3.3819537299586613,4.192247417295853,3.5291479798682595,3.498022993173094,Feynman81,None,3.5379225633345053
2.3953605708468833,1.9259405076039058,1.4896963760830544,2.08155976440629,3.1856604509766346,1.8801431763837253,0.6578809760931914,Feynman81,None,2.307398521547063
1.8803956624672349,2.476623662887815,1.378675964503001,3.2231405562196582,4.4936359304090985,1.077982172593788,0.799564128883437,Feynman81,None,0.5946803068602999
4.536431101538582,1.1634992582770582,4.898324620477146,1.9117542947086381,4.082036226122957,3.2896097905717006,3.713269862394714,Feynman81,None,4.001681367042363
4.4164618729878615,2.5190247923158284,2.910158740576347,2.7434355991721184,3.291457763943599,7.460538511256237,7.146473188042008,Feynman81,None,8.152285247170113
1.9067388971535837,4.071774207004031,4.473525014831218,2.0664190341060125,2.662980778082285,7.743138846499534,6.696757075011003,Feynman81,None,8.560789474047914
2.4256895237574696,2.797906343504891,2.4598507191338483,3.9442231176730673,2.778254799074149,3.77839093934723,4.143316852893443,Feynman81,None,4.493020558040054
3.0015253622485134,2.2202213209999444,4.828300984277532,2.100577446062206,2.487309963384382,6.447511142434929,4.612031052486043,Feynman81,None,6.54906844835553
1.655983430683953,3.173723917792328,4.973416654249924,2.4651028052041104,3.657044385798027,4.948057068953499,5.1864257552151365,Feynman81,None,5.335856062943321
4.272338992982197,1.1309924438706083,4.801077891392068,4.910677920357406,2.214876593103138,2.230044890192849,2.7972688361024654,Feynman81,None,2.459311288741903
4.185628016031275,4.431758802190867,1.5975187340141628,1.7786796280989234,3.8099599262812713,14.464103605190463,19.185295862436245,Feynman81,None,13.947100950550544
2.33352623727595,3.4623633508618052,3.960007136574912,4.984358840035982,1.9053821315332788,7.226644235540081,6.86787546928735,Feynman81,None,6.80056655208661
3.517769117309257,1.5338272219298634,1.7545349365856575,4.912848701655553,2.011105394186261,1.4343533707731981,0.34542717576687343,Feynman81,None,1.3008860372741033
2.7696143065723517,2.978147181693796,1.0613218505989006,3.9832761783766233,2.46661998175587,2.5655814964751738,0.13245543884122402,Feynman81,None,2.9689177791876618
2.0313511068455137,2.5332900992854612,4.118204089422592,2.795954885504972,3.163331131919147,4.257344036647064,2.0877244074603296,Feynman81,None,4.603793682383191
3.6884202124236602,3.41390143800364,3.6297993791876015,2.1349870915032545,2.1500272283451225,12.478572522310857,14.712783931513304,Feynman81,None,12.533754460419011
2.917827224624458,4.409038177133889,4.01479251464974,4.399529657428435,4.297069806511502,9.436736776215879,8.213021202022874,Feynman81,None,9.070120045952322
4.120091683371589,1.8806987701259303,1.6821280185205945,1.4307133049975342,2.4001625073182793,5.629362309165417,5.593748743116903,Feynman81,None,5.819573904510991
2.3806847812656216,3.63836496978166,4.169643319649616,1.2452155682030894,3.7287478816752637,8.636680606810934,9.047844030504136,Feynman81,None,8.72582461881474
4.422107730166873,1.3306869035975626,4.633373410167998,2.3243977752580207,1.5697398647515817,5.496783312979879,3.24044591795785,Feynman81,None,5.72299821419579
1.6207454237281098,4.980946835512716,2.6768674900991036,3.994891336271339,1.566061140699993,7.848541075217514,8.028716929393097,Feynman81,None,8.23514564611289
4.482452796635375,4.7433032136862305,2.628764369255131,2.7950500241498677,4.889598417553211,15.356567276277168,16.876035875563588,Feynman81,None,15.195245870993896
2.6101034319403342,4.109473741662112,3.8431482391365295,4.0947637466737365,3.575882457153795,8.502407199956398,7.418111236607981,Feynman81,None,8.373754448610793
2.489628164461099,4.584549191029934,1.8098507995221538,3.0748163803940174,2.826634832143748,8.467769482218504,7.785845016815423,Feynman81,None,8.765014176149137
4.3033396377145685,1.027279393317642,2.3513861791987134,3.855927828304087,4.285577374063474,0.6416387804062231,0.019701256393654276,Feynman81,None,-0.9233602935906874
4.324598897657703,1.4916261062531389,3.6208436074505164,4.604607870541163,2.483409090211873,2.8387227044129295,3.5436705837763784,Feynman81,None,3.4608927470943396
4.089566008726571,4.127143165652026,3.4100578281925387,1.175387379849398,4.3211158372990575,16.74645631957668,13.413173118847347,Feynman81,None,15.5287183448449
3.8784849183681858,3.3121400109198587,1.0666098527468528,2.270070308705043,2.8727906021061913,6.349629594997673,5.148361309355567,Feynman81,None,7.615323291846012
3.3947529432813335,2.637262416255877,2.363164632108128,1.6510320748778966,2.8735265261543157,7.745953394679621,7.616542529056989,Feynman81,None,7.589464609120114
2.839661831746567,1.9061916636713119,1.9183565581842466,2.2373003810774303,3.678742458563732,2.258272450778739,2.6739101027486707,Feynman81,None,2.745007319878886
4.225502653924956,4.142986662183599,2.2381333517506006,3.264029915739922,4.9902764677021105,9.012635778213804,10.635227788573372,Feynman81,None,10.74294586691557
4.701588198415395,1.0241706517278892,1.073221790303334,3.665161154064769,3.2160697263488043,0.4477173868144552,-0.3762681539907938,Feynman81,None,-1.3056685395635619
4.184689538896886,2.8704786801846103,4.186598068875323,3.3050576249885055,2.6156754451851016,10.60902414297561,9.204871128894133,Feynman81,None,10.46439264961033
1.7565736536295615,2.589387505668451,4.5442476675462835,1.6227893051163482,2.5506191815909216,4.5176769455710515,4.63633207675106,Feynman81,None,5.0489551490292675
1.1896444815435463,2.306871219862113,4.501053624557878,4.8762703349102186,4.742158259490063,1.1556484203209016,2.6057324396781794,Feynman81,None,0.38762882319131514
2.795424529923769,2.142444094378046,3.3644486739283783,2.7590044491699035,2.6864645363252198,4.4905894460763935,5.416754848968937,Feynman81,None,4.843339314701646
2.171599656534667,4.471536724047111,1.080129779608694,4.857186864453393,2.1253410772215116,4.238308027259744,4.283871940812947,Feynman81,None,3.7238924397131568
2.4907729779192174,3.3038427017232403,2.8563441962315275,2.139702806379752,3.5616460394303493,6.953360499646291,4.797031153976757,Feynman81,None,6.855524817429608
4.822847998958492,4.8799542216780285,1.9591887068329696,4.966518439463136,1.924940811876862,17.924843757467368,19.509462336350055,Feynman81,None,16.91883901241843
4.243878280163607,3.1590343899097166,4.165285331975799,1.9581941083634629,1.7463544959778847,13.394367399893765,11.3171501375645,Feynman81,None,13.747736775512472
2.9020359129860465,3.0817177572998387,4.814541285608029,3.4208052461770975,3.0528358016745805,7.95729863191294,8.340343751828067,Feynman81,None,7.76925318990589
4.107130325806293,3.8519227564002536,2.8889414493988324,3.490262266423531,3.5020378867162094,11.411682254649602,11.220619384481322,Feynman81,None,11.987269101906861
4.6548834353570365,4.058485327383465,2.3932232290574946,3.575202974756787,1.6410372815823924,17.561944590388244,13.546000870233561,Feynman81,None,15.697215807220374
2.830681580422508,3.030048754199779,3.5651730282397467,3.574744897493227,4.725377990850566,4.84235035443659,7.368268557855357,Feynman81,None,5.231589040796641
4.683367588844382,1.740605029247635,1.7866789443713462,1.6432549661369835,2.960006965995231,4.601476664029332,6.087186295346086,Feynman81,None,5.1333393917149746
1.141236134249418,1.5734756973098785,2.594461699855607,2.6407564161965555,2.0331057986137178,1.151566759706384,1.6509083693665585,Feynman81,None,1.3741227538261385
1.6872541318023688,3.9274521092628594,3.5333373588815964,1.408586695553209,1.5496678393853407,6.626569949064726,5.1442020457200295,Feynman81,None,7.989320637720502
2.153731420871491,2.2248959199971674,4.27863866403883,1.3412863515760893,1.288897339240588,4.79167025700325,4.809997487063023,Feynman81,None,5.27193870584909
3.058705984154645,2.507186100889791,4.7651175181112455,3.4291036632368272,1.9878092639641887,7.221510099557499,7.275691334922509,Feynman81,None,7.175793875318121
4.730937421544898,3.073063777642075,3.5516392093564915,4.011116137669038,4.10332342377184,8.438760465650839,8.210970830737976,Feynman81,None,9.494846513673284
2.4850673039935867,3.4620483183282835,2.707346825338629,4.630030657636741,2.8625278090341815,5.23878983494396,4.305386739941323,Feynman81,None,5.719849589359603
3.545724856765815,3.750072622440593,2.4789953012700168,4.224881642318275,4.499488940331286,6.029375470747829,4.44008545256407,Feynman81,None,7.258964120984749
1.88574765517318,3.731962902607667,4.154972193980069,2.964869538349048,1.2926743755934393,7.033233740065536,6.0278816480124595,Feynman81,None,8.046434813499227
4.662621630952058,2.791063947773171,3.8517752704889436,1.7067271893150835,2.2255805818479373,12.923392245077041,13.447162883942568,Feynman81,None,12.515316907589233
1.2602839150197886,3.5241607942274404,3.54899796476748,3.1476725536426216,4.296979376612677,3.2339083755888147,4.943338065414905,Feynman81,None,3.56956944834126
4.362229294329731,4.749554816176747,3.6016550892090065,2.1629126477373863,1.5345460998988618,20.71726436797396,20.673660899842886,Feynman81,None,20.85577033106099
1.3116666686889524,1.5542312415813275,3.027442308345889,1.1650893456866322,2.9626903418255233,1.7881329139236912,0.32866745130536423,Feynman81,None,1.8203227290227408
2.055183247160166,2.4027648413913023,1.7912963212939923,1.4116277545986637,3.5369681331393776,3.4433879980152886,5.046833082530933,Feynman81,None,3.5484055199021585
3.2460577124218797,4.281471590712316,1.9444234780117169,2.6168656656239295,3.467522228809682,10.071667540975357,10.434628107238389,Feynman81,None,10.372224919319253
4.749800687614226,1.3074544576750387,3.309742354908979,3.5742810128922478,1.0416003788815482,5.103493820773284,7.357463474608011,Feynman81,None,5.118592416691674
1.5602898573214765,1.0274800297349058,4.5753347522341326,2.620616813430316,3.4536110853232818,0.7651158408990483,-0.2963887452862525,Feynman81,None,0.10835565743808512
2.563982868002808,1.695391646823699,3.181120857051468,4.487486492839466,4.057276297938651,1.2512641007383396,0.3935677170596251,Feynman81,None,0.8870276529926698
1.922461859889851,2.6758270539452473,2.696326025844436,4.855936759382287,1.0690263716654798,4.543020104164718,3.5855109800454086,Feynman81,None,4.382391258500173
3.0261041217590035,2.706130590548383,3.8024288211883213,3.253177761373241,1.2602517410156429,8.081537517177988,6.028488167728593,Feynman81,None,8.103557101921472
2.5913362084853944,1.4869327300817359,3.662046564674062,3.743384780991358,1.2756457655959705,3.1384478998465273,2.322882807391181,Feynman81,None,3.066308490735554
3.5096157585451535,4.778458636705288,1.7182438359991554,4.59710924312232,1.0842418597719532,15.571130400586574,18.405297441421432,Feynman81,None,13.657373077462083
2.683418693421751,4.37489330161573,4.977875579426922,3.202693324816058,3.2998552358920956,11.364826163646145,12.634364451550823,Feynman81,None,10.865911083375652
1.7363076692265937,4.573064463179847,3.6019147172257795,3.8085959997179257,2.5030049447814604,7.454344825783843,8.603376762530752,Feynman81,None,7.805291028370736
4.42712572506912,4.511105763226048,2.5098740535020077,1.155321940978852,2.6814594846263513,19.94452403273796,18.198289259508083,Feynman81,None,18.53069486451032
3.3304190714443163,1.51170594075545,1.3158606017654546,4.142844186945062,2.3007233393787727,1.0357110736694843,0.19717743737952131,Feynman81,None,0.864117206683193
2.71420847649662,2.607335192695779,3.263522722814865,2.3495583562267686,4.672664890438243,4.598958002645062,5.406673766145902,Feynman81,None,4.821629740908794
1.4490397415509357,3.2248726843938265,2.302963223197635,3.363633125310147,4.813226813022327,2.004920361385602,1.4386075379313064,Feynman81,None,1.8243411813894237
2.319883123378658,2.3209423496625834,1.5179418372738631,3.5033186950724318,3.428065326299252,1.5357041894042611,1.6261425112565546,Feynman81,None,1.873218178289473
1.7031371539773144,1.7969786802878218,4.306633605968059,2.8854628623573246,2.1773674542690524,2.5802940073699676,2.922341402590127,Feynman81,None,2.835694648732614
2.388510948196825,2.721546293544294,2.3834481284901785,1.5877462624563266,2.2934276527305464,6.141896987966881,6.025178473609685,Feynman81,None,5.997742252035756
3.881938938024408,1.873189218595554,2.685696633862208,3.817481365963941,1.4842161910009954,5.1654248166032275,6.991875442302328,Feynman81,None,5.448579183856965
3.6241633855273503,2.94967872127425,1.6953210956886746,4.188136248651535,1.502462293557313,7.066834794881965,6.804317126884978,Feynman81,None,7.533191234921033
2.4899057635488537,1.9263885689470515,1.182859653406954,1.7863454197524735,3.420668985276479,1.7101144239555706,1.1064258748910123,Feynman81,None,1.8429756791348346
2.876835339759527,1.150661845133007,4.012021819768011,3.6823288928833016,1.809218862428902,1.9857255110015175,2.2417965945488705,Feynman81,None,2.0482060015918666
4.4185218837721685,1.3208363868503525,4.89270852979967,4.3237379980587916,2.8634243964512818,2.7968333097274125,2.9941177580449616,Feynman81,None,3.3270607932743315
3.936062078685177,4.5901605082673145,3.7697776451195226,4.38214383426234,2.2827360190149104,16.96568950748917,17.328095585981043,Feynman81,None,15.904504798107034
1.8964962738945186,1.7495713814448677,4.670615145245856,4.427832746126144,2.9073478440197285,1.8625213030806314,0.8323309610892244,Feynman81,None,1.9201925161876225
1.5524813917719227,2.9265401073716464,1.4780049365201324,4.8693070324337775,2.743979076567367,1.4215175319188695,1.6663220569012622,Feynman81,None,1.0967715952324693
1.3044462629704698,2.885195007338366,3.548509068703801,2.0145870665784567,2.7302161525009234,3.585968510252131,3.6232118001389524,Feynman81,None,4.219397357162243
4.228219669049428,2.063023473331187,2.071356291326427,2.7099979853018272,2.5352051695487527,4.819460084652304,6.637166742525091,Feynman81,None,5.793931972263539
3.8919087221599358,3.328306022518842,3.469068029785667,1.214952361056063,4.788942006942467,12.47303690143255,12.73952852846672,Feynman81,None,11.432258102818054
4.327638208417178,2.680937626892567,2.4071063093462497,2.9276971480896665,3.1070582539996194,7.08096539679996,8.44272824557475,Feynman81,None,8.084007199808779
4.040288646175823,3.875676811056601,2.385195196694116,2.5783689925311486,2.2117970353007355,14.480808398129698,12.661938186745612,Feynman81,None,13.76865903085802
2.934466845676484,1.19223673213792,1.5102090818272922,3.9609154619222133,4.955553671475145,0.3200278683841792,-0.21647143202504215,Feynman81,None,-2.7275390535829933
1.4277935885196689,4.785202547125058,1.3729885040871146,1.0442071620865265,1.1318888545562324,6.832078596726838,5.9576675599028786,Feynman81,None,7.0713956972710115
4.66204825711965,2.2618151637400405,3.3404946606309105,2.8124418207759185,2.4910608171910242,8.35797124999671,7.436088580854723,Feynman81,None,8.524153138110856
4.796782496586761,1.3983439282857004,4.390015468114081,2.316276216158944,3.657796908173987,4.156814469573837,1.7642004922222063,Feynman81,None,5.144333514700226
2.470242717247552,2.8705206325604915,3.038641305544407,2.0927553176908607,1.0026966161371331,7.08740627238161,8.812211895917265,Feynman81,None,7.506986486215914
3.6117672971214567,2.687233687563563,1.8543436901561696,2.1764385026547695,2.341397031718145,7.299974463320953,6.581356116410123,Feynman81,None,7.722772853953789
3.4249065996987635,3.5624346117151657,1.3601549513763231,4.470062446126502,1.0182013965265835,9.607310107852872,11.957832877728595,Feynman81,None,8.661336125521407
4.829518260120619,4.672359015153131,3.4234662372379856,2.9331983239387793,4.405345218702049,19.06428587922201,17.566641896567944,Feynman81,None,17.34224429846962
4.743512590674197,1.683034204220609,2.1191017041384526,2.142223994114629,4.561897060546146,2.790769251407173,2.7369830989388952,Feynman81,None,3.3560707305962043
2.3396201018992726,4.139540974179217,1.2506687171721493,3.3899098021827943,1.8302935397760347,6.613303556689478,9.03617663238495,Feynman81,None,6.571123274583445
3.373351500431853,2.6284563413489974,4.150017926464802,2.273996292601961,3.244028416876967,7.990869347227685,5.539005755834633,Feynman81,None,8.030508425543937
1.8376176536270559,3.672452516847911,4.546104640796653,3.106622496784154,1.5746763472935856,6.733927804185775,5.893853925641173,Feynman81,None,7.647302026793462
3.9998555822703614,3.6291552053068004,4.164856314598742,4.970338029019128,1.3779778885471332,14.168731350583656,13.277276161482693,Feynman81,None,13.11041879071656
2.130910958000138,1.1439710338089193,2.6141084066371345,1.3725384841477561,1.2464030647479123,2.294251477488702,1.60803330700455,Feynman81,None,1.569209711074622
4.693917583569512,1.2218903789645852,2.9800176280199517,3.6676570039253056,2.3231633419102558,2.31198044268966,0.6284551409268437,Feynman81,None,3.065132054863995
1.6765899931148773,1.5636744278260095,1.2816041723260834,1.2312005714566463,1.1275740867757533,2.344812532325595,5.348216217749499,Feynman81,None,2.0043361273722096
3.4530801664893658,4.582304903205875,2.163806799651137,3.065572925352266,4.348966557842646,9.990408392925648,7.981133590556816,Feynman81,None,10.74976310996582
2.860398596932869,4.553278330022426,2.3375123702611673,1.6479796637839956,4.387185112991153,11.721501267237395,9.691386349895836,Feynman81,None,10.326700095087745
1.2130685454775114,4.743497576102813,1.4808586014280118,4.644666638196812,1.4026059885996767,4.560490715853503,3.9374637051082493,Feynman81,None,4.259426622111313
2.4058278219129168,4.887873599100577,3.358670669048415,4.1856920070535075,4.654270231354294,8.08142306864998,12.066276536754584,Feynman81,None,7.837227619527038
4.91607501920484,2.014280905404943,3.222515130291092,4.728671165016147,1.973995260201875,5.95562194993348,5.128164468544571,Feynman81,None,6.85062529469154
1.5400304639575486,2.763606564034047,3.45659035538607,2.283236432898816,1.0981859024593095,4.25186279641002,5.505712890057697,Feynman81,None,5.111757271546711
1.056952608476406,1.403219420669302,3.411913982463746,1.8313562642201324,2.0040888708616906,1.2797528472710236,2.889167430253895,Feynman81,None,1.2344870477193202
3.950530547339969,1.2248415177958054,3.8535520616968593,1.3516050695453519,3.691717293266349,3.570718827725755,4.221465643549987,Feynman81,None,4.064315393853429
4.173510234128402,1.302447064376763,3.262864931367916,3.7215602055113655,2.663349126251209,2.1975630901622174,1.8024625593588823,Feynman81,None,2.833813148872065
2.770750265876101,4.644781913988506,2.3430595896033655,3.1446222373104202,2.9156431570366284,10.677102553375214,13.608643983220706,Feynman81,None,10.401545004591851
1.6316207102606297,3.999140808513359,3.7558115400310625,2.9777118304577272,4.9807424125743225,5.004011986844343,3.242194292089521,Feynman81,None,4.908760998967694
3.344699002553113,3.9034219551023677,2.579160751950762,3.6490759602862073,1.575604892957346,12.291913543861886,8.706612006462196,Feynman81,None,11.615887066909586
3.525077161017025,2.2010536310792954,3.7417358562830367,3.956201910969957,4.3654751738809745,3.4428333506454942,4.303609846844071,Feynman81,None,4.124158768672099
3.1092225940252645,2.4828190455086916,1.0101995235867274,2.5485218513966768,4.908484983352919,1.5273818494743137,2.5882189129754383,Feynman81,None,0.8262913831066823
1.8274811503169048,1.8667184424490664,3.681380898960185,1.747986952468192,4.36226312708993,2.445628063238083,1.8022509165211122,Feynman81,None,2.6792566812387193
2.9086419226955194,3.1941304989056465,1.2330052462924406,4.406553933068015,1.9389430650632398,4.002920017393456,1.5254820573115553,Feynman81,None,4.724729895872274
3.4607276159041667,2.837660481300897,1.7365518167102287,2.3318898904383047,2.124854467149241,7.456416219650119,5.010790612781028,Feynman81,None,7.832485162256349
3.050899830474189,2.5517304549444155,2.4193837153698126,3.4208267286425067,1.953812535377454,5.664713519432257,9.323654865195692,Feynman81,None,6.070156325937904
2.3350730731088998,1.2922402603833136,3.4709773961845762,4.859989785326912,2.815353597728993,0.9551959845613246,1.0131123803778663,Feynman81,None,0.3211831130037312
4.615337882872422,1.7285766294120806,2.9023384815984734,2.612159520698679,4.6327002386743725,3.1301554078566087,2.99954235081259,Feynman81,None,3.9226869089664502
1.5590626806921728,3.2119462857218153,2.0082940414711907,2.8211941301458134,1.330820264020895,4.695306655965184,5.8341845478347585,Feynman81,None,5.147386243220236
2.675053450608637,4.277622059968419,1.9748368323733123,3.237871896351365,3.636727784905924,7.0407743523275155,6.9447317848926575,Feynman81,None,7.763719122313223
1.4054967866737575,1.7228158748308444,1.529008340474888,4.477363152778601,1.4538354807220086,0.9296908730223846,1.2228987997756386,Feynman81,None,0.9650432234219218
3.996388025054795,4.210701795250788,4.424109707546704,2.5301586480533516,1.6382949315008988,16.82339588368354,18.5045995191304,Feynman81,None,17.491131448134528
1.230749721997138,1.8334390511685066,2.635717196549251,1.7570365025284223,4.684656214301474,1.1909865618536204,1.4846889220618,Feynman81,None,1.1115608318431047
3.977500175916223,1.2827916308641,2.6521471194170307,4.327757121874033,4.2285331848003604,0.9377865363283887,0.7116492085097571,Feynman81,None,-0.08627059498060093
1.19464621233308,2.6518274536647226,4.337497753444756,4.403375566785176,4.564930942625754,1.637819805351672,2.6918703839432547,Feynman81,None,1.5017374172805151
3.4693555272033296,3.2950330816528703,2.1698647152470323,4.97586016642196,3.560301728129456,4.378480727234876,3.6502683349458356,Feynman81,None,5.430447268652156
3.0343271260621334,1.633241001720961,2.2614224812594115,2.022354190022789,3.1132474734683275,2.6140017989610684,2.1626456492908317,Feynman81,None,3.0682244551325146
2.4240094878322713,4.498680145353102,2.5924899894577584,2.040470270068453,3.743801354360964,9.921896708614032,10.846984330389793,Feynman81,None,9.295793607952893
3.278322519108294,2.6458014831722974,3.64109426849839,2.262097157776484,3.1727809662644297,7.565409202782917,7.478143260577134,Feynman81,None,7.628281552284195
4.720158449820498,4.918402581862495,3.723003804627098,1.9881487710694188,1.3210786439652447,23.21559865091971,20.96996357018417,Feynman81,None,23.170863839078397
4.68288146689968,4.308642282610139,4.243225819533317,3.496099676986277,4.091509678170224,17.271015728352797,19.506469023726897,Feynman81,None,15.971016379920854
2.116065062759834,4.455770381757204,3.0533097237104876,2.388553983099214,4.681562760182054,7.907520187704077,7.700457234548001,Feynman81,None,7.527899933075309
4.989311779372941,2.7464505233775105,2.0085673183532045,1.9623903970125234,3.251781881843859,9.572228212818501,9.424951607572309,Feynman81,None,9.869674251765252
4.959186476166034,1.11167012276802,1.0801429838587011,2.5887627120835393,4.695064608969138,0.5428752621696551,0.6544388334802834,Feynman81,None,-1.2217982574055881
3.643166720909298,3.5809726600274674,4.374637972564039,3.4855723467410833,1.6791566018820032,12.923159932845234,11.603408425701442,Feynman81,None,12.832571590462365
3.339974878519635,2.080093322671235,2.4465673144746094,3.7911441940814408,1.8977666198054588,4.231035720445599,4.678660110036673,Feynman81,None,4.852417422954231
4.1666231305484365,4.404689580542202,2.0638957144235133,4.137278072250398,1.549933182473156,16.317589267218047,18.618320693384014,Feynman81,None,15.072387584097513
4.516083489189273,1.4837739656139863,3.013290439266961,3.9017721542022477,1.1156919117014343,5.177965271875386,3.851607178223884,Feynman81,None,5.033357305446313
4.148732960620785,2.332288370780167,1.7127788975923757,1.0439303255687578,2.6038923835737515,8.703546941017326,9.804404499175627,Feynman81,None,7.889892010873052
3.1695121142663063,3.7730902193371696,1.651323382986328,1.3605839029217441,4.033240912079361,9.720876865387325,12.54888410955063,Feynman81,None,8.800090669430373
1.9773105984302939,1.4789044223028034,4.673305381990103,4.139329548195812,2.415689895578524,1.7508717964616691,3.332197387734659,Feynman81,None,1.686160248607692
1.7507860743080035,1.8466930576018243,3.257902144203188,1.5724141327306858,4.78121461543912,2.1473982093851163,0.6535064643240729,Feynman81,None,2.1988105234383926
3.4246527510256892,4.08424072385051,1.2184384407872701,4.805934925676064,3.2735164679121493,4.282473300323801,6.547168513548254,Feynman81,None,5.661696897558815
4.874270903818406,1.7973339038729943,4.892270544771742,4.897835937492894,3.06926579401122,4.61019266829645,5.143589959027814,Feynman81,None,5.554927025973402
2.086246257669105,1.987393914768683,4.675807850094689,2.9914875867250705,3.2055197314644075,3.102576108191066,5.379634749767338,Feynman81,None,3.3511151523158427
3.6808533834027646,1.5600547537438612,2.2947366817870307,3.6797608212818895,3.7868065921704432,1.4436369372768039,-0.11508684761135757,Feynman81,None,1.4139647813337508
2.362677382519362,3.09555327889077,4.61891654147962,3.9159304423061045,3.9717597472607005,5.30666420647493,5.089712847890266,Feynman81,None,5.42051627145265
1.3645785119915157,1.1031842395627973,2.8343198402074914,3.1250213095516464,3.778894846152318,0.38952878196721824,-0.15960685093271793,Feynman81,None,-0.5423795032247541
3.101811913677687,1.6140607028368628,4.005271102335437,3.8194229721705493,2.395935855311809,3.046178815989168,3.9684185859823238,Feynman81,None,3.4948578922512468
2.696896148314837,3.3556936328261187,3.253220188204505,4.4118088456952105,3.4974553002293516,5.5123943320762985,6.077706427555837,Feynman81,None,5.9760250651917834
2.0133834870796203,1.7554139042157217,1.6597805674299302,1.5817950995707668,2.3159961442262653,2.337644368727399,1.7629174929346294,Feynman81,None,2.496542022164271
3.8768211582331036,4.7489211887939415,2.416574234005923,3.578253960841791,3.023891589491832,14.468966608087884,16.88227047402577,Feynman81,None,14.520303749882288
2.342322566132074,4.207919465321578,4.46829784933402,2.7825293166063396,4.457406724822343,8.949434873460032,8.933082777257898,Feynman81,None,8.5275903936366
3.442913140970364,1.8547259956403526,2.4841472850684334,3.3001381292938428,2.3039226340257617,3.4564938303934016,6.891367184085999,Feynman81,None,4.2308595779690235
3.4759756257278847,2.1852874710886234,3.833115355444876,2.301286395468672,1.9926021115279542,7.212430783958263,6.976059980508912,Feynman81,None,7.381417630185459
2.0916221986973667,3.4115520884692767,4.331814847968267,4.824529759122967,2.977989499695084,5.518330924777942,2.4432546579242325,Feynman81,None,5.4601666587359805
4.554512719595792,1.2756923184025037,4.053273353972969,1.022291056901178,1.8017646979397037,5.767957896050136,4.886805150179651,Feynman81,None,6.093194098100599
4.010576060423638,2.6657816854541054,1.611445628030204,3.5973715753301923,2.942474278901923,4.115353800148695,5.281923347657202,Feynman81,None,5.767480603920438
4.326943282096986,2.6979034875497225,4.361573267520459,4.876801966988592,2.0950578148452927,9.552751421376547,8.651796757064057,Feynman81,None,9.245105729968147
2.2721937770472045,4.4215743545599615,4.614059430412249,3.307883259335061,1.8340171038317798,10.022596671998002,12.889406728834434,Feynman81,None,10.626476439240504
3.02351816353209,2.4497105361260134,3.64663046181464,1.2616507471310352,1.5222114387390269,7.40539415125303,8.29457473154067,Feynman81,None,7.969302905646745
4.085418642583004,3.0223468533957725,2.4700862014993596,2.5669491645197313,1.9767348671075449,11.110554329384687,12.022172688872422,Feynman81,None,10.736997872650182
2.819358480622804,2.284451226199598,1.9318676672289503,2.077036942326966,3.777027891354117,3.2839165563117385,3.2631585218694066,Feynman81,None,3.8342460764221507
3.6666273081559266,1.2713027176260927,2.9515693364913,4.929678858718515,1.780442435592224,1.8796872589390563,1.9324872681630658,Feynman81,None,2.0045291732982204
3.2731105675364534,1.0819812334008954,2.190818233205548,4.7444727365732025,4.214133023778587,0.41790938639857206,0.7051862250662839,Feynman81,None,-2.12219489304083
3.986761363807375,1.6565453895223814,2.7881963441682682,1.299971414031432,3.232627496431857,5.28456014489315,6.736667727401079,Feynman81,None,5.385113926691554
1.9732462063078344,2.755637375955566,2.8571254119118734,4.568715941653229,3.766109151930555,2.3278560937912105,0.7851549883968729,Feynman81,None,2.6238923866452626
2.122403129583471,1.4561500029041223,4.995297854929071,2.4489829444964593,2.227179922716412,2.689160222304154,1.808842054780409,Feynman81,None,2.4599035344284204
4.2508011630297045,2.1462011748434198,3.3493126477554016,1.5185927757397617,4.541682488030294,7.104788977468181,9.337595522739937,Feynman81,None,7.112952769946188
2.165561854711086,2.4217970555179305,4.53230364478534,2.693547034384817,1.820355548873287,5.126679644292583,4.763552266579193,Feynman81,None,5.34636858321649
1.3363000598360437,4.578554495493863,4.422059949275079,2.059868339088598,1.776387807989043,6.1181314031896505,7.1482600096911,Feynman81,None,8.060614518200065
2.659471468733794,3.734125592939554,1.641375007434807,3.4993834154056995,2.7142346689510806,5.645596352139304,7.446830294894884,Feynman81,None,6.6175226520761115
1.4363282182719335,3.633878439565792,4.2207755904383415,4.709878839566113,2.26154755892199,4.664550295694604,2.808466915751917,Feynman81,None,4.974792306664384
2.7834466626428256,2.570816288521919,2.4967841535389295,4.628695181945593,1.1557999716012652,5.964982297567772,7.308277701846993,Feynman81,None,5.6494153781672924
3.0869726835514144,3.3119245996828584,2.0303882125500343,4.564335560578311,3.2540962060305376,4.336443742589714,2.3030934829844942,Feynman81,None,5.3537256239909325
3.3957688329660827,4.3344905420939215,1.0114767659414512,2.3242642700275007,1.6768671563314768,11.911482123838942,12.817985837227322,Feynman81,None,10.204366090212257
4.249294587048117,2.455118675368693,4.07016707588391,4.0560962251783925,3.930778402892616,5.798540427912463,6.666953037595329,Feynman81,None,6.752158825204458
4.896812623866383,2.7251216503987834,3.5142225670553575,2.4541252768201955,1.638445710636876,13.118506768846425,12.89716883610758,Feynman81,None,12.558383676888045
1.8919462929298447,1.0062725769655017,3.3889889292380344,2.234904617017727,2.068972715641631,1.194914645143885,0.922202071363041,Feynman81,None,0.5103552514847493
3.07205974813551,3.618755142302116,3.901337607349176,3.7111510912818697,3.019595853466485,9.46081546601734,7.927774549448959,Feynman81,None,9.28841633376906
3.931463386083241,3.4801203114504458,2.8995553332182507,4.947640251042337,3.631181990321056,6.967046040121273,7.6614424458138055,Feynman81,None,8.270253530379668
3.7750815795481256,2.8953525871593273,4.934454562212256,4.767157044180269,1.8069930564154082,10.1652929843055,12.386581409703702,Feynman81,None,9.618282921623239
1.7101697131632876,1.9985364874926268,1.1965198351467485,4.823798362057202,2.6452521741426063,0.6331173285259317,4.119264818149626,Feynman81,None,-0.49496503377245527
3.133102587795169,3.7593810501007616,4.551947536238802,4.242836181915475,4.321595356554062,8.623303614289254,8.07605527297678,Feynman81,None,8.37407932710941
1.928245922163486,2.9415217926353585,1.7354232085122256,4.3050874290756695,4.025352867356261,1.6240997028322346,2.218881866176544,Feynman81,None,1.5991872397069538
4.952871035975864,2.2734442401514805,4.081106401342971,3.9802622739943776,4.925902203291674,4.963427994469473,5.982107453905669,Feynman81,None,6.213915580646599
4.357753173295643,1.6270107291432305,2.2000664912679593,1.1428349347088456,4.112444851702932,4.552096716449419,2.206647827268281,Feynman81,None,4.455958401473248
4.753321996922757,2.1939520022153705,2.9971253405416434,3.0903675655125076,1.0989259519972623,10.003416494236342,9.608730362506593,Feynman81,None,9.250193814609037
4.270851335691782,4.921221155941794,3.603123030446417,1.314085596720656,2.699869060908661,21.015887502801057,19.818651238478076,Feynman81,None,20.93197648322157
2.638283903125684,2.4387165341880213,2.6271593228254244,1.3170292157897485,3.445905529334485,5.71250900467372,3.8102973814034646,Feynman81,None,5.344460132142828
3.46037658615101,1.174036642224685,2.2846855961142705,1.8534866202925433,1.9123380364204046,2.596658123631103,4.1211275952196535,Feynman81,None,2.994933572103164
1.3187822307377708,4.080492027866594,3.666166628810473,1.1611427235858982,4.9172820636786305,5.324545458144558,7.478868163824435,Feynman81,None,5.400605279203322
4.691002684839924,1.3397356745400644,3.624927334699065,4.028503086553103,1.2368508453552178,4.718235712075466,4.871235273479002,Feynman81,None,4.87984358804748
4.837072296468514,3.163241571124026,1.5007209362019438,2.1489691458383073,3.878179441631485,7.880990550271873,3.6153613782511487,Feynman81,None,9.15747688177926
1.582841301773683,1.1721115505856572,2.3226161504120246,4.837077630574392,1.1039126871067797,0.8716333199269328,0.7124110659677038,Feynman81,None,0.237447617293754
2.828073971064447,4.330354831731153,3.7239777414623583,1.3947969345849547,1.9927325123750803,12.246340134458615,11.555268534926267,Feynman81,None,13.040933561504676
2.9730700246046373,2.4639773863270746,2.2106255010848104,4.163880199455461,3.3373303987178344,2.7328694264021824,3.1633806780714617,Feynman81,None,3.3863240413613482
4.858289573036822,1.9989693062680738,2.7550206667978134,2.269161046937355,4.043235793693907,5.2173650901518,4.759230384675954,Feynman81,None,6.173352761486581
3.0865660003065916,2.3515202386249667,2.257633502008724,2.0008770490383316,1.5325380768198302,6.8168903117977795,4.210031021850924,Feynman81,None,6.701764301715018
3.4388681378230475,4.00510117890574,3.6321100737403977,4.269033333651183,3.3483207202954115,10.590406607168573,10.518833804402917,Feynman81,None,10.616357802534496
4.973509566437913,4.242466240355734,2.634066171524963,1.3743054973407864,3.4484511253006187,20.72554545682764,17.050655408106184,Feynman81,None,17.924178382869535
4.700526704848734,4.097041241018122,3.2878394439888834,2.7954046127055783,4.017519099344089,16.051435695954627,15.82931716469423,Feynman81,None,15.027042941438747
4.746992030954431,1.1071436087983964,2.2847666223949594,3.9117737733086537,2.673447728584886,1.2470014866004755,2.892640110651981,Feynman81,None,1.24922045725026
2.3662261453785227,4.904717970384425,2.2155579684325706,3.4197738566341225,3.8767335175284456,7.83249222637667,8.097730289687672,Feynman81,None,8.150402627048075
3.5745148277900842,1.0815175542242708,4.561995827861552,3.566900859341683,2.202011787478639,2.152500238453673,5.552407488045766,Feynman81,None,2.59160148273187
3.2447863057405377,1.1624485529686464,1.2200001311985833,2.580018709359135,2.7479463162024467,0.7446004836851489,4.140482788432702,Feynman81,None,0.5353687180446419
2.8337199853529444,3.6958433278028013,2.6104938583934447,2.2534674675903426,4.419246148659932,7.835668035200431,8.96193001755744,Feynman81,None,7.655738879075341
3.469407267383834,4.6056280563811125,2.4467104382757574,4.515327895101211,4.712249475020223,7.751008241087192,6.2414826087747555,Feynman81,None,8.888817444190629
4.693117712991636,4.037010022505276,2.7193761791422117,3.51232930244431,4.484589889648051,11.413888679360863,9.781706892048257,Feynman81,None,12.416032953008909
2.440431013242563,1.4638687708795026,2.875088961500548,3.749682755272188,2.3842024580667442,1.567697958933994,4.135588384205615,Feynman81,None,1.7531956069655443
3.2919999975825696,3.285882749493352,3.4093222986477105,2.3295358368515755,1.3403433450502562,10.800589635657987,12.233591253042505,Feynman81,None,11.150897146865727
1.4707110007737798,2.4537102408583493,2.0271417243845717,3.495402404712968,3.0219806160908216,1.5839203365101915,0.698894075253351,Feynman81,None,2.066744030903483
3.9301707212093775,3.064733691124114,3.739143070840649,2.3184809618647457,3.3450816361907383,10.852670164226016,10.23165654826699,Feynman81,None,10.714201712843245
4.50668317685672,4.563586361091106,4.25872347919198,1.7569094596212178,1.7354561587924335,20.566518296374632,21.535586218324337,Feynman81,None,21.0814620816238
3.213758919576291,4.87511279412408,2.8056039737993546,4.959634557577864,1.7183706193278505,14.451658348713305,14.108200639338618,Feynman81,None,13.011957169781038
1.0247686751128158,3.8035478453426257,2.818006377005975,3.681613935842013,4.511249627649309,2.2159983698506953,3.786835526818845,Feynman81,None,2.085993714909764
1.0931401430852032,1.7825838023671983,4.48886304639219,3.4002703132993486,2.2894856583339775,1.50637513700224,0.2667598680604535,Feynman81,None,1.9013198960002524
1.8898887044014447,2.2340428243792902,1.0485104764780262,2.1049013687291245,1.285376194410838,2.9521642905652983,2.0445796935980978,Feynman81,None,2.6453861838204427
3.8130439248561943,3.6902887679398333,1.4595144553381911,1.61442545403705,1.5983146164330018,13.64493606264898,13.116631271353118,Feynman81,None,12.515786403726512
2.2949946145818374,2.975173706712203,1.3272384136607887,4.056013483614324,2.73306487433435,2.3343289726631333,1.2513875090743622,Feynman81,None,2.9015262467922307
3.1557265945958424,1.0161452731220062,3.342105592903215,4.450110365169146,2.526936915455832,0.9400188615312542,2.081942265902422,Feynman81,None,0.6098361948734913
3.851345324025844,3.2783417956770537,2.9252125592433087,2.371504351124366,1.3763242528389905,12.55538215623771,14.57657516501906,Feynman81,None,12.452339411934673
2.538686123295081,1.1120607049589362,4.307838630693096,4.00140990899073,2.3953828373104926,1.3042020593729584,0.0007213615265175832,Feynman81,None,1.0146278040956813
4.506279392416667,4.803597208780056,4.615677307050088,4.534837876070004,2.293343164947733,21.04575286252555,21.71710558837135,Feynman81,None,19.110450081738634
2.9455620186403553,1.046588144842921,2.994606457312884,2.224938315439093,4.930959542966734,0.8574644092494706,1.0210543112829351,Feynman81,None,0.19410897172748143
4.488563911034969,1.681726002118412,3.0497001185628476,4.965974062842912,4.2197187788781605,1.811483676445417,4.5873023505880175,Feynman81,None,1.6095519537283336
4.116676412945246,2.620191012071786,1.0826209526105082,1.970022193359514,4.550338499351437,3.303752898563743,2.858508000113466,Feynman81,None,4.322886204493916
2.6007891496465154,4.758942579439348,3.98919638997428,2.4482515072531346,1.478576629469241,12.376316932146587,13.231257510999951,Feynman81,None,13.287443596383396
1.4397288478920638,1.961312499470512,1.8215808066980919,3.4343357699956787,1.2613648539584479,1.9134804112071062,3.65792472946723,Feynman81,None,2.394709711463654
3.4987388984630607,4.650114320813627,4.175973615796867,3.9685977935730135,2.7314460051406404,15.38947974603293,13.050491429980587,Feynman81,None,14.497252391017419
4.18225023840426,2.25190164914088,1.0564260922151711,4.742050232834791,2.813762773237288,1.6615993697625546,2.179217465019005,Feynman81,None,1.7824293703193046
4.915907264574598,3.0215870439340753,3.2942754953376987,1.6024804327007702,3.17139299223223,14.274320451644051,13.877966757086318,Feynman81,None,13.09631127327874
1.3810911889421358,1.2449024535779203,4.113542814459575,2.993844669453284,4.967522125359838,0.5696855142464079,-2.73408968104758,Feynman81,None,-0.2167902141823947
3.846879461973643,1.6768162589168845,3.130198278590756,1.2021811400903233,1.4471308392923432,6.4196763059305955,6.948725365307839,Feynman81,None,6.746091123003497
2.681168818783713,3.832432100619532,4.38549468326365,1.8755871109926971,4.776811429020227,9.804055934234762,10.696711428213773,Feynman81,None,9.040357480059392
1.9962327273924818,4.826776286981665,2.770204173148684,1.6687085268926394,4.347214655866777,9.164231681843042,11.195363555948315,Feynman81,None,8.515740213391297
4.001369847540107,3.302910580259902,2.3117576670009745,4.137670614199839,3.5320726477041546,6.338432751779601,6.095770537256217,Feynman81,None,7.983652870664183
1.0420130398454779,1.9908801712042128,2.876929357602426,2.534070779054926,3.1277152070553904,1.28319308943219,-2.9105669255444453,Feynman81,None,1.6095135835423462
4.573761413727473,3.1995907985303766,2.245871615724519,2.493639822341099,1.8549254861806546,13.380979553178634,14.51375029932139,Feynman81,None,12.304951409607494
3.336654162233158,3.5787454005706083,4.491608322936628,1.2368196334738215,2.7170157662623895,11.93936365462736,10.553992522459712,Feynman81,None,12.664856373288242
2.9532781172253486,4.319032829737809,1.20688822962912,2.6774168441210557,3.8359524141051478,5.969748986952345,7.234277956177736,Feynman81,None,6.687953885929057
3.391426723740121,1.3660846144742633,3.665595998581576,3.573918269499361,4.544370065160546,1.3848399716371236,4.5573263848317165,Feynman81,None,1.3295297407517521
2.3352105504835734,3.765709233070486,1.1900791484504119,2.912048324777656,1.341303496101569,7.183375266252872,8.784661547767977,Feynman81,None,6.440780197606623
3.106670657300163,1.5326904837349162,2.890409528733577,2.311269383967375,1.6206486994895144,3.944008244259957,4.285014844299266,Feynman81,None,4.108343024870677
3.7573855988651723,1.2749027636119257,3.203856382509314,3.4358902099666673,3.5307956425371563,1.5545712522203625,-0.7809334753865973,Feynman81,None,1.9005809395495947
2.014613675374779,2.8518598516833165,2.522778939641717,2.6672238240836172,1.224258550850657,5.606937846553846,5.937194118004132,Feynman81,None,5.852298230207615
2.7928090528879324,1.7609174666429208,3.5890241610443163,4.313756106719224,1.7968020640990585,3.3075227882211307,5.81625685573106,Feynman81,None,3.5411058247185605
1.8991153297926346,3.873328313323775,2.8906117102941455,3.136096147742253,4.38717243644267,4.94068397214319,6.7324825154574715,Feynman81,None,5.291541299132057
2.7962107525139785,1.7763662163037872,1.3409089457554777,1.1739849301318817,1.6827401227976382,4.1494899786005925,5.580245115688783,Feynman81,None,3.8491836882228343
1.3787140482861515,4.037765874977921,4.1091589168184255,2.1548297348416527,3.3986098507897706,5.448311012409303,7.007553234158678,Feynman81,None,6.180296040491294
4.019668697509831,2.571112552629174,1.1156195120230108,2.9889564407043205,2.5850144183098345,3.6697152548528083,4.565251325436103,Feynman81,None,5.207971378122275
4.6449823389064555,2.801683467572183,1.6802316630749754,3.6801936795069015,4.280774905905126,3.776898634241414,2.1930112995333424,Feynman81,None,5.3603410175872535
1.7395051631470397,2.3898061740288115,3.7815003837220114,3.797139469905412,3.4929002141014633,2.462697650950747,3.3503187356691955,Feynman81,None,3.0252334804893173
1.9699978445646251,1.2584405993545138,2.1755595103793657,4.1284944125757015,4.439224079338619,0.36761191954701994,1.9061717040049666,Feynman81,None,-1.4395297335113346
4.850597836186019,4.419659322374811,1.1037444015456965,2.883760292646145,4.720910063696543,7.368974325750081,6.742463902275825,Feynman81,None,9.852928865177613
4.1192380053779125,1.700332735786858,3.8776073181918136,1.5335051182669939,3.9704783994083934,5.563020757885472,4.604511433600346,Feynman81,None,5.886564874280994
4.488386603153465,2.5840097658687893,1.0748011809823081,2.980025602357708,3.2314878819032344,3.25515389946878,0.16286642063182466,Feynman81,None,4.827902265365256
3.8878768607948047,4.585665463850981,2.077151203841176,1.4752792605491334,1.9540890462935838,17.780456010312562,18.165739489621473,Feynman81,None,17.130524906351848
3.4818586319430604,3.8070862829282857,2.3221269554412314,3.3699457148040683,3.5087931845792806,8.40075044510745,10.065957996072086,Feynman81,None,9.328719827019329
1.9902893284787861,4.1094593632244525,3.8402249458224778,3.2959186437990424,4.675534409681903,6.310295686477654,7.6858592525737395,Feynman81,None,6.346802686191465
4.847217185842245,2.84727612375054,3.497506685239509,3.7147001705674105,4.843082385589655,6.9443294918680865,7.881256235314087,Feynman81,None,8.195727579675639
1.4425103336652887,1.64673863544582,3.7300527751520822,1.2520717748929209,4.2403428607256775,1.947951226212432,0.8864811330334834,Feynman81,None,2.111705872144091
4.142318293217474,3.131557013317909,3.956896055596695,1.2121573983054206,1.6704426311283505,12.971780415683334,11.109175307106335,Feynman81,None,13.92301701349326
2.5063769957848354,2.9503318890759025,4.06621620732656,4.711347661731499,1.3307018833515722,7.079491264758276,10.031313822686457,Feynman81,None,6.72963326718824
4.549641422263154,3.9329265074295274,4.002710893132136,1.4977801987108825,4.707617985944044,17.486492933400807,15.304897834948072,Feynman81,None,15.663871922485011
1.8944625813780283,1.327801375234332,1.1457659484714302,3.2014992576653043,2.6051424959018528,0.45381997966883647,1.9981462839729025,Feynman81,None,-0.37364012209389663
4.221412314056758,1.47449475032077,1.355718988232491,4.0465633453065095,4.096008608268044,0.7470817651791445,-0.7032693663954294,Feynman81,None,-0.8587373585675079
1.511891323051446,2.573832062739582,1.0523731694139973,1.5035776195935386,1.828960181357557,2.938775269490957,1.8529211764698421,Feynman81,None,2.396081629333158
3.3301382488836677,3.430912173951933,1.1698712274590783,1.2956457450590242,2.811826840877547,9.15309664699862,8.472751321238622,Feynman81,None,8.116443712857901
3.516299743396145,4.721399957593919,2.76148175675607,1.8446703401512314,1.2917208541988145,16.601270666074427,17.88082975919287,Feynman81,None,17.180532863264425
4.141456683985359,2.2631152067108786,3.7359449204900783,3.174765536892979,4.38611910145026,5.0812260833426155,4.0161885997879985,Feynman81,None,6.095427530331976
2.769055175984015,4.0355934143978445,1.7459320318364542,1.490536983852146,3.0843589890957595,10.178743726219261,7.006733783412535,Feynman81,None,9.268277062554663
3.1661456674511834,3.2686551453887205,1.301700171797735,3.6170402464202014,4.3943697153084,2.705993190109258,5.1860955365026555,Feynman81,None,3.2993499613039665
1.7548321810065177,4.962194254446412,1.2551183168199822,1.6735128427516606,3.2227549092208703,7.134610610498761,6.0073226292053405,Feynman81,None,5.904994773111753
4.792664547439614,4.339174400839241,4.214864435778439,3.0595679743434063,1.5258604705870518,20.77976011680179,20.36653962526152,Feynman81,None,19.922807396796767
1.1336887557832784,2.798208942198244,4.337031833054844,2.14448985758469,2.6965115558646655,3.0783188517636666,2.465209237183851,Feynman81,None,3.9065163680704797
1.1327339560981367,4.080814700644032,1.5555328760732374,1.4197937746270242,1.044156365219851,4.620712880256159,6.810696307429671,Feynman81,None,5.591446604425731
2.2878561065423257,2.7517620341850844,4.424614238618023,2.554420320235115,4.94555099792092,4.69628927121744,4.024124661051253,Feynman81,None,4.66179461973654
3.962376955719078,1.4336581197336695,1.9657831513038468,3.9326940578967498,2.9308288325751564,1.3619644717928354,3.447881480867392,Feynman81,None,1.3530292124998478
3.5307513243900543,1.0300759199066096,3.631287800969693,3.4819541130791243,3.4258920180342907,1.1044683598921952,1.8604624426373833,Feynman81,None,1.1628829478491742
2.4766267877931445,1.9858347801634926,4.493523200801376,1.0428783359890565,1.470029522267926,4.9180850979342505,4.255137324048381,Feynman81,None,5.302595706623868
3.961781834103957,1.6797131347039254,3.3897051941261407,3.039076240361142,3.421856625732754,3.3183659051735788,3.8216556007361637,Feynman81,None,4.241918497929637
4.49587449449467,4.30790267040094,1.4330026684730348,4.656312068592771,2.3603869578888927,9.862495976469795,7.4133673124827775,Feynman81,None,11.94732525747376
1.7762074540237922,3.4427982081534805,3.5303657582866594,4.779153820842307,2.927526500080197,4.28500676724057,3.2168175610612497,Feynman81,None,4.551142982542598
2.9226307605100477,1.2383898389255603,4.922519717300644,2.180975038315225,1.1419169553116886,3.565607000899365,5.24770589189891,Feynman81,None,3.534247746831004
1.0103070456668868,2.548060699010065,1.3419171940870371,1.3994591349670453,1.7759703791486028,2.265394629315176,5.0707093585171155,Feynman81,None,2.381509729120113
4.145633491475134,1.753080424701158,4.621858713102167,1.1027030698925975,1.0554035655574485,7.267615884109071,7.324443705621748,Feynman81,None,8.413909005049517
4.111672593214587,1.4203412653940917,4.743919245863719,2.422199527503659,3.0602040215305553,4.208625806482554,4.897596070497068,Feynman81,None,4.850997006931542
2.7981470202602168,2.4254336041977256,4.132389431118501,2.236796652248156,4.735431405773532,5.009137605662188,6.3458763108006675,Feynman81,None,5.068466608344816
1.2508911459251162,1.9581687513218062,4.127870342017912,2.799047210474685,2.1502175033845807,2.1368967879449112,0.2954848661856113,Feynman81,None,2.648892077880714
2.9857102156273574,2.6759841509349136,4.039768929151666,1.4513678568662818,1.0062818506080298,7.989707268498542,10.279480133049775,Feynman81,None,8.962460725623464
1.5386105710248086,1.3795740748273717,2.606328881569464,3.576075573683432,3.3817539007948074,0.6131400535903605,-0.8470825171453952,Feynman81,None,0.2405420102714903
1.1264674744296546,4.835214599879332,1.5188467111998394,1.117993696526562,4.409255978416933,4.91993911083136,3.06123239285549,Feynman81,None,3.7532988098391042
3.7637209159595066,2.092604203078212,1.8711021486987964,4.928948470483411,2.726826098706136,2.2316653000754334,2.315020822693346,Feynman81,None,2.659677478387433
4.134759062920045,1.959266384033012,3.1414513895952396,1.914007440668681,4.981915874831203,4.6064467883018665,3.865907246121691,Feynman81,None,5.225649159834192
3.2270425927312845,2.1607516949447696,3.0928999703061857,3.3836848955689636,1.8856288070420462,5.444425329184432,8.124532029353993,Feynman81,None,5.755067306119921
3.6497312420768186,2.3671138826117866,1.5706806269017535,3.5181786360846212,2.0728247276260414,4.058876357349005,4.4960707600793715,Feynman81,None,5.245633892595351
2.536831824150109,4.500843220180499,1.724108685673178,3.849249828535468,1.914090372411009,8.940840250702994,11.224985875738312,Feynman81,None,8.962997109921515
4.118120240804001,1.0163239631261658,1.8672794959159638,3.58863984642192,2.504057294180671,0.8709804286865953,1.3487829824425686,Feynman81,None,0.44561289388430475
2.032218538224376,3.006848557032539,1.7114330046754205,1.937258113590285,1.016459822415304,6.04527860457458,5.556293733608782,Feynman81,None,6.162660441123644
3.4336852959176842,4.67076373795822,4.127053314053984,3.1303487267791463,4.738864256859346,13.818003736560291,13.2845693821827,Feynman81,None,12.850375314740548
2.057438925606278,2.458031576433592,1.5338730658532325,4.414875285170213,2.116868450177259,1.9363051618135867,3.21374160525294,Feynman81,None,2.4024405738112335
3.12956975053461,1.4951672788754236,3.1202185940187377,3.017927423455324,3.2138565505718804,2.0917993633960847,2.877893501804425,Feynman81,None,2.5997193260315683
3.396577425123067,4.292603974416069,1.0240422601315324,2.995393806579625,2.626923215276641,7.391745454843137,9.026483258990414,Feynman81,None,8.135986644828074
3.998633430616233,1.8696728361553365,4.485341543214673,1.5816097970671779,2.8132071112856005,7.139075546045103,8.697926370706355,Feynman81,None,7.389301142152719
1.85201608093067,3.501930539728096,4.082596202842165,1.0665092998948693,2.9814021772081096,6.484019319188731,6.630796738713029,Feynman81,None,7.274574755176599
3.166473368965053,1.357527811560682,1.5342806497874655,4.507995890312245,3.9615268798839485,0.49907875222839176,1.7449644738726615,Feynman81,None,-1.6216851127215395
4.397534125517756,1.8959772179921899,4.8607952238242245,1.89346059029966,1.0915255354994775,8.335391655466491,8.762605926273054,Feynman81,None,9.022527009682175
2.2234894123986813,4.368964960289778,4.469839761996484,3.3178140284985846,1.5086926453367235,9.70641182170615,12.227868163653909,Feynman81,None,10.528056517158788
2.8150668646539208,1.1212690901735987,4.888626695689917,4.286983555733647,2.0159631099081743,1.770683637955852,1.3808536886821887,Feynman81,None,1.544859849634527
3.9079129659249094,2.5027509146167874,2.3893052694115573,4.6068931926710075,1.6801042992462234,6.341977523048915,7.497211995437407,Feynman81,None,6.768212568553648
3.9338658140270195,1.6570387428752746,2.0600697509105634,3.257288200831915,1.7546013047858695,3.488171772248505,1.0915119877384925,Feynman81,None,4.17907552470817
4.884176856573376,3.7241946205619505,2.582284448085611,2.9480296915399165,1.7873550210459972,17.268273682405244,18.358701068010244,Feynman81,None,15.509442651272733
2.539289665123964,4.634365747841194,2.168359239469994,4.882931164775432,2.871340448411671,7.2359105802909385,6.565633574610118,Feynman81,None,7.623649346356438
2.007434584278833,4.439808754632549,4.894162083367798,2.215375126944354,4.790582247877111,8.620551029496099,11.124201286257016,Feynman81,None,8.30977562062
1.8329833441103225,2.516842820773116,4.531281946862157,4.927810024120518,3.495851988701529,2.674371997246171,3.1702491233212724,Feynman81,None,2.6287131778319273
4.714803384715757,4.0068344518668875,1.4020407834169881,2.410889252521342,2.936864150175208,12.474767748396134,12.220490662832598,Feynman81,None,12.950924145218327
4.1710025028246385,3.367192532224808,2.4318383638915266,3.3905642085304653,1.1835160933481284,13.578093373765444,14.618017493684922,Feynman81,None,12.481451840964974
1.4428269311437285,3.214123692485647,4.024811614054515,3.6602395471933327,4.746522776336279,2.9304642710353286,3.4558255583020054,Feynman81,None,3.0817737916125827
1.7684439992430816,2.911717024880174,3.4279116721343335,4.570710272326968,3.238717916805594,3.0265482701913364,2.64531894104965,Feynman81,None,3.4616842375350134
1.6127413518000946,2.777541213712385,1.0379723303923734,3.8767469510749275,3.276872764263005,0.9994863973087283,0.8131215658525895,Feynman81,None,-0.058096101449680214
3.070344447431195,2.7813860772628685,3.4253958563330635,1.6543395746968685,4.58932105353548,7.2557994095351255,5.928858216116709,Feynman81,None,6.886047273256693
1.635033719676355,3.2674208020561366,2.206810337979937,4.672590122798459,2.727300430491081,2.7367965654534703,1.8593235488573447,Feynman81,None,3.1580283117745616
1.2943908865468527,2.9125115298975532,1.6958760654290415,1.8339146766363856,4.326042354759562,2.0844632988157774,2.1163817841622445,Feynman81,None,2.08075405879175
1.890740016778266,1.0162402299132256,3.1336781601852053,4.815781190473148,1.8703657023418536,0.6523787713726147,3.0623129507896447,Feynman81,None,-0.38346106335378777
2.4610017142650586,1.8946543444566726,1.9945237733711725,3.8469555134217606,2.5277389655037825,1.7259897768113546,4.780498843683861,Feynman81,None,2.1758341482455985
1.7967159098776886,4.740748661169411,2.2227014247320467,2.0415667523291723,2.1553522926521933,8.377247469578407,11.226731681114217,Feynman81,None,8.705273185832105
3.3366921023677087,3.8949046401507914,3.8629064955360577,1.3493259112004536,1.8084948935384304,12.99598288220768,12.541610111177585,Feynman81,None,14.049495091122656
4.047924608269091,3.4657912609572925,1.8160672992578335,3.236443256499402,4.713392906350322,5.480964284697862,4.1047807229179725,Feynman81,None,7.385381807960942
2.431149663786589,1.5600337992036915,4.0507769248778605,3.164253139288614,1.9786424895007753,2.9032376002035525,1.5529269096377536,Feynman81,None,2.973263199263471
3.8861518480105266,4.761604270704858,1.463274194465808,3.5002235263994215,2.3144231272150075,12.884566180016927,11.030136022052012,Feynman81,None,13.599223364419602
3.629596594144609,1.2636906127265353,1.9936714351353344,4.6316662743459815,2.8315759105561815,0.8704249173256677,-2.1759753876803054,Feynman81,None,0.04307455259451197
4.306503158991802,3.056278405794368,3.152782789581287,4.4779740496543905,3.361850466516395,7.435757002667299,12.278685698281935,Feynman81,None,8.630897253058828
4.4433437015162465,2.006518446241332,2.902641967017536,4.559310363462467,4.512604056478542,2.4585257609599513,2.372397056309339,Feynman81,None,2.8010139797679767
2.5298761023977256,4.544871779190503,2.0321916755624496,3.245135940647785,3.2173854385233907,8.148832981213868,10.84588017324916,Feynman81,None,8.550398690660703
3.0195758318397674,3.58807528882947,2.0997706934957274,3.0250173084483514,2.121156617677443,8.944999274074355,9.319942739929866,Feynman81,None,8.959535498665794
4.097011674317126,4.605529580718898,3.482982630827878,3.147989947639573,4.336080692713519,15.584247822149566,15.762617919747864,Feynman81,None,15.092836014027496
4.1556509664478165,3.536683371877121,2.645516123172468,1.2453684614489657,3.309388136474691,14.386909026493738,11.82959852118209,Feynman81,None,13.228321733737042
1.9098089079419571,2.101080773461151,3.9028454709541895,3.991613625176806,2.3099879464934707,2.853266613467153,2.4957833175958766,Feynman81,None,3.262175349177952
1.898515541597121,4.810767486353651,3.8201162146482854,3.7784183639426834,3.5591609704573104,8.018222297820783,10.052087034114342,Feynman81,None,8.052502705193891
1.6394701569594479,2.0249108128956506,2.522048829130777,2.093466450126721,2.6362502539760984,2.418192312857595,3.13110577653267,Feynman81,None,2.8045164295791527
4.17271047257813,2.901107414398924,3.6231751912841985,1.687115836679585,3.2126627178636316,11.614940462226532,14.61571733719042,Feynman81,None,11.202988146805573
3.94683585076471,3.3364240023766016,3.417996319906833,1.4575879331284858,3.6274011951447083,12.82049397465668,14.778437761262278,Feynman81,None,12.225586745002502
1.1395579864402707,4.520290300860654,2.9123265016404893,2.7698207113717594,3.314323726036168,4.597337506618627,2.6654987096764406,Feynman81,None,5.078938245691655
2.489302882341863,1.4621913553114312,4.010834172481138,3.6645434779272557,4.5967415886316685,1.2183833091927312,-1.080935914120011,Feynman81,None,0.9288253676284968
2.080296171619729,3.642052632474188,1.7970910586409272,1.4780692070802965,3.2844517109942166,6.619106913518969,4.66532371496334,Feynman81,None,6.33972082047852
3.9223074201119648,4.684045238839923,2.651427828030669,1.4553404774430931,1.6403476013189406,18.371152468244745,18.662572184823233,Feynman81,None,18.688418774252945
3.1314223730586193,2.1392706110089734,2.4943105532198606,1.9552689755980888,2.371262085650766,5.480054065657286,7.628101786764741,Feynman81,None,5.630648173752007
1.6666108078837287,1.9604241958422963,2.3927696239309135,4.0653693203377355,3.9840885601998277,0.9206528717160434,2.195812824870266,Feynman81,None,0.6812260789608964
3.572100052327166,2.867584348432324,1.9940716266372616,2.9678221887372978,2.653603434297537,6.357603603866082,6.475183615131694,Feynman81,None,7.359282060299319
3.446025436027089,4.384951331168094,4.382304402701183,3.7055537489181423,2.6660443673055685,14.505293172921457,14.808371079846744,Feynman81,None,13.822467017921216
1.6055669941858302,3.0553291976057797,3.580190557188682,3.8908760969983733,2.4355374465465625,4.0184991445015505,2.8572266532283814,Feynman81,None,4.5695996330165825
1.8316851593309131,2.401099931856285,3.5179053108723655,1.4822695735017435,4.758578977996899,3.6631549276938813,4.772445731026069,Feynman81,None,3.6708050876066447
4.074534857850102,1.6329526163918353,2.5697002577750725,3.939932270368691,3.554418403628386,1.9360583716526092,1.5894380896033655,Feynman81,None,2.298281019813184
4.266634549388673,3.131176224646764,2.0284187287236466,2.667753480091592,2.1873405916518656,10.638326814272327,10.688822243224484,Feynman81,None,10.647062711622368
3.3642999370708857,2.124342649463524,4.933977455116029,2.8792450945308405,1.7947573391483127,6.903751739813933,8.446299095680365,Feynman81,None,7.08034604393269
3.952044453478368,1.8344433497071129,3.841122638134734,1.2556786270122218,1.542113776708805,7.23979322267963,8.974246134319396,Feynman81,None,7.836775910164657
2.496767173321291,4.3689483079172025,3.111264204406292,3.9144527654889307,1.3703353088206973,10.771785749381499,7.708514013567346,Feynman81,None,10.587282423924027
2.9342366865469143,4.9757719313273165,4.4777678017150855,1.5501919474304184,3.4939116398553876,14.592290278922206,15.147355916905758,Feynman81,None,14.57732636046801
1.715086622472259,3.0031472043254808,4.409297788663233,4.062853178007164,4.645041194934125,3.118305916638976,3.7543727898331456,Feynman81,None,3.2690040530971145
2.9581543684020764,1.0879434778031416,3.20295888007694,3.8158113253946397,1.1120181929357358,2.1747138464441367,5.338265915196157,Feynman81,None,2.0902555050668132
1.284706325684824,3.0919585131890592,2.852887089665627,3.2261196386534943,4.587465235077989,2.122042185139402,3.102133223360275,Feynman81,None,2.1940531689487304
3.714006501337956,1.5870733664102321,2.846487450202466,3.5097311082726788,4.729235348846977,1.5658098254258008,0.9086933948261308,Feynman81,None,1.4737960586163033
2.5139579508185643,2.640579434058605,2.1746708775414354,4.425298465287476,3.5977227173660786,2.295613665801607,3.8755164885540365,Feynman81,None,2.677474678943533
2.696200862114705,1.3084691313901042,2.2073835485286315,3.0854518286204904,3.4688378506023696,0.9295812943590308,0.9050284478816295,Feynman81,None,0.6230052870318155
2.0645209409606364,1.9626414386194506,2.0569289816906773,2.4117386574405253,3.4600322657349056,1.8203934898789906,6.444646758337125,Feynman81,None,2.2508439545182863
3.744141053379014,3.595949837898433,1.6030195269913743,3.830904846213956,3.0478751984786374,6.154813402378539,3.5881145879497924,Feynman81,None,8.104116750654136
1.9537296699021018,1.7419683662524976,2.988955337908612,4.368246970771996,4.939620526889023,0.8056515317243025,-1.7467399165193882,Feynman81,None,-0.23505298376428074
4.268445033205423,3.408371764793461,1.2543317373274099,4.696678396636046,1.8891415660112512,6.513588047371195,7.726227225925132,Feynman81,None,8.12482176346388
4.230975087657626,1.3687712536070027,4.070372135182112,2.650348858720861,2.384044783360119,4.096124840018096,3.6886796983709025,Feynman81,None,4.707413655303787
2.0218167495107773,3.030229340534545,1.989214566591862,3.0711753010112064,3.9172680048958006,2.8361833825685623,4.199751875414437,Feynman81,None,3.5226257204254092
4.299173142220095,3.805175465355488,1.0395081769420735,4.997892662247625,1.1947515163216913,9.487896035002668,8.758694774966301,Feynman81,None,9.26160811851955
1.7926288071179401,1.9954511649527191,4.8692651426918445,2.228391717166891,3.45077427550494,3.047845962709118,1.613132770329113,Feynman81,None,3.2822723019774305
2.0934320766531678,2.2670052514543904,4.243450911656016,2.2306696365032423,1.1349088745781861,4.741073105343193,5.853862008884485,Feynman81,None,5.153069252263933
4.406811665377539,2.935755951847059,4.262203406726723,3.0818102422007168,3.9053890061252616,10.06196152944158,13.492476056912052,Feynman81,None,10.197667952137932
1.7209317446965642,4.716622805044724,4.823353981969305,4.61931380602144,1.737740776210976,8.061107467693228,9.35583169121091,Feynman81,None,8.628812901109969
2.4046310519376726,3.865293621377898,1.3703904964434392,3.5349096950384977,3.430807560870188,3.819738606121716,2.586490290351544,Feynman81,None,4.675336579112287
4.132659173175316,1.5277408177114777,2.0990097348371877,1.1734884083779038,3.891461890737514,3.824636371907222,2.6339772343263155,Feynman81,None,3.9265826259195915
4.008314266598687,4.780137894377473,4.6964386302828975,4.640787495204858,4.482995207327146,15.1913069962617,17.356131861729576,Feynman81,None,14.424609241810048
4.886083689071471,4.733193590564902,3.4082518665950072,4.226873001336214,1.0605273426889448,23.09218330631223,22.801658124239328,Feynman81,None,20.942911358193328
2.153311085405355,4.275393544437218,4.018642313261546,3.254576718862392,1.888895351377804,9.137711717886342,10.833977036917968,Feynman81,None,9.611683140594199
2.7195719657564816,3.288412646421988,4.984619760911318,3.127540102354574,4.573081878130473,7.301518545013383,8.03218895036187,Feynman81,None,6.929097488793219
4.247741460044219,3.2421823712664093,1.5933482355002324,4.657086682200303,4.306127951861127,3.4712197822854858,2.6129682305786446,Feynman81,None,4.978327353066627
3.794942095383476,1.2047688025858978,1.1609498950882418,2.140486082625211,4.1317558841539075,0.7170991163219663,0.89044708517958,Feynman81,None,0.022632612638271314
2.309585081267512,4.137555973066684,3.2300449551073056,4.471658574906753,1.9862282917020888,8.6577404492,6.343322416259944,Feynman81,None,8.43744222858976
1.7557455546147405,4.405104089664221,4.956297083638349,1.7307247333847893,1.442041287940313,7.734241533057764,6.860066252082119,Feynman81,None,9.721043687407313
4.741937469344684,2.4818381414606887,4.358954940810323,1.5404429120474505,1.3735143501259262,11.767868891283138,12.693196000785754,Feynman81,None,12.357513259156267
4.315637547105502,3.7704119779125076,3.794620173186309,1.8275933662735127,2.8769122874587496,16.131438782302613,16.141715537046636,Feynman81,None,15.538902325671389
3.890750088717584,4.55505315106471,1.5425603333168652,1.4160623984960483,4.0673054649054325,14.880635958589485,16.065519794493206,Feynman81,None,13.465899414510588
3.5820841014626827,3.259112326039757,3.4688989880531103,1.103497988692979,3.1388951452553915,11.640326150406194,12.263613376648006,Feynman81,None,11.583911605870833
1.776826398120841,4.4672135891115445,3.5228144308153744,1.5646913717174589,3.8519242429487064,7.852266865618782,5.908691913919422,Feynman81,None,8.113779771190924
3.4667827590577547,1.3749044495550962,3.0381829692485307,2.8603337447234733,1.401016481427129,3.712272943871342,6.641299688862855,Feynman81,None,3.997599250000642
3.2175887030208696,1.6681559889393802,3.1652693947424693,4.31192455173921,3.7649041380990873,1.6867158349083828,-0.33062825115613137,Feynman81,None,1.7575886939842147
1.8198668123080957,3.2030211337301284,1.9565676338062659,2.6864337060015764,2.1342617312250645,4.6514843303725755,1.482136356373231,Feynman81,None,5.143249912860604
4.798237937182192,1.2347405661762498,1.2513501809693865,2.3184013070715714,2.7600049723840367,1.4034144441403993,1.7976879532984262,Feynman81,None,1.866856594406887
3.825394188146214,1.5086345858109524,4.837641103232826,1.6282466982708481,4.169869315405249,4.566727151196482,3.624012692171383,Feynman81,None,5.006574166241835
4.836689830067193,2.8972780282200263,3.67090712512141,4.2067131630055385,4.097897721652701,7.693411656103893,5.4509984741926045,Feynman81,None,8.877499964365077
3.1152259562989824,1.2693936372024526,4.412276034049613,2.568426748929894,2.058105552183023,3.106195571035755,1.9160565226235193,Feynman81,None,3.326679889730031
3.903861329924184,2.603199047793191,1.0087580297371046,4.721995813895814,4.979174399202902,1.1303490542002939,0.8422842426449061,Feynman81,None,-0.9320390390299695
4.817710246607937,4.4556370170964605,2.7335981243348826,3.7369187610430763,4.338706266167149,13.649774454224138,14.069979572643945,Feynman81,None,14.326677689124738
4.72576745030851,1.564569025270532,2.326439732930653,3.2926408556467996,2.8295110559460435,2.7501476205534297,2.707992766391657,Feynman81,None,3.653621968036383
3.927705568941867,4.998374074003808,2.9225247784116335,3.9254593516527434,4.150241805321806,14.030363308553447,11.2357024786407,Feynman81,None,14.390635864235815
2.343413122046867,2.6239228456081345,4.669059166943043,1.2064093954569244,4.859328044971855,5.963566428093625,5.872794138185793,Feynman81,None,5.588297350985427
4.393915132329138,3.622054396168664,3.5790405704599846,3.9555134292199576,2.2476143440150818,14.280358005102109,13.818153975189714,Feynman81,None,13.470542006047427
1.7068046573073739,1.0883512404694686,4.849085361539409,3.447770957714759,4.695591981668173,0.5849781793257676,1.7286552437133116,Feynman81,None,-0.4775009641628253
2.787675581251936,2.24474010839231,2.6239953159361415,2.6842430423618007,4.38672040784588,2.892865799722358,7.418885590183504,Feynman81,None,3.340868069211084
3.0424164720739895,4.952171447756026,1.912616432973199,3.5332144949104682,4.962901533992372,7.429397125488267,3.603035817320882,Feynman81,None,8.18593125978677
3.5668155687979026,2.863446496391524,3.706308291322664,1.59810260853014,1.491706941432112,10.210610333820403,8.010791099474487,Feynman81,None,10.96778755631669
1.1280199416441627,3.0180924738624624,4.311704100045345,3.6025499336676923,3.4573081627054836,2.654725166348588,4.3754372471057215,Feynman81,None,3.201785311422657
2.3817213517583613,2.3188716128795317,2.9713034145983994,3.501554801220953,2.32626751036489,3.8047586228744708,4.964784086558991,Feynman81,None,4.282645491326071
3.3291901827896644,3.8202270316999676,3.51295294633216,3.177064100234941,1.1976904137654198,12.696300340573526,17.508284633551824,Feynman81,None,12.826262447412326
3.691523464749762,4.9741881563206825,3.347410823126908,1.3737344741462314,4.721502007132765,18.147240437204214,20.186543142084076,Feynman81,None,16.44095952777481
3.2575538404664632,2.7865357364517958,1.7089960261073855,2.387498366183753,4.47324733786925,3.799071465408633,3.108492032616516,Feynman81,None,4.658631117539122
4.348911328937536,1.1409896713864094,3.938471512582031,1.1389036463583024,2.420825895879298,4.595099640493641,1.9324170553023179,Feynman81,None,4.823531421431488
4.725766606046981,1.245442365275757,3.131302293769848,4.440777338446706,3.678690026657525,1.3789555941846474,1.7272371703953098,Feynman81,None,1.3083922357736808
1.4511046604718714,1.7050583363983391,3.0728081308514312,3.0872913997031013,2.2549570538914767,1.5753146794688837,3.620685869015392,Feynman81,None,1.98251591408533
2.9729195535505646,3.5566021188361283,3.840644805822568,1.884296791970669,1.1069251326127936,10.573448642251018,10.55245737635171,Feynman81,None,11.58637898815014
3.784535607793313,1.8405202971700905,3.6884475924394193,3.597558454650374,1.681332963182295,5.630780576208899,3.651463430468831,Feynman81,None,5.887372661628549
3.629395932159696,2.2550430628965663,4.318737461002534,4.9905735848981685,1.511683586563219,7.033449685189631,9.069795452129396,Feynman81,None,6.681915805023506
1.110518531271968,1.3228824478409567,3.7341212511861546,3.552103745183885,3.6081851665756415,0.5397506552814286,2.612748094317886,Feynman81,None,0.154911286754651
1.4630958006677521,4.407607548431901,2.7658466350371165,1.260927042284428,2.3046747530402225,6.445823353865296,4.4146164951297955,Feynman81,None,7.43937050900695
3.7384107045797847,3.4863699615314805,2.542491220733141,3.329724049201083,3.652260409873193,8.111867423890676,5.777939335305013,Feynman81,None,9.151799298141716
3.349812067427458,1.0564968700305117,1.717686805437185,1.5511970934495833,1.9771382933387809,1.8796815082280431,2.989543823038736,Feynman81,None,2.2022440557157603
3.391128489174816,4.264568198505036,3.8723265244285456,1.1237806844744571,3.2583458777737926,14.458199784164858,15.89700587549382,Feynman81,None,14.660775056437148
3.8921314676403367,3.6325790186748277,2.386542117682294,2.9065561069674213,2.2416257412662635,12.291877700828104,13.827844079019508,Feynman81,None,12.02428821721088
3.808226298535256,1.5718251210474223,3.0489359533215676,2.0352721906124294,3.2765287305463953,3.687718106385704,3.9780625216062884,Feynman81,None,4.391124293624609
1.9669592677288068,4.116749936861552,2.01932185347894,1.5190915064996764,3.048823306885975,7.662457386480231,4.323723159399442,Feynman81,None,7.43272867471227
1.595538752320636,3.0124190351222087,2.641901087612029,3.1788212833215463,3.7533599171522347,2.8022603672936306,3.446823624295578,Feynman81,None,3.3466968254207394
4.375905924572997,4.289382265592542,3.2864675124707694,4.697810711738038,1.5087855923490188,18.079781112817994,16.939708057989183,Feynman81,None,16.29448846808194
1.1772501936466666,1.7041169910314498,2.3055124506770404,2.140612687139773,3.087735416311333,1.0694150044099326,-0.09820842885195646,Feynman81,None,1.2500442196487178
1.2512127368864543,4.285814880576494,4.070380395945929,4.487287205532509,1.7008291672713325,5.252674129713862,6.75604948374964,Feynman81,None,6.120754834446888
4.710049016130585,4.425128565509623,3.727295812535994,4.667481304875792,2.663499440713727,18.10071868533815,16.847373717099817,Feynman81,None,16.585743874017354
1.6969764763507054,1.804501525723508,3.3024932874388133,1.24197152602776,2.4379419300649676,2.9449418405976626,2.225394466659247,Feynman81,None,3.00200125537764
3.4221399203209333,1.721685308323964,2.444440581905427,4.779278368532744,2.3908967482378256,2.076935806849715,1.2173534509222372,Feynman81,None,2.370786103551011
1.6342988590715612,4.964466698847167,1.5626527087219353,2.4603115711427757,1.9562103436738685,7.4922226622317885,6.254185420563413,Feynman81,None,7.369960677345572
4.4222455860999474,2.5039748705038516,2.296961088544536,1.6482344740493904,4.1456999023743935,7.604161186455455,8.852784488836079,Feynman81,None,7.707336630968667
2.252928087277822,3.824670569930388,1.6998713858267847,1.7024973440966322,4.983920099708202,5.555408121819472,6.519855234404317,Feynman81,None,5.18639696889434
3.1823806004861033,2.576915005718046,2.5845035501264775,4.204656348540662,1.2410391579102402,7.015741420538528,7.799505079951154,Feynman81,None,6.744064248482715
4.872805140830101,2.6300585158847727,1.5007726032507684,4.315315578100176,4.702783228262395,2.461663865516782,3.473255345605752,Feynman81,None,2.97855509977342
3.4818921900594937,3.2619150129699115,1.9839494491001903,3.57250399425827,1.1231829697410145,10.489600170356915,9.489537247761312,Feynman81,None,9.768136920015737
1.3064897510019078,1.0795731267468884,1.5225784481557247,3.748631701636482,3.4970602725037154,0.17593256096713153,0.7056398705609239,Feynman81,None,-1.7932709348621787
3.218445289307018,2.5399841964387986,2.604691224303975,1.358515934937187,1.8483155509467117,8.091099975762516,5.22816819417617,Feynman81,None,8.027853981980147
1.1477200367749236,1.8125486939721167,4.227293765833325,1.9688818180131946,1.9481220563800061,2.0051168047451395,0.7810960668530913,Feynman81,None,2.4541048908627716
1.9564796130875632,3.37793954414644,1.862833568183944,2.6437254557775645,1.3527583723980179,6.228510696246395,5.434792315544442,Feynman81,None,6.402087481850325
2.0298570883880265,4.708979609079146,2.579831290596771,2.6482391510460097,4.757110418612266,7.132538658598425,5.408292147486956,Feynman81,None,6.908251805647724
1.5931879535901237,2.054510227448571,2.3384147540852243,4.287947900442459,2.3727962144721135,1.440118474995548,3.6208288810418665,Feynman81,None,1.8334223913215661
2.2889373086306497,3.1077265534564757,1.533088842869864,3.5161631842718433,1.902572412673663,4.3537683589413785,6.819720546860055,Feynman81,None,5.033055026884084
2.163931153486364,2.9186714787215946,3.867768212005968,4.104337464954163,1.1309735574174011,6.219026410243165,5.234038699695815,Feynman81,None,6.37767129523319
4.573268155207595,3.7854807571467104,2.019692158909807,2.383217357969767,1.9737371797176735,16.020540804304705,14.896766936439857,Feynman81,None,14.53351802497617
2.890718377238976,3.6837295289241,3.23533539974188,4.539195369513488,3.828886620169535,6.338428072530019,6.8323428966766615,Feynman81,None,6.764685879079498
4.773993427163666,2.4541091027335273,2.2290688753193484,2.3804374364023437,3.8759578502237826,6.23260374552842,7.169653146116519,Feynman81,None,7.248918027542166
1.8624001455586536,4.296254376736417,1.560292726979608,4.204556413259763,1.9426027931707655,5.404575077603531,4.417795698112531,Feynman81,None,5.79035723455841
1.9851818549643205,2.567583192147593,2.9650153128523633,3.8560052987742064,3.789964968535538,2.4385476412575695,5.749332868536378,Feynman81,None,2.981320407446145
2.404743464965502,1.4621608949741898,4.093299129176414,1.8302597692752856,2.5476952340857624,3.014808946959542,1.5980823030349403,Feynman81,None,2.8642600914757117
3.666707392526122,3.513246286075895,4.59043774974503,1.0329598379387894,4.646385925283383,12.851010080197378,12.347692369805102,Feynman81,None,12.57278253327692
3.274441602223397,3.6779999723723207,2.379650473465282,1.2199839766969949,4.270762617923426,11.23455549373598,11.37055735823742,Feynman81,None,9.86254377364371
1.2726581737662563,1.5221369075132305,3.6283781849200416,1.7204902761786571,2.5830405604554545,1.6392970495839678,2.0052897139946957,Feynman81,None,1.7827043298854641
4.54760347242847,2.1487232844868838,2.7207701117882177,2.1805088159985795,1.4904554176474645,9.250591550363758,9.36671189101402,Feynman81,None,8.691324812656106
3.888095735973065,3.9229006266240134,3.789376816655335,2.905440764407494,1.6865254234707239,15.182087799098323,13.562022256280438,Feynman81,None,15.129450656023547
3.3592609725319273,3.516687332582853,4.561377477854565,3.00008202284415,4.783972574705686,9.530539533724856,7.985696312725515,Feynman81,None,9.19874199467625
3.012514693351232,2.187987038443137,3.3365328200334075,1.5938717256022397,1.5386326262111427,6.557204232587838,8.173894504798845,Feynman81,None,6.766661958667981
2.9207028619448216,2.4321043739047736,4.6025500794865,4.077243673349142,3.3139826450927874,4.827793878342178,4.60459424908392,Feynman81,None,5.058871488569479
3.9306280753441647,1.713029073326986,2.5192659893451874,3.5306629912413094,2.5916067970265315,2.959450771115419,3.245869445610349,Feynman81,None,3.8076056353954866
3.338361331626209,4.777037056691006,4.532479900553897,3.500443412272927,2.4044573568338703,15.762651875243185,16.58404782359762,Feynman81,None,15.251600973534
4.251962147728216,1.655505344776015,2.231990128559408,1.5370811874410544,3.768226513066062,3.9665906783116225,4.242634623905926,Feynman81,None,4.4028298827349674
3.8804749268759124,1.6632533287073112,1.0960557131173805,1.1833036775274821,4.272654545590867,2.231359825185965,1.7332471551568631,Feynman81,None,2.3578648765115613
2.9549276872281474,4.204669477309865,2.683881066401527,4.213883386736991,4.083490090527105,7.151182730220054,7.262624015593075,Feynman81,None,7.732463987512568
2.418874376293891,2.520284775827176,3.6294620324578584,1.0169593989686665,1.0887190360932277,6.096251452341148,6.595101987211208,Feynman81,None,6.758679065615965
4.484468355626042,1.000922526847908,1.2349358900212368,3.762468130129922,4.705310924321363,0.3128889541563031,0.34429482713444054,Feynman81,None,-3.083544240770872
1.8673367066853896,1.5407551564722404,4.534711823755893,2.3131200374996013,4.189631800321164,1.7766194052576836,-0.07300979168556654,Feynman81,None,1.887107616503313
2.8169511381776116,2.7414977941165475,2.769340142108613,3.0684898323271574,4.341767820621733,3.979188462296132,3.324848182175737,Feynman81,None,4.5518564723980806
2.935795346367727,3.3757248608412724,3.919027508925434,2.8935084076630617,2.2486871621008504,9.576487216223855,9.823023305602,Feynman81,None,9.4506754293759
3.033099277557733,4.378185081842021,4.608585487371235,1.111002077213545,2.0408649757330943,13.279469513538006,13.210827757395082,Feynman81,None,14.688004283579671
1.1344436996922536,2.5407701699268728,1.3896631900380383,1.0038479210116433,4.931459140155566,1.7660232964177915,4.357111766741849,Feynman81,None,0.7586042315979786
2.720456407558656,1.4299085414727006,3.7271168383606432,3.5843102034780836,4.121138198940267,1.3456014629215827,1.339010196082977,Feynman81,None,1.2958828092664774
1.6886260458159725,3.0528006908424823,4.4309041997770295,1.7482033943805577,4.101570550798492,4.92338974132987,6.336877132850509,Feynman81,None,5.262555359942291
1.66730801859996,3.311875240863459,2.5999888022810693,1.9205124250390915,4.148903804644059,4.38135963193957,3.8032682181413744,Feynman81,None,4.534347331661737
2.600961075442999,3.669650096978874,1.46350908203096,3.2945414244294953,4.768363433348505,3.141535826739411,1.8091481849984838,Feynman81,None,3.588740168636333
4.965478956087739,2.220466441452442,4.685543203280108,4.80101034768607,3.5648655403974443,5.983012529721109,5.66516882145091,Feynman81,None,7.1393303133783075
1.5445651174669237,1.86365647240184,4.035381651406169,3.700818771608421,4.499310656897368,1.2183655559138435,3.079195529727315,Feynman81,None,1.3184293054828045
1.8829473764348497,1.7469607226384634,2.0962339022661722,4.072090450890041,3.1188289979552635,0.923054121942033,0.5761615509283354,Feynman81,None,0.8183082258976238
4.009471138145553,3.4933286382758535,1.1727642453851637,3.3166750658702755,1.3452680304810904,10.155283133123888,8.444161433599154,Feynman81,None,9.864907489474742
1.5293936641959638,1.0676651030063904,2.038499249458602,4.356560909725294,3.2884001604201756,0.24617741321500386,1.5212961370125335,Feynman81,None,-1.5403857281738653
2.326449246763746,1.8088515384562402,1.955988117201493,3.2927172640462823,4.641981433267656,0.9570761426910512,-1.6163033444549542,Feynman81,None,0.3844872331903925
4.299591445887334,2.8107116134366477,4.5819125948856705,4.039026878359676,3.7049411640172587,8.417992205915974,8.744324498317376,Feynman81,None,8.862404441197077
1.0410311679342232,2.2366478551708493,3.7809721987629037,4.627816488969927,3.9755801143611396,1.0007467923153388,2.606287088547868,Feynman81,None,0.7988788003433974
2.279694525603635,1.2830982400987923,1.1570719391030555,3.2726252706947636,4.100149378344613,0.3223248033459796,0.3087492461965323,Feynman81,None,-1.5683266413815502
2.08484588089935,3.4517038335546726,4.404829327205097,1.9438004584910846,1.105674672333116,7.196260204288795,9.162582769362482,Feynman81,None,8.411879420233982
3.5565317255954536,4.255385235064502,1.6489046683906046,4.152837011527241,1.3748368386387715,12.747381574730852,13.297298895464044,Feynman81,None,11.950940917859304
2.7721825721291844,4.981104041117003,2.5765925454210667,1.2142976610895726,1.6854440619657542,13.808431112895956,12.541881927615695,Feynman81,None,14.223218089448622
2.078230296581152,1.018722242910882,3.6434899461563335,2.6198016188221507,3.2946152778050535,0.858177423753,2.8563052606723893,Feynman81,None,0.28956519169164735
4.831237880120398,1.6134824422878578,3.695533169319944,2.8572215363404263,1.1359492901905188,7.409402072276008,7.594071567683941,Feynman81,None,7.382986456642232
3.085268535115058,2.087367292465287,4.825475191883784,3.224694874629747,1.448414618208044,6.2698736492126885,7.075393829830299,Feynman81,None,6.345417923485923
4.793189245703433,4.59786893270471,3.047058285784182,1.386392514395928,2.6284943069965028,22.018286681747412,21.404922006352294,Feynman81,None,20.344076660547422
3.6184834117562668,2.5778038876775375,1.736576072309366,2.6490242130818333,4.400994593559794,3.4154229732684898,1.1369056622222415,Feynman81,None,4.484296478796812
4.77689365522317,1.1039339926115819,2.040943925862524,1.9154789078452956,3.9015690223408375,1.5433365879488647,3.8797177224847594,Feynman81,None,1.709429501156017
2.730292502359275,2.2435630566192835,3.7788420432533165,4.0859400495578075,3.2343219767199782,3.46674475053624,2.274934365951161,Feynman81,None,3.957490712936663
3.4536535886976836,4.334631708540497,4.654482859489404,2.551803459033911,1.3215466052554636,14.970125901747217,14.491054112188309,Feynman81,None,16.190698060814785
3.2702441316229143,1.8641175273591477,3.877148013500876,4.9271668691063955,2.939110210070317,2.812721782872336,0.9002379560272904,Feynman81,None,3.1207242226438376
1.9257276591965207,4.519547183960675,1.0319721801851816,3.259790706890845,4.63898620858782,2.602355929317537,2.321579445259173,Feynman81,None,1.2346698134215501
1.4991712112461242,1.2846018432812771,1.3247837150518098,2.8972738916066905,1.2661930424264858,0.8343832176826145,3.5240613432070584,Feynman81,None,0.6637501810605207
1.0750982736138162,4.493276713566933,2.314418609558839,2.259835682054723,3.46343734326283,4.1975364519162275,3.799208842654026,Feynman81,None,4.559277408519961
4.9272283836312445,4.959729488481454,4.114444211200106,1.4365034830116072,3.178910419352862,24.431299787650953,23.652726086991688,Feynman81,None,23.05501568868049
4.54938120312614,3.344562484458173,4.9639662764207735,3.548576897100787,4.7811759769466375,11.448798884893398,9.49752883486816,Feynman81,None,11.200883901043676
3.0998522060561986,4.663451430984222,4.244845210624493,2.8354464167357825,2.9678344580003087,14.19664590994791,14.044026042391287,Feynman81,None,13.648403558234545
1.2356372243582934,1.2265058170806848,2.633610734565802,2.1943794801747996,1.1991077608983844,1.27587847550933,1.2670550184188607,Feynman81,None,1.0107244775759514
3.790503346159749,3.125696268941632,3.0199204374046746,4.697498999143996,4.532646001596194,4.933468284200763,4.185903992312443,Feynman81,None,5.977260827690045
4.683335663112105,3.6177004974518465,2.5324238700287682,4.884059166633371,1.2869921923960046,15.200638379812982,12.736545851482017,Feynman81,None,13.290017534366292
2.8431913400708195,4.852578005867164,4.584327579816213,2.7287653029718966,4.932409010795479,12.820575987894685,11.799073753669134,Feynman81,None,11.391008437614957
1.6301079800865415,1.6974384414602381,1.7710156122978962,2.9672256448621166,4.613741457319527,0.5980258608362096,2.063116620845012,Feynman81,None,-0.17672877557330074
4.307410395939092,2.9670824142561902,3.5632312040068763,1.0988924709821348,4.2735274965496615,12.500322720617188,12.535757696798866,Feynman81,None,11.492851571906876
3.4018125187175157,2.686670287145486,2.59201966690356,3.2856189176049937,3.659717342022384,4.771249449769847,4.8003011362611,Feynman81,None,5.733856013101973
1.5757750485746684,2.4490671232737644,3.730375733130728,1.044772140957011,3.066770924256202,3.833508738673112,1.9695557152021979,Feynman81,None,4.297866827307666
4.935498230067278,1.7663105520389246,2.0069463993168037,2.404689506019671,3.918840527911881,3.132924293992721,5.148934272556195,Feynman81,None,4.188768871133167
4.043400916210459,3.703215349372527,1.0593896115389856,2.3699674339252637,1.1724779136399763,13.294831473829802,13.745647834261689,Feynman81,None,11.319700924077353
4.229307099426222,4.247589929477491,2.6602968546686445,3.4991715469171134,1.534624321765993,17.438017479645502,17.87946491358249,Feynman81,None,16.093703617107597
4.981815389667929,4.838784935274191,1.1086452000890352,3.62982684423558,2.6667021131371467,12.14127331542018,14.560814852240052,Feynman81,None,14.019543097227945
4.170730194812374,3.9572545423825938,4.659333516624738,3.3448070118660818,1.3355033186857654,16.496064683942524,14.948274712598096,Feynman81,None,16.69817290555578
3.1753565265189456,2.588530653730159,1.7619849633797973,4.5512290899023204,3.939391413183276,2.046982702932825,2.7312338243847516,Feynman81,None,2.169287310386669
2.693564226127851,4.500960325019786,4.662683948221211,4.043502576601291,3.371369665250824,11.057167890490842,10.485163597825375,Feynman81,None,10.323008201408612
2.9262580374902676,2.370363557567409,1.7437729779207047,3.615205431850894,2.510804291222608,2.956932594432904,4.758837603407947,Feynman81,None,3.8803052113306467
3.2893218347075903,3.241475541230333,4.64644639997122,4.964873700165102,4.895567923581824,5.873732441819981,4.546151446837193,Feynman81,None,5.6908547809249885
4.3554516226421445,2.5085166615072354,1.866301459626134,3.9826307813832313,4.023981585317555,3.1039102637852443,1.0724205852047226,Feynman81,None,4.263646864004974
4.93369166631874,3.6525298240581643,3.33081656709598,2.438177139108183,3.216197227453069,16.47112378295096,18.511133006636626,Feynman81,None,15.118150697474938
1.858825625618385,2.360907915552723,2.9629458825341084,1.4067304471360376,3.7448141914372037,3.8124458012680944,4.297231138317379,Feynman81,None,3.871893826415834
2.0705439016070075,2.8964223997742087,4.082379753729759,2.884757163024967,3.445396039423187,4.980510429330611,4.962057465625064,Feynman81,None,5.303222078038072
2.215920325160482,4.657486321161004,2.192152105889319,1.3251845468291434,1.8089325650856503,10.3164957944062,11.323630516343457,Feynman81,None,10.704546764158875
4.818061437572192,3.7748893062931845,4.337259236009419,2.8953268767790457,2.734201790746314,17.615498407868436,16.92758281849316,Feynman81,None,16.276273794955937
3.262567852098718,1.8231251607209944,3.139913599382432,1.1427558926477581,4.727413658361227,4.672356618150281,3.1138570972342645,Feynman81,None,4.418769373365029
3.5535080383297073,3.7126309611827617,4.938032241522681,1.9551988458560405,3.837432023376887,12.99528167236745,12.124959318062173,Feynman81,None,12.713868133617558
3.3126098401283257,2.122228020972072,3.9158151828783314,4.886886579414705,1.636643237715846,5.4659455595456246,6.151696177487594,Feynman81,None,5.401899044091842
4.679685321877976,3.0475106488929016,2.3018200106508813,3.9233619633858092,1.395739779414031,12.218514397935806,14.444323216298036,Feynman81,None,11.158976275602736
3.3420067516467937,1.5815360919420018,4.764335682555677,4.172541537037043,2.2155340038636573,3.553895431772077,3.7298423415276307,Feynman81,None,3.853338010353748
2.6900966535724553,2.9377355110774737,1.1031726967754674,3.9364855058211417,1.5253836610692213,3.8943059113838796,3.5000433820293213,Feynman81,None,4.160982028071664
3.6116943143777007,3.7817611863063676,1.1481355012776215,1.6835951381242382,3.926202391029907,7.871077291873536,10.03694049818927,Feynman81,None,8.204952053696623
2.125232589216621,1.4407660433806648,4.1578975260631506,4.921228607539714,1.2400987267343075,2.307986793635702,2.3034163269281573,Feynman81,None,1.8001593183977762
2.4834424342455113,1.6708449091682374,1.4355419415652446,4.2049428728893385,4.004557198409777,0.5870894262663773,1.426877702489336,Feynman81,None,-0.8428580237782808
2.2007704150950946,4.667856421032464,4.12283292308464,2.154621569837019,1.5814862248551091,10.272624967748955,13.94743652922445,Feynman81,None,11.558747733014663
3.6399758830146953,2.192564024640522,2.376159710827393,3.953448297108095,4.126179517028749,2.4656414851707438,5.052827606265913,Feynman81,None,2.987998084829235
4.175462881304431,2.543422061905913,2.1175039619406317,3.9557004463071186,2.2892284503767195,5.663616674957627,5.480519830341901,Feynman81,None,6.812725245115006
1.6526736168532734,2.2056171147504617,3.9267050528478644,1.6507477965646964,2.324862087811948,3.5661267789884503,4.586143736669209,Feynman81,None,3.946716362532949
1.0382949366266252,2.6089002805439314,1.8190705707206742,1.7229386018420616,2.2900025505245742,2.2605361659944925,4.236086602937605,Feynman81,None,2.7011050903661147
3.7635595358645837,1.5678109645923244,3.9723397886041734,2.686197195239745,4.545982822538733,2.7729579366359007,5.550995996217885,Feynman81,None,3.498340456941108
1.647057358220617,1.5489350438439256,4.946272651867298,3.892434520755179,3.7968432819273845,1.2155535756629032,2.4253394208197356,Feynman81,None,1.137859256520276
1.030959490521071,1.3236883863214675,4.87254431026493,4.778098705006654,3.111997048518281,0.557408562451921,0.5640209023277308,Feynman81,None,-0.2356864327766921
1.4945954762327354,3.7213706435276865,2.186845258411447,3.4326649294236486,2.163387276063295,4.444033054119175,2.143146213644336,Feynman81,None,4.999843184655408
2.2659694470842777,3.6807248990467376,3.6875896919875917,2.3282130937607652,1.2231007051853982,8.339201965178482,12.84875369398478,Feynman81,None,9.190772167415929
2.7425279667514584,1.4080155946600854,2.812454234258707,1.5603499396273461,3.182289357104425,2.558788958345588,3.8901009682201417,Feynman81,None,2.5738528555324756
4.878285262241382,2.8461384904462608,1.1343760068309048,3.060083779319781,4.218833046307484,3.4016257248554673,2.453679473349251,Feynman81,None,4.986397625040345
1.3701508060689802,1.4862166900698437,4.239991677634839,3.5682530721314123,1.8169015253309913,1.5263919527023508,0.3255481696552529,Feynman81,None,1.7096106180611133
3.2885118621224585,1.039782243369837,1.836365192759037,3.1956845130700144,2.358772727831436,0.8480880423114528,-1.1142760383840553,Feynman81,None,0.6648331385634049
2.8540498302027917,3.2591814837675406,1.2784887539954504,3.799388774953644,2.7896739109678372,3.479428812759703,2.478383376242024,Feynman81,None,4.46205397271143
1.0827519867132702,2.4907551025083903,1.2948545390199793,2.5396502586897394,2.969125313603584,1.0879332446024463,2.1757230235871416,Feynman81,None,0.9387546765544643
1.4527012670199744,4.539614361769233,2.189036316770972,4.898905504313369,2.1860142619148766,4.81170665996548,5.6777645237084995,Feynman81,None,4.8907903184706765
3.3590269497293335,3.887374414614597,1.9327224021239906,3.3572570998243805,2.751509905683252,8.76735160578078,8.590995763764107,Feynman81,None,9.589402826793707
1.4808658387975235,3.3224447479428028,3.975104465091794,4.145527151079577,2.54327987775652,4.177294451251029,4.7689153421606445,Feynman81,None,4.690629477532943
2.03217046245445,3.6350830876650213,4.831125253589418,1.7149610209689388,4.044323777319036,7.29431718895617,7.4826742951416705,Feynman81,None,7.507833286523692
3.6211866705073112,1.077115614509545,3.408621213568501,2.3867086769991572,4.033156900830335,1.4195044318652263,1.064417999804646,Feynman81,None,1.7796653825409754
1.3530971058054697,3.1937154799105443,2.749762524778642,4.7132628681021025,1.086281836103602,4.050404907165358,6.280480959605294,Feynman81,None,4.386583610984653
3.0396228152659495,4.255443365625769,2.8876546392352056,3.209943627471521,4.672420686583403,8.727162942365442,7.320049175816859,Feynman81,None,8.805592316979737
3.9721786854842707,3.425305520083126,4.827539583167429,2.4756943476351627,2.431263535031229,13.494558333498484,11.543024575315911,Feynman81,None,13.601715851206443
2.0486077789337767,4.958457391301467,2.717274795875138,3.3051245557923585,1.4215704236231401,10.092525248274397,9.91208261833153,Feynman81,None,10.439291869145485
3.4818825070103188,4.965201914374042,3.51124311986306,2.452793269249849,1.451939422171535,17.286314763016772,18.887438357796928,Feynman81,None,17.846676691870883
1.0569474319553138,1.0721577076158106,2.6394921296227802,4.07288015740829,4.3902669987314695,0.1778662360670571,-0.6746569952026574,Feynman81,None,-2.024202003660216
4.973576102467552,3.6129774726050754,1.5074171933166616,3.495744431384388,4.2345950265448975,6.328225247702048,9.673980025254997,Feynman81,None,8.865360900187722
4.554189936114483,2.9125685039860585,1.1704641580814306,4.595212280863794,2.3510832275082687,4.051909664157251,3.8241194685005664,Feynman81,None,5.780206380913619
1.6217345729208348,1.0796325250257128,2.841637397145736,2.17754794752683,2.4323985818458898,0.9141276970548523,0.2572025941582047,Feynman81,None,0.39887314632025084
2.467706965300546,4.1186756270878275,4.445036003734822,2.8447714202297143,3.4047621379449273,9.710253496791594,8.915679649061742,Feynman81,None,9.474694173989008
2.0572944085282936,1.3568258567512719,4.451213647634039,2.099073005680733,1.4168915756498146,2.6968494143090793,2.4549443608260284,Feynman81,None,2.3130918705120287
4.330828814837928,1.8682023835384998,2.268076912123647,4.62882125226924,3.219382101774087,2.240502508190682,2.975762800156012,Feynman81,None,2.6678465783575085
2.935729828781993,3.085172076932807,4.834781361388165,3.2161533964471807,2.6342277694521887,8.537097070883846,8.50382914567151,Feynman81,None,8.366262734696353
4.687829912171804,4.759810230791272,1.524847394651915,3.419841617686457,2.543780682014211,15.235138082698011,14.150358090476644,Feynman81,None,15.70888597920627
3.4634713874695113,4.074917799233368,1.0601230654785607,4.061240019792248,3.781446268697929,3.8684882733235053,5.850014990855935,Feynman81,None,5.006662090569539
4.948142548936583,1.0961346979852062,4.997028523338244,4.0328879811825455,4.120684645931502,1.7256642557357704,3.6961012736847865,Feynman81,None,2.4606448209609875
1.939916250512304,4.986065194468328,1.9869093826798068,4.440088352422732,2.587302502381224,6.746412938503077,8.29940743584285,Feynman81,None,7.10950976568967
2.7518454858968426,3.1275139402617897,2.147084140340143,1.9937885499942407,3.008102650612817,6.949197287374396,7.527457485124221,Feynman81,None,6.9422387213085
2.2835529040826246,1.669373885084957,3.0463125252950936,4.75150921480771,2.3230308641075235,1.6417765473127026,1.141328564717414,Feynman81,None,1.6628710710172285
2.5642411604100825,4.472797770862204,1.914149369655623,2.498288324410669,2.9955018168425256,9.35635474478612,8.07577813944034,Feynman81,None,9.23774867737997
2.133308670476088,1.0395483341212595,1.4002720093570802,3.9857135187477857,4.102511993231949,0.19690393174432116,2.6115387827666443,Feynman81,None,-2.514706800410107
3.3423684967878207,1.1252536630292376,1.390843017222632,1.0574548567585293,4.075833461056408,1.3086793638718668,0.741773205460691,Feynman81,None,0.9847739625892998
1.9126355821905179,1.5836247697824284,2.4301792321577094,3.444593753066369,4.856727149191811,0.6847399812742828,-0.8869804080844802,Feynman81,None,-0.22686629214572543
2.1091373000001914,2.0872730875655128,3.3913549419985607,3.989735630048968,4.409920538686103,1.6814188648612893,3.275573762988247,Feynman81,None,1.8305221657393178
2.4557120795602927,3.4426692892339985,3.9940906115429513,4.0698466956132275,1.1654929740128552,8.403050617562549,9.422828516957278,Feynman81,None,8.512954247775271
2.878516456139186,1.2898241220861921,1.3353065051068338,3.702718576335388,4.2710513517197475,0.4027568081941537,-1.187938651622629,Feynman81,None,-1.6500258202481863
3.03721532664231,4.854482547994644,3.5873676755674104,2.499218776807722,4.443173135205173,13.51666801366937,10.858554147685986,Feynman81,None,12.281047264289594
2.5287779231268726,3.508876330007489,3.4232607462995075,4.824554480746956,4.166354032121415,4.750019779330147,6.796391107690571,Feynman81,None,4.956809864250807
1.502764218914816,2.1849141234663634,1.9480977136019035,2.010511511106094,1.213710366220945,3.0887845599243287,4.925204159514458,Feynman81,None,3.4571746061948754
3.657301653123735,4.120566916182284,3.9706627484433246,4.744964749849305,3.448083944442054,11.477476261190175,13.31592417349125,Feynman81,None,11.402048426317076
3.6828473368832344,4.281780223421334,2.036609579310013,2.249650912025525,3.730076679429557,12.261645166586902,14.090300323411368,Feynman81,None,12.236087443810982
3.696931487982619,4.266287238091545,1.916002712541251,1.0418076253148603,2.6638082274178783,15.685212879482673,14.523591691141975,Feynman81,None,14.54534596610152
3.6601076708306017,1.6711145537587084,4.998703063021168,3.1098022747343417,4.171690681399411,3.4713929180750545,4.6744647769551415,Feynman81,None,4.036385248195062
3.7407518865825975,4.388656631179586,1.0394908711200457,2.8845751579536487,2.243852550567744,9.97187536507827,9.126780195082434,Feynman81,None,10.42730369177262
1.5976243159895112,1.6778030406554731,2.6277857964091136,2.9022430375007544,2.9536152678818994,1.2687158505172913,0.057566979164926035,Feynman81,None,1.5727229337482547
4.820092450345436,3.3247495592905887,2.4516200975613036,2.659050213837348,2.1510138797118583,14.273297299975143,11.174469904938977,Feynman81,None,13.162649293802184
2.107722364850918,4.610489057275851,1.6627580046158612,2.5016391681170536,2.109289091071913,8.709439852755116,10.040469293422378,Feynman81,None,8.549774422586312
1.7417935709143224,1.6004998599342017,3.0988478072212846,1.7168429090504422,3.039247114851799,2.0629737329532216,-0.2031967164502655,Feynman81,None,2.15355500407119
3.382726927231308,4.743395067660456,4.051704917925475,1.079759115244734,1.3339609836661008,16.04561022178865,15.369693686778461,Feynman81,None,17.9900837654645
1.987276150770866,3.5961488365346437,4.936755808367627,4.904440408495504,2.0885663173478948,6.71367214943165,7.358351433967341,Feynman81,None,6.455670153402766
4.556676017445259,3.7929600226362465,3.778377785959956,1.1169758998240358,2.6378500708198356,17.281230046790338,16.325196207321753,Feynman81,None,17.029569540060095
4.737486660042379,3.789417274113685,1.645342970696349,1.6496195520039993,4.588062270325862,12.155990274776793,7.33637404873251,Feynman81,None,11.73251849082548
1.4885719268267446,4.812663460770603,1.4148631708970099,3.3727208417884516,4.41611904387042,3.064583829048307,3.8930805090587772,Feynman81,None,2.5792031676024916
2.2747036526011106,4.412449823593596,3.2102053607589265,1.7142659478544169,4.9686003843119,9.340690627822656,8.380380525151121,Feynman81,None,8.327694894424038
4.191442181800427,2.53034813259654,4.70158228904644,3.1330449944689542,3.4434691395681862,8.500242262017679,10.541851774512875,Feynman81,None,8.727906250890012
3.643392840319899,3.041675841128983,1.4524583058613891,2.776304110569344,4.778883189946105,3.559537418223279,2.5518625526706087,Feynman81,None,4.744018550195479
2.397267353701597,2.2072263115286703,3.2521986813174553,3.8055406061305286,3.8505827830583246,2.402855939559449,3.251341916808797,Feynman81,None,2.871224933852221
2.758979995698981,2.298052907381777,3.8556404372509725,3.3419764496627042,4.792715794301698,3.1885565765863033,5.026819522318874,Feynman81,None,3.5145370955638398
2.1099365798608525,4.854427432656514,2.5970804087476385,4.028666740614314,2.061564597903671,9.3037486174372,7.082207621781611,Feynman81,None,9.176941289477304
3.694492749165466,3.1601022046164444,2.0241463353998235,4.021052417012748,1.8087506694486732,8.244368912234394,8.303823249542717,Feynman81,None,8.714414138745507
3.077991667710973,3.9397448881944497,2.83518008738638,4.662474141158108,3.1039993540084354,7.857742869678905,3.0377183751221724,Feynman81,None,8.273274857633046
2.2557940868938835,2.6098997678184426,1.7221142168439147,4.680381647145392,2.5757773462562716,2.098583765089139,2.8814741348527484,Feynman81,None,2.518440084879156
3.926427111835859,4.078965778824095,4.832942393115214,4.507359159666386,3.4982461179547304,13.586931632627612,12.047012779617068,Feynman81,None,12.957590853596741
3.4478109921310285,2.122273352344053,1.9958802679784702,3.6245933152099368,3.4832453606014795,2.3667769859171925,2.449907931844375,Feynman81,None,3.071612599856547
2.988224334512761,4.871277543396244,1.505247124717671,1.078649256731171,2.130053242886891,14.507340201824396,12.326372881667998,Feynman81,None,12.988375803373959
3.2993603357216807,2.5760497534884914,2.4426264065917622,2.45246166277815,4.163375231267229,4.66202967893495,4.44166946721342,Feynman81,None,5.358652384867395
1.9684361111363007,3.6186941251110576,4.508824684823297,2.4297662444253394,4.250208962881393,6.543288438522956,9.392974700250235,Feynman81,None,6.61736424554597
4.645271780443287,1.7414762476258097,4.614943429658247,4.252852425708095,4.270665280145961,3.362941680710797,3.272118171285001,Feynman81,None,4.059830673906652
3.8310757215501043,2.4985709826434968,2.325489401816206,3.8129840971340516,4.492409394288065,3.1278849269991915,2.5160421289169124,Feynman81,None,3.9699808563137227
3.5715373080782142,3.1137660079472997,2.4556036163166852,2.2403529497783627,1.2638300328707763,11.02101922381593,8.662259267476973,Feynman81,None,10.843064349631854
3.5473202188331427,1.2257026966433138,2.5145240841588326,3.7469905254069293,1.7105746746228645,1.9432338071068778,1.48855813147151,Feynman81,None,2.3261148936598413
2.638183482988758,2.8172673360514127,3.4786421793579727,3.472778738805401,1.1687716728934188,7.314577725583609,6.580323021194101,Feynman81,None,7.309471469802242
4.288488881316635,1.4020586654279534,2.027537319207502,1.76593750052404,4.391285472857756,2.110438948878683,2.43701443529091,Feynman81,None,2.3805399633246433
2.9027317122342784,4.890490489111036,3.2562171058927154,1.9466785715544361,3.6667431031828106,13.871873426339528,12.717363095318591,Feynman81,None,12.820335303442077
1.8676160257808965,2.726757009316243,4.53834242064973,1.5952960870470294,1.3305274025610543,5.0924471928747845,4.814288092946079,Feynman81,None,5.986041665699759
3.5005546603147497,1.253691294611098,1.9042899474906538,3.3730372754466154,1.003100482087306,2.66788207058616,1.0787467703856963,Feynman81,None,2.8228739989334986
3.2938885885643345,4.966218360882015,4.310505596596642,1.3371511334321493,2.7787875336211694,16.357845957119874,14.535595021308735,Feynman81,None,17.054848600193637
2.152329147492313,2.2878828933297295,3.703582335552289,4.003715862495965,2.6526316558721295,3.2639450784863806,0.8045260642147118,Feynman81,None,3.7284917420382833
1.725589921356467,3.6859605417888908,3.484469587578797,1.2393355255301435,2.7276792523950477,6.3540846121137875,6.668867355584755,Feynman81,None,7.093226859469033
4.495366436264017,1.1058930100682955,2.662946723255327,1.725577443348524,2.9233013188138197,2.612096006826875,1.7732777307597511,Feynman81,None,3.1345694190590105
3.6748642463245393,2.540728547906755,3.359366120521536,4.495996281762625,4.254007957149643,3.910477955869742,2.635658067316125,Feynman81,None,4.717743259011392
3.634397240475769,3.558655296867971,2.080040396152726,2.4699146424652323,4.174499222129814,7.962090547322268,6.870566456623947,Feynman81,None,8.85776797635169
1.3157275003168984,1.3072502854658365,4.432454402012345,2.690850407718374,1.4588238600945171,1.5492446517717164,1.0516374050571708,Feynman81,None,1.4079003543388202
1.5566659715857836,1.210882219992743,1.687966935405333,2.4051389996976265,2.5632413862318986,0.6029995820773102,0.3415182746699523,Feynman81,None,0.20587146831914876
1.753828230357136,3.366047029699733,2.0243087254384955,3.7101570535517525,1.8745134259713478,4.445066333797483,4.020594377953463,Feynman81,None,5.017575125399007
2.0532133489744813,2.497351329229854,2.6584207115323104,3.89143852273173,2.762327191008549,2.817436584105312,2.8851556771837106,Feynman81,None,3.46484178273475
3.7733745513803965,2.4008297411125157,3.6625605346414374,1.0828624598790615,1.4126877879330721,9.05904562026428,7.320140647500954,Feynman81,None,10.010841725604752
3.5989529776187963,2.6384656047745043,1.9978793187329829,4.094034945923126,4.7495331924041,2.5129601849109466,2.166681554154754,Feynman81,None,2.856967668419638
4.442074912791233,3.6282663141407223,2.258448230674113,1.1128202712679065,4.950214477230558,14.551515341507358,17.177376982575648,Feynman81,None,12.183931841809038
3.5643066034570987,4.838396787227998,2.1512821716454713,4.069234392456859,3.2261363220875494,11.382623986053332,11.678363515325392,Feynman81,None,12.256648773911262
4.967978242819498,1.5304918655791706,4.394056657238956,1.5508577589608126,3.1675539581069563,6.679342965665393,7.44120582958216,Feynman81,None,7.394722257519169
4.589712088646429,3.4612880728496216,3.8286691232532006,2.8240559926650053,4.009666503537719,13.096268940907335,12.724685990655654,Feynman81,None,12.626013666862915
4.9429715391359865,1.6954519600133482,2.477207546251589,1.9969946268621994,3.090511105828904,4.960100545644206,6.557499722352577,Feynman81,None,5.899860991079656
3.042078265798245,4.8195068823461185,3.7590670927746492,3.871126335428122,3.132953684825263,13.254136780653644,12.092653166476213,Feynman81,None,12.382770886292056
1.2319124797574492,1.001741703587769,4.939901510441369,2.9530478436529157,4.389376512061782,0.4494967886732189,2.0161696951600496,Feynman81,None,-0.6499831106101284
2.430752510867576,3.124936481541113,4.4846775549321585,3.9335490645170785,1.5712562894356337,7.434703890083609,8.621983866934432,Feynman81,None,7.462329681262025
4.493951611085082,2.80146658397013,1.6695486275514604,1.5252084041035276,3.612452326330371,8.69304320074618,8.101318082463733,Feynman81,None,8.694243881384137
2.0288373133199014,4.38937335393028,2.7299096396087736,4.683373218703268,1.2156723736098116,8.644578537896725,9.24915369301626,Feynman81,None,8.410116666667703
1.756454627692169,4.760341685223555,3.272073497041777,4.818159112759155,1.0269543041754745,8.33054737828168,10.876286270350121,Feynman81,None,8.670228786506039
3.7694696341606377,3.6492230310960765,4.620742247906392,2.6287546787336966,2.4229450054280197,13.618281825948271,14.136378474377938,Feynman81,None,13.661496688169096
2.7979077542040183,1.9870851862492267,1.6394337655776674,1.916888493822864,4.230300859771395,2.1206544923354973,3.330337734427177,Feynman81,None,2.414554712924904
2.5363036888703663,3.589010017262784,3.1737029220547424,1.9931084814825364,4.253413508312994,7.942537477170713,5.2878033416578205,Feynman81,None,7.543089443897425
1.2958191146846896,2.099054237214017,1.2943720590994792,3.337647994500173,1.9340799820064016,1.0816855727035815,0.2694498661920901,Feynman81,None,1.2515564746379713
2.525926923884957,3.4437245818146636,3.501412477899225,1.6590177880331134,3.0586108588309506,8.54974879830803,11.022930246738362,Feynman81,None,8.413832250854172
4.573855708190314,2.080362793807767,4.299962895778254,2.791261906193489,4.397231605812985,5.92180151791798,6.269513199619826,Feynman81,None,6.67175755432703
3.437758981121162,4.391771954750446,4.454567097979312,2.714542609426176,4.986039803750456,13.509298785267735,10.675958665764448,Feynman81,None,12.411971148493063
3.23002995773013,1.3666001666337038,3.5008583426914304,3.324267103668597,4.9059494740809235,1.2590154517060324,3.76802279356997,Feynman81,None,0.9819513910883155
4.564816828474332,2.7638783062092975,2.5314986183238015,4.009609176394072,4.956582539615988,4.266908149789013,3.896470720764902,Feynman81,None,5.48042850107222
3.9812014315672783,1.6555270901209678,4.143070778170799,2.833863444004467,4.496464845213614,3.240690339845856,2.71574350213715,Feynman81,None,4.053110750536062
4.2024356016372355,1.3450312332444714,2.2492592768946675,3.88680773347878,3.100090636100001,1.3900933124758132,3.6147336596392856,Feynman81,None,1.3572536485499516
4.132196644524414,2.0155541662354777,1.8355053405724981,3.606061065320186,4.620151492493824,1.8196135343524686,4.098430548770844,Feynman81,None,1.8764094185026536
1.4097688077816248,4.350886563146597,4.046834391714524,1.544902640977106,1.364432477694805,6.13374348140908,6.119543430460055,Feynman81,None,8.14179182149244
4.635596080970911,4.755108075934347,4.959264071478399,4.052981152191811,2.8068885061692024,21.35572597639024,20.29166396458989,Feynman81,None,19.309722898079958
2.9940636263805733,1.6933622400696473,1.4476527689540362,3.9501583678327705,4.605496866478192,0.6790734393837339,-1.1855092016194169,Feynman81,None,-1.0181026240462185
2.6638681823431205,4.132945145928177,2.3824461521721827,1.4025439966213198,1.589043173069681,11.006420185554033,8.104218260204336,Feynman81,None,11.276491968309427
2.4851953569719765,2.7448464256674225,3.954925765084562,4.687266449223195,2.0429494501618235,5.540848377329822,4.59856904707298,Feynman81,None,5.483218309370679
2.5601384403521816,4.710979022143184,4.814968958778383,3.9185742318941323,4.913083233578615,9.972873990580801,8.695851355443997,Feynman81,None,8.871139036875997
2.119316799436156,4.995170946953957,2.932149575546794,3.655345869870928,2.707397193014808,9.543216908308558,9.99015703216643,Feynman81,None,9.397968319081635
3.8755088409341774,4.154232818740588,4.560238936269087,1.9031021565800281,3.925877611425327,15.898974829510133,15.579976499758255,Feynman81,None,15.403497784873407
1.8316259712561664,4.704349091384501,4.069987768593788,2.9405464938503068,1.3672786990891548,8.615349219124997,11.001586691701533,Feynman81,None,10.021371295151573
1.8843654254386148,1.7804238101048777,1.3702521216902612,2.154475655180765,1.342480855400046,2.307035370778347,3.601342368938041,Feynman81,None,2.4507540007135904
4.891703035504654,2.305333936605197,4.4545671282806865,2.762492798823441,2.7936322243329665,9.804366307976817,8.40556374398115,Feynman81,None,9.922154888325524
4.205932976023032,2.4414245380907116,4.7547039920814225,1.5886428752338495,1.3847437168236882,10.267931992623843,9.836051798862412,Feynman81,None,11.246361546441092
4.483837386461907,3.55246416845973,1.033652816692363,2.1890175364388167,2.858584917705016,8.404028312673091,8.103112175095319,Feynman81,None,9.49510135216778
3.4083846015304715,3.0618775867981918,1.9411980526990322,1.0271468971067295,2.161172187934733,10.337917988873263,13.356857047359634,Feynman81,None,9.786551218931422
1.859231296771429,2.7541079295831667,1.0863996169820855,2.70728777133718,2.459453419684853,2.157662919279199,1.1740420897629755,Feynman81,None,2.233553542271029
1.0907315046866999,1.560109242656429,1.3528468825827096,3.2317451761910703,1.4983082626334054,0.6980589336667216,0.6584895311343791,Feynman81,None,0.6516371968913193
3.333492612063232,4.629295636917655,1.021040967669208,2.5856174282925783,2.728880962981506,9.026220476289252,6.807113228576396,Feynman81,None,9.042497475809599
2.5527680192214,2.98637629456091,1.9541014491833963,4.782034325973614,1.5225276121186324,5.068768511964545,5.508723857938828,Feynman81,None,5.258737682862224
3.033087131719369,1.589071653245286,1.3576900527115305,1.6385442008735125,3.2020194870884975,1.8773008208350421,3.1350143150251646,Feynman81,None,2.2413977351773084
2.7236700600593666,1.4840846386322402,2.329035566897517,1.0960452817697424,1.7024225610087211,3.848024770497122,0.833764148805304,Feynman81,None,3.5123409829225873
2.7977313980002005,2.979762358009898,2.7660512857445503,4.804359680602514,1.66428895532544,6.454443237509511,5.6950989768351254,Feynman81,None,6.334198786525371
4.794538169569366,2.2071002580607972,3.6156703025486254,2.604402788212541,4.94775142763079,5.826826493941597,2.8388574786920815,Feynman81,None,6.748915268346671
2.2713512377369023,2.0171707517787487,3.1760794267322043,1.8588927001568614,1.4602599009835302,4.500764485987236,4.660703607647098,Feynman81,None,4.517888916535538
3.969464412982108,1.2321514333476085,4.511299067685876,4.3540846512681135,4.934282385913263,1.2379376207780675,0.5162713259969042,Feynman81,None,0.6027756798044711
1.5909229216427132,2.484675618384432,4.363353669277186,2.9007112070501004,2.190905742932422,3.7005196639564355,2.005804680956741,Feynman81,None,4.206074688096303
1.2388660059550132,4.24130556638735,3.2624031651990686,4.570600543029018,1.1698205512719997,5.195348477223963,3.197528913709594,Feynman81,None,6.065944637183442
2.734299811991083,4.605198664866313,4.917440510545886,3.662549388565133,2.598548364554679,12.377868396962137,10.935634300633291,Feynman81,None,11.963644315599565
3.820360731413474,2.362063529394314,2.0096941360806984,1.8490718370854728,2.217841450502795,7.401771074240512,7.2351427690791,Feynman81,None,7.516509355376965
4.455691737154604,4.36652627895917,4.497694852570709,3.6626088002159265,2.253536838932742,19.125041397132982,18.964044427424042,Feynman81,None,17.873896362646054
3.473497060597078,3.7733463925853976,3.7988312234692905,4.285913045401639,1.8168096975394468,12.462891610040453,13.542692616061672,Feynman81,None,11.843901303720658
2.734717958844964,2.934870803524177,3.202423418073614,4.154950493024256,1.383562363120888,7.438237169522713,7.847731872058979,Feynman81,None,7.187451730974811
1.7211442961125742,3.0723898749648244,4.9281008577802465,1.8557318126086506,2.6094943563323483,5.267717546274941,5.990208269344834,Feynman81,None,6.005340849899962
3.3492392156432147,1.2091185327917633,3.1573890675943046,3.247638796649343,3.7105072540031254,1.2416875525272748,-0.9625722315634877,Feynman81,None,1.3162105189797098
1.882819166107764,1.1420523484012004,2.6644988387257658,2.771154568360521,4.486735232070577,0.5160037697293723,0.9489887991637673,Feynman81,None,-0.4785399122663299
2.632014698244456,4.037575916126439,1.792631785433315,1.1273330402056803,2.3674373468496346,10.533642000755565,9.749599081675038,Feynman81,None,9.797698325376752
4.817687039737583,4.693791307570599,4.627573680428762,2.663215305417523,1.1990983559149928,22.613161634520253,24.89968124321994,Feynman81,None,22.771967446951138
4.288053909566511,1.3588328474075801,1.0755886994145727,4.726336709318997,4.995742016244585,0.3602132638149854,0.11457000040538795,Feynman81,None,-3.946468437420894
3.781406679771467,3.8414544832989885,2.9667977851446494,4.798328599022115,3.0409362339802737,9.490144769479878,8.801575228090272,Feynman81,None,10.24313590290515
3.9612362985334086,3.6885741830833028,4.250678840714398,4.433978276507004,4.666983899264755,9.346997269278683,9.45757101976713,Feynman81,None,9.880389442164383
3.9245712309271332,2.6435086203941065,1.1124588492823437,1.8079558948690568,4.879368478301577,3.335824502434919,4.024085579192165,Feynman81,None,4.08411655832265
4.847323756400537,1.9546036900323775,3.508992919126526,3.9329888670135738,1.4444694349404514,7.919469725468446,3.515229884379737,Feynman81,None,7.86681705947302
4.531472696448223,3.1314609600091647,2.708873085878697,2.8680432998602687,2.1073460370537433,12.573973538946989,15.274382886555038,Feynman81,None,11.858274789179923
3.659122340376455,3.370597802101397,2.534657024109917,1.0074326747807696,3.862493383775375,12.031614591556771,12.460264721069993,Feynman81,None,10.843121217531248
1.0964112934153407,3.2609554206367455,2.3729599692123986,4.410924534370152,1.0664150260095497,3.318550328459688,1.3616570755309134,Feynman81,None,3.9217080355670673
1.7883303146210454,1.0579041685376507,1.9290903375445438,1.2288392033649331,3.8238861064908263,0.7736211444012852,1.6854334098263974,Feynman81,None,-0.07670050928572118
1.2417403406947334,1.7733845767847844,3.2100263467923726,3.5411739749158713,3.354343973689777,0.9813317924419585,1.0936364568139434,Feynman81,None,1.2152462628793397
2.7984739759024313,1.030338320061741,3.964673006248588,1.3489115464344197,2.449374640373335,2.434771376000503,0.9929523778371765,Feynman81,None,2.1284908110409457
3.850369634972242,1.0774979333768324,4.126654185168915,4.555870941460707,1.6940301245793297,2.1567289687693907,3.7520240951442894,Feynman81,None,2.421635445615381
3.5551715134270654,3.2179691625012126,3.6790545091471754,3.7393193726334717,3.090306677244873,8.828633300150479,9.461497701613865,Feynman81,None,9.129469259927875
2.955864575945129,4.735840086709672,3.214868611374183,3.091665409290793,4.5096390798562584,11.165345336540408,10.904350973318813,Feynman81,None,10.53169402714848
3.862969401796905,1.8935348025243872,4.135513557108691,4.480055105346402,3.275144073018547,3.570995604684457,0.5028094484778078,Feynman81,None,4.267116850208901
4.607244739337425,4.47961617690327,4.650247111364524,4.313489274422592,4.319688612546976,16.652668460306277,14.819844662404497,Feynman81,None,15.554064233175442
2.2078044086148747,2.647214364439172,3.4168565113057157,4.023114561566821,1.6012293470630072,5.1796340337444695,4.136708146395893,Feynman81,None,5.320038407610868
2.5763695344818,2.725989063185147,4.153100901344185,3.375546045510827,1.7595954499732733,6.719434836497449,6.620599304813175,Feynman81,None,6.737384620167163
2.595983903310554,1.5824986784293893,1.2215951473803939,4.9350358933176794,3.7685651033750363,0.4254901136733254,-0.5016046154305416,Feynman81,None,-2.1174154224602253
4.31675564803121,4.9913263997930635,2.305916962733312,2.849503105615939,1.2385638575398459,21.483072251799992,19.821748073912236,Feynman81,None,20.078439917308984
3.917991820082155,2.720326361075948,1.223454481125748,3.747863269813661,1.8580211326205638,4.738571022685447,7.905686552964291,Feynman81,None,6.057534595682635
2.775407366828608,3.156382096650551,4.52955592423054,1.6752707782206557,4.703715416146682,8.307089512052979,9.77083505717784,Feynman81,None,7.740024251561681
3.5443920730263443,2.3782808783343437,2.7544260996155403,1.7237845785218293,1.5744285249461498,8.295643449901155,6.098986524939688,Feynman81,None,8.32059355470769
4.377087903685631,1.5286165857394503,3.753209404814414,3.329012629467059,4.225524624299469,2.5870287046973868,4.408586311070844,Feynman81,None,3.3289807382522496
4.02745963548635,2.3781626949029264,3.489736395971677,3.7102360063754767,4.128894137352971,4.734492851433515,5.742439246507578,Feynman81,None,5.830243696665904
3.6695115851273723,3.094042282015566,4.366585945575611,1.0694861312756365,2.635916354955816,11.352062907682498,9.26173655902299,Feynman81,None,12.159153689701172
3.7246688598006075,3.263422264777694,3.316793165434645,4.38866327738411,4.045581156027619,6.610935457576554,6.99964883106297,Feynman81,None,7.652723435424265
4.453611634445494,4.3955928938296065,2.364880842252157,3.264222434414951,3.4091471749096467,14.33976117798344,15.646925962203234,Feynman81,None,14.603564482042884
2.9320412134123797,3.8300236046199925,3.2423867473547063,3.4343852348701276,4.67083463984011,7.291879194487568,10.12274054546088,Feynman81,None,7.507628026946992
3.3589558871181855,2.1259270091224467,1.4400763320341428,2.8519326587738094,4.168191027941476,1.7994659017043362,3.9043729473183286,Feynman81,None,2.165251469411399
3.138853983160205,3.317442706564432,3.3236274340617182,1.3568591826348384,1.113764195144379,10.412958674039048,8.242206679996611,Feynman81,None,11.408174363607522
4.838131236982619,3.1891679095342633,1.2718619080385465,3.1493393421116873,4.557214179454466,4.24816648576216,4.600794766949006,Feynman81,None,6.16193576999939
2.9958129954455925,2.26828002999922,4.819704043066474,3.3179575854463863,3.615065961051086,4.905045597172441,6.438711710654561,Feynman81,None,5.129231575225577
4.442831927775956,2.34830352109007,3.2339702590845407,4.781184965785561,1.4643744683665099,8.29358820689878,10.836264344839826,Feynman81,None,7.93975070928453
4.406720983794367,3.6998655357308685,2.8401593039314923,2.7152070340746994,3.560787050256659,12.973879147139153,15.75834028946555,Feynman81,None,12.787803573321675
2.4551813257542086,1.947059683218065,3.6974537875809124,2.5664035370813747,1.9736027504208855,4.253957599665072,2.262283907718149,Feynman81,None,4.325945546651638
1.7643534113041963,4.301427915728835,1.1618392988880104,3.2350654125276717,2.561759376009328,4.092121890169281,3.220916389057207,Feynman81,None,3.944600544963247
3.2948999108825126,2.5379568811339785,4.7224369955696215,4.073717810256785,3.703361044075428,5.526814821295247,5.026488489116291,Feynman81,None,5.826406328577651
3.6885565991658806,4.048943921059485,3.1805060528509776,3.5071061264007954,2.3512622684699616,13.675607200197355,12.3112065692111,Feynman81,None,13.157179279898232
2.1840374621261445,4.561916949712879,2.9059079029087957,2.701682523321426,4.44120305003378,7.992898511117553,8.497471438375486,Feynman81,None,7.782617517636517
2.021736235351175,1.3438799526715912,3.732899935173509,2.537756063163244,3.264681670321691,1.4697551704888527,0.05324581243166748,Feynman81,None,1.4719238550714402
3.76083462720158,4.137487759899127,3.654399828403597,4.948247126185368,1.5213775715871516,15.009892859218064,14.470901275451858,Feynman81,None,13.854827602519533
3.544351707193858,3.4857360055422593,1.5986630952633076,3.657927063560791,2.2625014850570135,7.254240289254629,10.558578765661395,Feynman81,None,8.478223269536148
4.323488774714743,3.0851838381454657,4.553047741984367,2.8818170901456157,1.3281752625989975,13.321452519953162,14.557259717480367,Feynman81,None,13.438828711586861
3.5613393668900084,2.5514892894734555,1.5757157371735695,1.0178205208375601,3.5475143732265413,7.3173852725940725,8.706238588802904,Feynman81,None,6.680276063506832
2.459704196676436,4.261891357185716,4.623537943126215,4.307235608989066,3.9594846805089925,8.59124533053781,10.374011343182808,Feynman81,None,8.11814400912192
2.2459776863549554,2.150495456076863,2.2546286886545235,1.6873951676957448,1.3650653422533319,4.688636120338774,4.56208985679559,Feynman81,None,4.660477929265708
4.001230055486115,2.521174080551924,1.9892550246487812,2.5330751868608092,1.1288492187287806,9.500887540424818,9.870086172116638,Feynman81,None,8.910687599455642
2.3184724351954022,3.5901435566906126,3.1709730839843546,1.0690019542719589,4.993950790649292,8.092948207356079,8.008969163402544,Feynman81,None,7.053532193613551
4.773388683881953,4.30215854186341,1.5955899405475678,3.588545369591083,3.751023924632302,9.650158019578678,8.824345903316434,Feynman81,None,12.145228171472445
2.2454826625582127,3.0347598647869245,2.57314454592988,4.526201105305473,2.5852857522170014,3.9743964194499846,4.36260422853545,Feynman81,None,4.533812360286692
4.779315629784807,1.7932502143219136,1.113648207357837,4.46777921453832,4.80869841135249,0.7943793538496328,-2.1361569103412696,Feynman81,None,-1.6714689105124023
4.541329687184996,2.35793593881536,2.3642429593904524,2.1082787495435142,2.259403018970335,8.827519309597768,5.176555333252237,Feynman81,None,8.60519028164224
4.7106283014781685,3.2699223531707973,2.5696655062840783,4.294208661198603,3.89940980557914,7.139976151735411,6.932031422428226,Feynman81,None,8.824040951407351
3.5831541235792086,3.9514447664755212,4.480705632721115,2.288580069180826,2.3115157462363882,14.123604330159951,14.747127336221496,Feynman81,None,14.488277260675202
1.3968893538931257,3.5881922481167274,4.966627930514721,1.8383639241271261,3.611074427320737,4.965824993402913,2.778471966740592,Feynman81,None,5.7824635774157205
4.22354761189596,2.2557383837944753,4.993099846132267,2.7984754576527946,2.7937182560011116,8.515676429141484,10.940149727216424,Feynman81,None,8.569171403727594
1.6361987208091127,1.3995228426639055,2.812365298178054,1.428659461199572,1.3295963474791912,2.2184081366276325,0.7512376725028262,Feynman81,None,1.9677332439621922
2.8367806728095717,4.8442575392855804,1.6051248130102125,3.156703342867261,3.6735685344327282,8.043582114513574,9.293158714314082,Feynman81,None,8.81242096427283
3.996235322219535,2.910987165804751,3.2251163022066294,2.329223878902144,4.321958879860442,8.513047476452499,8.95168942020134,Feynman81,None,8.917214618945032
4.407483256290932,1.9114180648235202,3.812363584998737,4.280631488021897,2.6717103904135913,4.7427398538375165,2.427530878580018,Feynman81,None,5.546983840171503
1.5219991172536833,3.2783618860696526,3.039276922254597,3.0181099361182517,1.0441835588542618,4.971793289960292,9.191683255482827,Feynman81,None,5.831008806974976
2.975570834257033,3.5885296724497584,1.5068438592314135,3.958102067744177,1.4964232751464799,7.7152432967441005,9.358623429835108,Feynman81,None,7.79792315482643
3.6499679088835144,4.908112273053842,3.672459165790598,1.7510425013472464,3.23133129369556,17.853287505496457,16.73590756689297,Feynman81,None,17.433133782811904
4.337059025178627,2.8851316112948067,1.28722166418143,1.7939680339811717,4.73215892147684,5.149623733641112,6.176897332477969,Feynman81,None,6.314088097099542
3.8368352643301398,2.1205020230865665,4.467967495056341,3.448539004313248,4.680695543710163,4.29337998994234,3.8427795618566964,Feynman81,None,5.006902621728699
3.2741471106150497,1.9157929144525636,4.091532511497247,4.180838322723946,3.2557315618907388,3.2595841031468664,2.6665976701230005,Feynman81,None,3.8039161506011054
3.19643871987122,1.5227214203314086,1.8494565775045757,1.601261608404112,4.3648244586924285,1.8615317593235168,0.5404594071986248,Feynman81,None,1.9407280175937007
4.2453622880478115,2.5772659193720378,1.4259830733745833,4.297355324601643,1.532964189927783,5.54076453204706,2.9115588941753945,Feynman81,None,6.456669158446818
4.055885317168054,1.93319817361141,2.035265021465697,3.03432054612832,1.534524283212824,5.398049737842687,3.6520283992889144,Feynman81,None,5.785167807536636
1.5707144852278616,1.912384498037778,2.389915058976377,4.693243455396689,2.210458230922703,1.2438963036608157,1.4303838149635406,Feynman81,None,1.387288920144555
3.31919597460899,2.9028128108613727,2.61462447639693,4.176514295903523,4.352050017161179,3.804614584026049,3.230713847787328,Feynman81,None,4.54617339590739
3.990830187657747,2.105409328499848,4.131516781837682,4.453103870862963,1.0326446907178184,8.028542248063575,5.27030884079058,Feynman81,None,7.508253459794559
2.432695030327466,4.96013727234649,1.4100073542543794,3.695476744234749,2.7956672462171785,7.113631721340714,6.288161638671739,Feynman81,None,7.640748466329235
2.303216541372642,3.3696532924531155,3.2567103256058556,4.548254783771304,3.625947830053768,4.516625512123778,5.928591346975301,Feynman81,None,4.949868030934842
1.5852190457207485,2.5256401196769698,4.947468927994171,4.194678814473148,3.44241477990852,2.7986001892309593,2.4172494629745755,Feynman81,None,3.094591819618047
3.392765995467885,1.2807498684017387,2.5105527727077455,1.7371094815098465,3.1546918907892403,2.2923578210387276,0.8486691835326678,Feynman81,None,2.705291622204419
4.894076807754748,4.269211331721332,2.6638806691937824,2.3220164667120464,3.3483656790500085,18.76646932933893,17.946046876129575,Feynman81,None,16.78177194796487
2.592270921655098,4.407784789685561,1.0532617176033456,3.734605523221165,4.270604907630039,3.235147256392546,1.4382233175095427,Feynman81,None,2.9609751190937352
1.579326179637592,3.870603923009821,2.2945991749904047,2.5443315347020863,2.9801969884876147,5.041269592314174,2.0297544788817232,Feynman81,None,5.4322466009410295
1.1904206455668556,4.477551770902425,3.5356870484718352,2.265432035205636,1.5779456311753508,5.328652905015111,2.0792102913713664,Feynman81,None,7.077880158087716
4.735952257702934,4.312818326495036,2.0554736136941383,1.4033043735883228,4.38611011208294,18.25512487777921,17.65941617476642,Feynman81,None,15.40079972678527
2.955237053518056,4.1654781699381545,1.3611049338929835,4.6835046259547894,1.5609224343933317,8.00319902973264,9.499827803186758,Feynman81,None,7.9620959890827505
2.448138041637344,1.4508000178817149,4.530890322407902,2.6200362187126496,3.2728396789419185,2.2906642293588515,2.6772293380327667,Feynman81,None,2.3610776803747586
4.706356582572388,1.8971330961050699,2.7008075973415075,4.313177366352796,1.9150078043521561,4.9228515327594655,5.655042185945807,Feynman81,None,5.674331118751288
4.7412666794797325,2.9485533080009736,2.97080167882494,1.794077922264401,1.1233649789663502,13.975186117520977,16.8643577322486,Feynman81,None,13.647735750170833
2.7439645560582306,2.0160627546274155,2.042447272999327,3.575920477330511,1.4790337631231552,3.606182132045074,3.0613791973156683,Feynman81,None,4.018153532054952
1.1475434987588984,4.037562396410694,4.156799405225216,1.5202696298537188,2.270815057058689,4.632723607464992,4.736330387280079,Feynman81,None,6.3486475431484095
2.0331535316360254,4.296280766430574,1.2737588509361597,1.656918162543222,3.1019957618183063,6.878511781269493,6.247579400122002,Feynman81,None,6.093704377646839
2.6244482283025308,3.84323293680163,3.3036990218753393,2.191811066180161,3.221698390680831,9.547823478689809,10.085598021840003,Feynman81,None,9.19451718112015
2.9655770225907454,2.053287141169838,3.9698013514383894,2.4323761424319144,4.817462861154642,3.6631143168930294,3.9498559892202003,Feynman81,None,3.974613387240377
2.206273777837464,2.683568551235166,4.6780836147753,4.348246891857929,4.795652445920883,3.1882492273409704,1.966269355255811,Feynman81,None,3.0705002817061975
1.6539151767755333,2.7730681676310853,3.588029916124042,4.385212106453105,4.039315297810278,2.3356383238638823,2.8708179904987285,Feynman81,None,2.6641914738551247
4.464763631017583,2.4068195059290236,4.064994179502582,4.944131176548664,3.0934981256809984,6.068010150188693,5.563673357434325,Feynman81,None,6.844174631950082
2.7227329262600626,4.784440878891511,1.309538221795775,1.627875893780189,4.36402666471343,9.215016099264458,8.396721888524882,Feynman81,None,8.026351318963924
3.323298178795301,3.5450034682493956,1.2666647336550656,3.202598067170261,4.716396225200637,3.402635166032825,4.675916989215361,Feynman81,None,4.282121228174267
2.9266402238306193,2.9119146318152356,4.817472248527226,4.798411818597117,2.6625874553704114,6.8157761413658795,1.5240320567745043,Feynman81,None,6.505170234227213
1.0644750659250004,4.7058476227106345,2.094654213198533,1.4948716916225502,1.1337628510634783,5.009168519873911,8.494197153169917,Feynman81,None,6.922341585223538
3.181130386093512,4.366229046130778,4.190716460143406,4.075415574754665,4.366484901659769,10.739369038356116,12.786778201990852,Feynman81,None,10.278225110627778
4.727003172561897,2.913430485724559,1.2699663281843692,1.8752965218814395,2.4637659962619973,9.151182628564445,9.310336315444767,Feynman81,None,9.33857752622749
4.519588610921078,2.841283509235992,3.8947591244218334,4.921185053510694,3.2443409897249293,7.704512258988704,6.149514333497037,Feynman81,None,8.496134076198905
4.391826082400524,3.955333059659193,1.767646926188858,4.5012407082809585,2.6292094772975023,9.21455036541398,11.332880312158997,Feynman81,None,11.140394447964216
1.194829260564707,4.775578717723152,1.5509652147994841,3.150636860116354,2.497653420519662,4.198410813448271,-0.17819524919915253,Feynman81,None,4.346276952104628
3.759137030150516,2.840568123588257,4.507909378704502,1.3106256012071644,3.7182661118752525,10.56718082201025,12.238810637433957,Feynman81,None,10.585221920402647
2.2616585834413128,3.040015723333407,1.3777127783538456,2.0798946011526134,1.8478171035420567,5.478336550627782,3.67396250515527,Feynman81,None,5.443534364173369
2.227229099905209,3.5059883258295863,4.097098619538666,2.379264129238343,4.492165129505686,6.81398815388695,6.3361083476498505,Feynman81,None,6.708900585755077
4.4523122394648915,2.152689765029963,2.5234025450402755,4.178647639243916,3.2573721782475995,3.6340901332217608,5.937353867677117,Feynman81,None,4.736439151472355
1.3053602731680614,4.093822443020188,1.6857568369516547,2.965571580699906,3.9340738810812734,2.837572074112282,3.4458009844777173,Feynman81,None,2.922859819480969
4.041269192922671,1.557650686439536,4.841232867966349,1.705178886518297,4.7359326998229925,4.610106035238002,0.8404600052428362,Feynman81,None,5.068773634356409
4.497533849084093,4.328921254383342,1.3207209410678655,2.235751065048171,3.130813317855425,13.10915730081716,11.258576971182878,Feynman81,None,13.48791386315386
3.7394245741559455,3.0130157525471497,1.0403390220711084,4.178636815373119,1.9838733596233222,4.068180905337281,6.7007020746018355,Feynman81,None,5.262287563786386
4.381906925864425,4.676440854466853,4.000064270028633,3.446050066999261,2.6943197684942573,19.775583212053974,21.517187466417706,Feynman81,None,18.347451065837472
3.100942388923418,2.4226380457053054,1.9595064962509152,2.1948384495729107,2.496541524041259,5.255082357711336,3.9093147961224455,Feynman81,None,5.746460596325281
3.4982072983047092,1.179391292995743,1.7992743850672395,1.224918752633788,1.3974111733572383,3.4878140073182338,4.853368860730389,Feynman81,None,3.5104871032158975
2.447169944111766,1.8327112393070446,4.375741440354627,3.5249088047795882,1.7289405178494026,3.882881009390015,2.1664793788391417,Feynman81,None,3.894126623218088
2.6039539551694575,2.3380120882039184,2.5928038822826758,3.464219214030188,1.5998554232854407,4.859830562140372,3.3774998921938995,Feynman81,None,5.059034978814187
3.4880194806710034,3.113007189005812,3.88259849946524,2.3987120614368282,2.3726874126012096,10.552006457181985,10.345075364796228,Feynman81,None,10.519894766325628
3.550192011322066,2.7647888034413377,4.242978084594341,2.137201279931382,1.6041139181278186,9.794620817459744,10.735079595590472,Feynman81,None,10.350825533831232
4.339274924155591,1.2966958458411053,1.5760596995271445,2.6704957933315225,3.448158235564172,1.2286755419359296,2.0671652537907876,Feynman81,None,1.2152684556772149
1.590905140144867,1.941102276579989,4.340136712740804,4.413050928134394,3.931130576265304,1.391910287497452,-4.3373189672744745,Feynman81,None,1.4607436171747648
3.297226996693063,3.1639270794596057,1.4448582521918523,1.3715196574570405,1.7325114230173044,9.996477316504539,9.575669790249021,Feynman81,None,9.167091027193417
2.8505322525962717,4.88031607338128,3.646389527542853,4.7145920418572524,4.141850690383171,10.04085722694126,11.82054049435973,Feynman81,None,9.525750495227433
3.2082181610933183,4.96826569922768,4.500343336852785,3.152202886763733,1.1235582262423898,15.939175524598976,15.31723614332141,Feynman81,None,16.91080626232295
1.334957430455098,4.481693224389922,1.9273999207803225,1.6507055214402042,2.6210933805230257,5.766152361956208,4.887523123021779,Feynman81,None,6.063100359002319
1.561091750517528,1.5028344607639554,2.3354609025466475,1.0683311700729967,4.775100873079305,1.399901639233339,1.2900747714404814,Feynman81,None,0.9604922134810544
2.251867707415834,1.4930287754050862,4.723658743625064,2.9206967790393725,3.456035137931221,2.029140612810557,4.114945574862109,Feynman81,None,2.075048100249957
3.0908166693954287,4.224475436373284,2.8307833623076784,2.4712917826413006,4.933744531679597,9.837338316568665,9.224520588233075,Feynman81,None,9.333163304783685
2.391183590492664,3.1343443206754205,4.082693122001657,3.5640056029484923,4.9178740913312335,4.67016797569957,4.731189358974894,Feynman81,None,4.791154447084956
3.2186223670593828,2.808381651953368,2.138576856860604,4.976592962043151,1.0429827438389263,7.412921573281269,4.820980043253352,Feynman81,None,6.706706949495132
1.7131177980419192,4.1558202076515975,3.7107797226335197,1.5528748875429628,3.1237238137689927,7.094786833615078,8.133159972218792,Feynman81,None,7.79798473005777
2.9278991032167583,1.4761471693629775,3.1713278448717714,4.833769886791475,2.949934150743728,1.370049191529946,-0.04644438525386918,Feynman81,None,1.1463843029139413
2.774037504429867,1.7334905516351236,3.347318908981151,4.136364301159291,4.2573108227039,1.529561216015673,3.9728446826293276,Feynman81,None,1.4322990500480104
3.702016221045483,2.056445314972574,4.456542467122759,2.9068635909027036,1.113224329403562,7.560373386694049,8.594376329704776,Feynman81,None,7.849341382606345
2.0620332528860765,3.6725403318153163,2.167650960634411,4.870756595990372,1.1391506977333754,6.759853316983639,10.44798203351861,Feynman81,None,6.359044584466507
4.154726619703327,1.5349950920668696,1.5152752800184208,2.8171966218374442,1.2840261856656712,3.6156210813996883,4.966587759326049,Feynman81,None,4.071717033188252
2.466133997717744,3.1155081435415686,4.242405497139762,4.140880090403765,4.543111768163796,4.656071586918288,7.014028518416033,Feynman81,None,4.813259060254232
4.660578163048868,4.7354291089069385,4.90915074834424,4.839833507086542,4.158915677198264,18.08358961094033,17.362589682124945,Feynman81,None,16.49528812295753
3.488670078450701,2.339069111227993,4.307503494453998,1.9561350435101303,4.827763518342029,6.432640618293838,7.937828786953662,Feynman81,None,6.538727038799702
3.792410594808979,4.742035920154623,4.687622444780218,3.896440230327568,4.285105112091001,15.638229565803881,14.068745743404264,Feynman81,None,14.630946901553292
4.2733852592043675,1.28882922585461,2.8199280029782385,2.380538917663055,1.3203969142858885,4.515268930552232,5.071515117338724,Feynman81,None,4.602629235169648
2.2263003994021546,2.987812970332326,2.4732760952646484,4.83994618299237,3.657264680173055,2.6261184712193963,3.152543687622425,Feynman81,None,2.8407886652577448
1.7496981920560257,3.6498762338957,4.617331150750626,2.424703492775234,4.092535744919858,5.972344469848908,6.38372059049896,Feynman81,None,6.232504529884916
3.4143804653570204,3.6188120522546923,3.910943268387362,1.499973626270616,3.7592053693968372,12.193850061692295,13.927297729809814,Feynman81,None,11.80673614440821
1.5735364538799783,4.1115441044689,2.5602621220659296,4.015236274712139,4.727524563415622,3.260233247337682,4.1204184060821145,Feynman81,None,3.1815401415117854
1.0408932215135658,3.386039959514216,4.610612585920565,3.3096987036467405,4.884927872816025,2.631999216713865,0.7065372568551993,Feynman81,None,2.6155791031567475
4.255429053923732,2.3917162432241788,3.345126869213905,2.0473178137688546,3.6954905442261627,7.986407899822115,11.82330179979063,Feynman81,None,8.20493990632117
4.858606650970922,4.694943721973219,4.43992726339485,3.907421547549958,2.4098419773749726,22.27238967529208,22.721274288696453,Feynman81,None,20.068859582138057
1.5685952268444208,1.602216271890934,1.721333095359698,4.15411719848893,4.137197276911654,0.3998779339446409,-1.5041144655727288,Feynman81,None,-0.9632682575386448
4.111659491070233,3.1947345726557477,4.278355822076697,3.1260280598968526,3.16793455813867,11.5724706276174,13.921757824326429,Feynman81,None,11.385670708651459
2.4643504856645952,3.818353246758785,2.935875141796199,4.833165933515183,3.312041920437398,5.688767172674599,5.48103997377658,Feynman81,None,6.002183892838241
1.2614582738632354,1.230453294411506,1.9255079246359874,3.4710476279437676,2.1086737776890403,0.4855905380279467,-1.8572487622296472,Feynman81,None,0.041028955030154135
4.3022724815988145,1.4213225335703141,1.6079243577067968,2.3239164115558983,1.8258475416003694,3.008135289459179,4.75534935445973,Feynman81,None,3.683612825484598
2.5579993189062233,2.875395598344466,3.5705107040682305,3.6740723735338134,2.5121421607031946,5.920150253187839,10.774418876612522,Feynman81,None,6.152580309902286
4.7383465967975855,4.52732275013758,4.04826407420407,2.480684159297153,4.113176172956025,20.302496413766775,20.914787350464923,Feynman81,None,18.10959733934686
1.095457315827577,4.70769161453549,2.2021798053842176,1.6234039274437597,3.7762075408188065,4.81821231055133,2.003420929082755,Feynman81,None,4.976365966450676
4.830977808839069,1.8941172137604196,1.7817380285875628,1.9646009741467445,3.162664226907655,4.532870652375935,3.2945110386528045,Feynman81,None,5.473341823077871
3.6313830799027045,3.167731859432472,3.5311878677714468,4.000753096624942,3.0059339039876503,8.404950444377336,5.819989758737647,Feynman81,None,8.874431023829938
3.4487658840261024,4.5307220991357156,1.0627254576410312,3.7551832644878473,4.019045812096972,4.822490590228909,4.127539704535672,Feynman81,None,6.1336908457826995
2.6474736824521217,4.965975377729175,4.463450881115305,4.313455778108775,4.8728095305065295,10.301849841719937,8.228323465828637,Feynman81,None,9.154743195240211
2.598060123856076,1.1121408501242098,1.4794374983711784,1.7451366645952842,3.993744505761158,0.6697167426239051,-3.7933814877585985,Feynman81,None,-0.1004060751417312
1.9875587875499865,3.9677833354903056,4.230617676959765,2.7964886106405475,2.9355484115473316,7.626425788631508,5.799540909028185,Feynman81,None,7.942826572223931
1.0508753912014184,1.5769978448481812,1.885693848167442,4.603038156567249,4.462936948045323,0.23823226160421546,1.302515736174512,Feynman81,None,-2.082810823064321
2.9661084541373706,1.1008080529144908,1.7005078731949017,1.7437797172820884,3.9865730619712023,0.8585679649144746,-0.526407479852228,Feynman81,None,0.3754838296002172
4.441504867135825,4.666161206037529,3.087598034650608,4.425804462759341,3.403647147086236,15.391689211866773,12.780137247764953,Feynman81,None,15.419087168773675
4.423282449098359,2.7011041852841724,4.649274337953237,4.4913882527830165,1.5963718079717313,11.24936273787331,14.040804477362352,Feynman81,None,10.461588933461133
3.1631359773191723,1.874419996633513,2.308809954595171,4.9421993469900345,3.369202996561047,1.5071797360950427,1.6645067530735125,Feynman81,None,1.1355420401414893
4.874433362087135,3.915436673797774,2.2192266862926755,1.9754203760917672,3.818706170900403,15.619123422268162,17.42498334329047,Feynman81,None,14.280649818470762
1.4045771805529332,3.6981266779168784,3.479937021787327,2.673576385630178,2.1175634886919066,5.085270785309785,4.0258204511505795,Feynman81,None,5.891866298759352
2.680212604491416,1.1279035578305039,2.0944376226728263,1.8175863895470399,2.8221666595357133,1.3014690843637986,2.9286049566032455,Feynman81,None,1.1733955166975745
4.87002529223269,2.0307780006350096,4.968783469362512,2.7374147265866746,3.839474143942771,7.361135948292769,8.567147494615204,Feynman81,None,7.965591662477581
4.919904034050829,4.22332051967374,2.549641181828238,2.213549124131652,3.9287124971428464,17.55652264769937,18.479245821767353,Feynman81,None,15.873570754789814
3.6899251270554374,4.506468593573453,2.450227244440577,1.3439293995995647,4.934252296449485,15.47955384993252,15.841815941106129,Feynman81,None,13.41539945541137
1.2278748615550295,2.716149117844889,2.182354834321839,4.732064466335468,3.583826999717761,1.1204452182444227,4.0435642804998855,Feynman81,None,0.6561555738851935
2.906621751606174,1.5590202237341462,2.6602750355919493,1.1710237725835775,3.5961595116649905,3.4219995590395063,3.5648259199326584,Feynman81,None,3.234657070329301
2.4429240998471635,3.5776654347468613,1.5650080059236817,2.6540006838414127,1.898373169803822,7.0315079091177175,7.581833135280146,Feynman81,None,7.12202578695135
1.583182492558608,3.0018839960320833,1.0964611072712636,2.6997310516653723,2.2568717093762722,2.343682807322569,0.6508151633200971,Feynman81,None,2.2270087600464343
3.753064489124501,2.0214379251270325,2.9903851104729537,3.5695443252851375,4.114680248726724,2.957258224676569,2.6743989478079637,Feynman81,None,3.7571271667754718
2.5002394331270232,4.103245314074622,4.475085794760767,3.376562665186879,2.2297738241256475,10.10405454155898,12.766522453744368,Feynman81,None,10.134462379428015
4.110285126261097,3.690153220043386,3.8632879157215108,1.5144538060818813,1.0093898106207537,15.16758165317166,17.58558706549886,Feynman81,None,16.574396958488016
3.139393503457254,1.13352008179,2.015060472096487,4.240530048503773,1.1495650572024831,1.5552130274329379,-0.7037616218343037,Feynman81,None,1.4818044701554478
1.2448807621570022,1.4750552192558897,1.6128083801993949,3.4628187851785968,1.9027204427204194,0.6356285933916042,0.30569551104757037,Feynman81,None,0.5742445969953491
3.611686676151168,4.898627047206384,2.592655907334747,1.0070908160961802,1.5810901490492526,17.692301861374794,17.163528502806837,Feynman81,None,18.42220807283399
1.9976700257770652,4.296839857576016,1.09894834889039,1.1813498411547152,4.474953411965063,6.119996499363521,9.779430614077006,Feynman81,None,4.030960456515262
3.2636249636335517,3.7732255471149543,1.1326916963845162,3.033162508943523,2.644076984937378,6.004536857715796,6.191378946555545,Feynman81,None,7.033349145601164
4.737398877219134,4.003153338242196,2.883753047148087,4.397127286753596,3.704923486310322,11.564749519039838,11.637956481948837,Feynman81,None,12.588074464293419
1.1760888555006317,4.80081068489058,3.066154315197661,3.3057655665791352,1.2291575033277802,5.638128715624547,5.3252886397272965,Feynman81,None,7.193044701433694
2.803295273695531,4.7994670851551104,2.041267894055513,1.5639082457574367,1.6759793703376777,13.439080896418831,15.02023649327569,Feynman81,None,13.22935908201794
2.6405515469009813,3.3359367403826887,1.9043741427620802,4.724035990873409,2.8653493820811184,3.8552095697108717,6.264291836495789,Feynman81,None,4.647487939629449
2.711052598101496,3.3440411765347053,4.577677728353848,3.749149765432989,1.8712590869414627,8.837991723039881,5.917731093514386,Feynman81,None,8.724095790567373
2.899076570647123,1.5862212346114366,2.935135681541855,4.779090065560661,4.382850355866065,1.0056401259314074,1.5571854666633884,Feynman81,None,-0.06710719608191298
2.349162213054723,3.4870058943587128,4.027771723691015,3.104048122901047,4.485888379037293,6.26819446545607,7.5945077702268,Feynman81,None,6.3453695189880035
3.531741109669165,4.95787795347863,1.2589707211897867,1.185077092478541,4.652026553509691,14.214052837672114,14.358023299665769,Feynman81,None,11.530196921126862
2.2366803821363557,4.890683659368554,4.750319002062158,2.909513269611887,3.991471981065576,10.54578516068742,8.501033624359588,Feynman81,None,10.1690000490241
1.1064275493398719,3.346889100780196,2.445514268916808,1.7069923693291047,4.051736524296622,3.0681096971421677,2.7670298814401475,Feynman81,None,3.2416479992348246
2.787752666091391,3.3464794977084034,4.083857500015484,1.7899759532362336,3.1174414958882655,9.191007207603697,7.366665882147409,Feynman81,None,9.088934120720976
4.052125257130116,2.336122532240513,3.49690833495114,2.2206768315009593,2.377573700482955,8.64582617245497,7.129912556958278,Feynman81,None,8.6656819910359
2.84624091961314,1.546784086476027,1.7130406441589132,1.069524211079485,3.2418121570831357,2.8332701040773878,4.378494243808274,Feynman81,None,2.6716776615280304
1.3235882565334158,3.804452634970593,1.9848002803039728,1.2344450584571636,1.7882011858321647,5.024779314265956,7.503352317502731,Feynman81,None,5.812156461666322
4.034392197775501,3.1255427380681904,3.5963463464973473,3.9087224529174973,4.817705747689102,6.744280463068411,9.97383010952947,Feynman81,None,7.84676861069885
2.85475966046729,1.6591859754157392,2.809011534802353,4.7161148949210085,4.028694487387735,1.1391315355777347,3.731686490691013,Feynman81,None,0.41523856310792323
1.2250379513665637,4.781529741478135,4.948962990603351,3.102206972742746,2.596181144150151,5.8247853329871235,6.325216024089052,Feynman81,None,7.170820919652599
2.062023431010357,4.561426298188631,1.5850178663261243,4.906719093204277,3.943715773043669,3.3593636584039346,4.335270455953187,Feynman81,None,3.453981163114093
3.802572949634486,3.3206379611686128,3.993295561119606,2.0842813162981364,2.69921649720149,12.40248160394078,12.970455052889768,Feynman81,None,12.337439733825835
3.953971219552218,3.2783000962363844,4.281274919248434,2.151260648440064,3.2834956771463597,12.483939261946512,14.770275866323,Feynman81,None,12.223794755845626
4.880784978346966,3.495321462391533,4.044466935632524,1.4723941636072566,1.1939127862125907,17.059908956197912,16.316611565889616,Feynman81,None,17.78101780759342
1.3623793274970675,1.2993803816962601,2.414840130633074,2.0969166251493236,2.5312232090891356,0.9395370578872595,0.22766070638076297,Feynman81,None,0.8136181001254477
3.4065525442979214,1.9286623263876281,3.31126271444018,3.374594707590294,3.2922257438011298,3.4091986287603304,5.452467640064187,Feynman81,None,4.209306415395388
3.083336146591225,3.8579239974371093,4.156511523922321,1.4280696846974577,3.1810458811503444,11.874859462718387,11.085985560578361,Feynman81,None,11.974492065483496
2.5989904179799863,3.570992804050588,3.4689200145241013,2.8691974714927335,1.908078119100252,9.082096366770385,7.823393530418582,Feynman81,None,9.074484438986852
4.737851003544258,1.1475503085298913,3.9689707453448064,4.369105157767206,2.4545754920215335,2.179560400024947,1.0427053376195017,Feynman81,None,2.904364878352166
4.097262831248434,3.4401728628771524,2.6653991204226606,2.9738744208850876,3.94292843514913,9.216167767563137,9.493253860240936,Feynman81,None,10.124673925110319
2.0053780616408177,4.548195888523486,3.1390797799804377,4.865647757214857,4.081309749657539,5.620827006161652,6.687826976400871,Feynman81,None,5.618450698105879
1.4181882071705445,2.1070467502567034,1.6630417328317657,2.2803641518916287,2.42545773852834,1.6748509549246575,0.4547062546504048,Feynman81,None,2.1610127645351143
4.384617712325147,2.7591767197961867,1.8593206080024363,2.4936057426852876,2.509697971911279,8.165343958305417,8.118002480751663,Feynman81,None,8.824485777435518
2.0937464610208805,4.848674764798661,3.7722920968834486,3.732343820523765,1.7790049473001694,10.07002155022508,10.481108213264612,Feynman81,None,10.45451918889387
3.9051328163335914,4.65130160480781,4.928008257435971,3.8005690541603707,1.2998457113337256,18.16056160352894,20.28473227696307,Feynman81,None,18.58232927962791
1.6716714513493423,3.517831932081402,4.77038743603004,4.742325539385892,4.129568048839415,4.0850568800465314,4.346738238861748,Feynman81,None,3.9473709921010185
2.077831753937657,2.226785818995607,1.3901113854966543,4.172890202596118,1.8770685664394646,1.738921506757211,-0.1416275527714368,Feynman81,None,2.1386311039604053
2.272383859443666,1.8984160144049653,1.5527140256949368,4.748294361342591,1.5242399963906963,1.6658661292410444,2.814971576902612,Feynman81,None,1.7503122088498801
1.7741573952325154,3.697945909187565,2.1220602612784143,4.077378696645387,4.463635603546958,2.6656186209421535,5.465807843174668,Feynman81,None,2.855264050487731
1.1138853757195109,2.8089107492076613,1.2855567988212275,3.804829596613601,2.9942080793382857,0.9597938408778778,1.8512103774560154,Feynman81,None,0.3838460204922061
4.921589290094187,4.086576638561434,1.2659836859523828,3.2768472249110654,1.1041629495052159,17.933090590085772,19.6259117033371,Feynman81,None,14.886778467720822
2.242810485998987,2.0970539221634468,4.123991837122029,4.651347847283553,2.4186399078334646,3.039240710822589,3.9335334092292964,Feynman81,None,3.1982264388129003
4.487457164462251,3.1113321651088377,4.227595672957403,3.9116206617323224,3.7235833315647233,10.021762675201009,12.405049300684912,Feynman81,None,10.352469304396104
1.5664078355556943,1.0354906590348536,1.5967988630794974,3.5629462985451115,4.761755153792308,0.15757928780042935,-1.2001141839875962,Feynman81,None,-2.6727317815871143
1.5652326642548462,3.6610253188723156,3.9863951494785983,3.057681219585034,3.8517095684128204,4.843434568909608,2.8583403792160835,Feynman81,None,5.2548133545574265
2.03848105577305,1.4990521709393496,3.556286087866741,1.8311899383864931,4.469404540449442,1.7497272152953771,4.4830868160152395,Feynman81,None,1.777040943014427
3.22597337766333,3.573955759745052,1.8994834808663965,2.627990020349844,3.884459190582733,6.706588609320119,6.50151205868962,Feynman81,None,7.614316234661298
4.651039829111589,3.728801087074959,4.832270877438768,3.258841963053775,3.069170218440213,16.422974185394196,16.088636760487788,Feynman81,None,15.199832215370177
4.081909807663946,2.9072383659498495,3.232551920839692,3.798815223597916,1.7662479131687263,10.508182118096405,10.18448491025885,Feynman81,None,10.168944309653519
4.798546776724634,3.7899325573156886,4.025072985232567,2.3343436002483005,3.264906097911813,17.53397634036198,18.855387235474502,Feynman81,None,16.045869863054282
4.33681615409182,2.98693827422518,1.0497041524712878,4.2003588867891635,1.3620245571753795,6.464709714983092,7.514460057025216,Feynman81,None,7.146495631133332
3.214609603670202,4.469845489973062,2.980618358703777,1.4299829528913013,4.345765382132562,13.979431391602908,15.70858544997388,Feynman81,None,12.510318958537669
2.286414508638218,4.671883017090236,3.8715490050974886,2.8016240850136906,2.102927549424897,10.635925620412097,11.836673126200228,Feynman81,None,11.05897215929004
2.2796508705092533,3.6988203535058437,1.953565267937166,4.953259949483679,1.0139385180644114,7.533569514556771,8.226615890832834,Feynman81,None,6.785981836283977
1.4950629939712892,4.181848477257559,2.6541914565019282,3.908208431143826,3.100949302478117,4.5261151212219755,4.24581697596876,Feynman81,None,4.9669563069739535
4.75616428329565,3.4836736287701733,2.166066768684073,3.753533590351019,2.5663940419693727,10.846263100512543,12.180815774938264,Feynman81,None,11.581676957993942
3.8215339132160397,1.0391504461264471,1.4595707080955336,4.385532864380095,4.283703815625218,0.3199158402192427,-1.7205286202604495,Feynman81,None,-2.880513163900728
1.1110616772129118,2.2793660752286478,4.098303392250978,1.7265788951048755,3.3032215665294484,2.3481034115721098,2.1994751242229515,Feynman81,None,2.9376754527414235
2.4472549137842483,1.1407377586272962,1.4104847481718545,3.959027235932993,2.2215725550480174,0.5050832340681094,0.6930839431038145,Feynman81,None,-0.3898227502845717
4.405186708339981,1.0743248110662065,3.0770113292892067,4.93895107243649,2.8871327908179323,1.0779015109455201,1.2067917124880572,Feynman81,None,0.6016730160821552
3.781125299866846,4.56220184826669,1.0008570509987988,4.218148822205299,4.964513921010122,3.702850096517403,3.493409969061654,Feynman81,None,4.557375419450402
3.368164361106845,1.7143146174254467,3.2777335910804384,1.6604261049167186,4.4259411651379175,3.717264968675847,2.810217100572946,Feynman81,None,4.073055258787193
2.8309596590779518,1.2007264127815933,1.3708907480635508,3.783533970331693,3.241049028228221,0.45356948693769017,1.8968843997984068,Feynman81,None,-0.8920194350849945
1.9186874852789915,3.7017534038791955,2.5881998265130255,3.6323733940697247,3.4643430961340047,4.558967013098263,3.937321132984957,Feynman81,None,5.1789893736175125
2.696611491544536,1.8319378766211987,3.5431514102784187,2.1551339289126057,4.602908551192272,2.8384130332600153,2.1730458482363706,Feynman81,None,3.095184498311962
4.561682607488961,2.8331572011869652,3.988944859553585,2.082587185663056,1.3977909211763215,12.912995019633653,11.961824396909416,Feynman81,None,12.956245378523263
2.2180755395910396,2.125293510063861,4.001375921392109,1.6952679296496704,3.6890032273051525,4.131172192415328,2.944317537545377,Feynman81,None,4.1882948648259255
4.7075244619331205,3.567581345941792,4.9901082216371,2.133340604783196,4.212997391885107,16.16708426728831,14.629551869062844,Feynman81,None,14.785823361639325
1.1353941012528788,3.9758714658114744,2.5245461431505203,3.582699787113217,4.676696743729222,2.4212988986220525,1.4633002112346793,Feynman81,None,2.100013562580509
2.093000933231247,3.6436991479934338,3.676009157440758,1.094054562119085,1.731024946594212,7.626254747534262,6.58907597089754,Feynman81,None,8.664036593045314
2.380192759904956,1.7593160038580997,4.32227872421144,2.0290927279757383,4.670938625279025,2.7860970084794743,3.6901392866894183,Feynman81,None,2.8662744476818953
2.1628136427859914,1.3427150925813365,1.6483211566838873,3.45663802612736,3.5958938773618474,0.5116957014790445,-2.363372169397969,Feynman81,None,-0.427771194322077
4.948198370106461,2.929802891498886,2.5211854398366147,4.6411186151696615,1.6336364847191098,10.881064121490175,10.92003819817302,Feynman81,None,10.668804038731047
3.0521759787968334,3.95535762364734,1.9901008690102877,3.2764243321836255,2.127470670956806,9.787962307265241,9.342874676496844,Feynman81,None,9.788460397464338
3.861167923944866,3.5018695564931304,1.1264547245645988,4.144069611224757,1.188114706240865,8.987532288289474,11.37807589529214,Feynman81,None,8.696834708504307
4.728427945443121,4.800794073688691,4.309587040607116,4.9876144492718755,2.5717448126196087,20.965882200510382,19.884822548381415,Feynman81,None,18.60736977571569
1.5631313078038698,1.3283558637898416,2.675830245916432,3.5752659653166186,4.822266106847373,0.42211484616190675,0.003490331539507452,Feynman81,None,-0.8688926075128482
1.6246191981479536,1.1762164480812416,4.642104684885622,3.021102146447958,3.726128909180269,0.8604266346220177,1.7439117873076029,Feynman81,None,0.4669991519099969
3.4501107019209076,3.52785872379723,1.3613090389703992,3.874415023714581,4.563368038509347,3.227152996509219,3.5395056421559192,Feynman81,None,4.219503813148993
3.516161651440494,4.574192879007446,1.1417303100536116,2.584577235118052,4.685403156080797,6.535985097547005,9.93651576124039,Feynman81,None,7.756921497394569
4.395839762720479,3.214077607478162,4.799542431119894,3.5647723958812536,2.8384188618204447,12.849808678234686,11.153876182495866,Feynman81,None,12.259814640509713
3.1348916227572037,4.970535869275864,4.757935233178591,2.080724200354977,1.0874571532621164,15.582091231190262,16.21197343822985,Feynman81,None,17.433437418591613
2.6030470346866674,4.340379326905653,4.718521296302258,4.3407935470813825,4.392600871519631,8.936874818520804,6.190609639652253,Feynman81,None,8.25377360692458
4.216380851418512,4.754875439228565,4.179015008692738,3.2590392676943165,3.9870994102903805,18.24980434735084,17.76361698815793,Feynman81,None,17.027945866252807
1.9129458202060916,3.5918151165171484,4.738566038578486,2.518791696831497,3.9769029636658146,6.426389023488072,6.4628400297033455,Feynman81,None,6.5941372123648065
1.3414130044296364,1.4574170181969799,4.6398506602521135,2.466680271380403,2.072133423069876,1.6960119186746425,3.0728526685623017,Feynman81,None,1.7607810143046074
4.899427770580843,2.3769317923121345,2.971912503225442,3.59988238129142,1.0353174804842369,11.131314114844024,12.262859577432572,Feynman81,None,10.210413371790114
4.586649887106097,1.8750674908041884,3.6978982386097,4.993209096057214,1.1016824827630782,7.320523603585632,5.406477340686403,Feynman81,None,6.665516627108252
1.8237000542202009,4.166561736303947,4.134951907877102,4.880579986314396,2.8103336500396288,6.458631650355143,7.19488822053876,Feynman81,None,6.338311551840382
4.592603852409363,1.5434983097004924,3.7959793523499736,1.415165516230235,4.508783386707597,5.139793217921502,2.4441924855336814,Feynman81,None,5.395239338586622
2.455277655184669,3.248701983082456,3.652932738619671,4.1699298004151775,2.217798735637266,6.838543792228175,7.079544375026801,Feynman81,None,6.871944077940985
4.886589019123717,2.802543416111718,1.073050023005755,3.261623396998138,3.3535719580588172,3.673121750416878,1.186743801661879,Feynman81,None,5.5321361565533
3.4822944623840058,4.165792217467429,4.442344852502146,3.9141875903461627,2.8022299557156765,13.54601846511821,12.43750321103934,Feynman81,None,12.882347660335759
2.2977410735111308,1.4457880921802717,2.0230087392184046,1.8010873165935464,1.886943174997965,2.314052343089601,5.3505535158747755,Feynman81,None,2.2927187836888803
2.0139218330596638,4.718348695399007,2.0989530097429214,4.71475858206795,2.6253526524337323,6.310477955190114,9.013754751009762,Feynman81,None,6.673700609685789
3.069748549313574,3.906429150301843,2.065657818179619,3.1849977674841665,1.3573038995038877,11.431562946571955,10.509750280876437,Feynman81,None,10.794292736853915
1.6855697189831669,4.7513734449052825,1.0676681107897577,2.8374220049502323,4.061412212699668,3.3141408552822202,7.148057186188565,Feynman81,None,2.172234612152099
3.239203160549688,3.012065748697813,1.3082956978742084,1.3253006075088174,2.112426131064892,8.653992053229704,8.1210719294269,Feynman81,None,7.837188129592212
2.1040132793356534,1.5509758337688528,3.300551074431048,2.717661207822876,3.989657444042014,1.4355722181420159,1.5992355819938422,Feynman81,None,1.588886522877627
2.530253814730656,4.230848557247875,3.1426669292634815,3.233524161875694,2.747667301680218,9.68298853867074,8.378485178114053,Feynman81,None,9.454502902175015
3.2953485847542483,2.908466940184192,2.3284501421436743,4.9619588110375075,3.7562657696510398,3.3368972423908194,3.3912986613168377,Feynman81,None,3.8849401809748527
4.15042455516817,3.7935375054027967,1.5128108461971794,2.552091988088017,3.561206549112853,8.80206890113793,6.5551882183747034,Feynman81,None,10.473525745648224
1.1547519289646715,1.1652525826687277,2.2776331270288037,4.660942172795906,4.293764397620679,0.17740471310011546,1.5713639328680653,Feynman81,None,-2.320480648454691
4.845396537029158,3.6665636101873327,2.430295261583369,1.5703339647655405,1.535260614067957,17.74407920346505,16.384746255051304,Feynman81,None,16.52776258266477
1.8849234768700471,3.984276517116793,2.705042670424207,3.5606462415439295,1.2671673265167547,7.384673520622269,7.736518669298421,Feynman81,None,7.76800043221601
3.8491829832489377,4.434920695090469,3.6937779463619798,1.6714188739916138,1.5198456824812832,17.070735761406006,16.71369001721075,Feynman81,None,18.233303293417375
3.5056442016564304,2.598965771382838,2.7775385146037883,3.7217421770451278,4.972989346095364,3.3837086754452623,4.458297495616391,Feynman81,None,3.9528277660266173
2.506881250777508,3.5344854224464495,3.9698684686336367,4.576850689603993,3.871101507222418,5.84366149801724,5.394208381571648,Feynman81,None,5.970792153053529
1.280287366934751,4.053893268469993,3.133902539743904,2.9825601346674926,2.0018352251142004,5.044980808790708,5.3357602598047995,Feynman81,None,5.887001467629272
4.2598705246789,2.755482257045161,4.607829159775987,3.1869007693934184,2.406641813844139,10.911650110129766,12.644198255097473,Feynman81,None,10.639721875415871
2.9637914630182483,1.4722872797737456,2.673096547001282,1.8811669804806224,4.8730673915230796,1.7661470942360427,-1.3957122996129976,Feynman81,None,1.6694421131074217
4.165372811558503,2.0343968584904286,3.4218608005294047,1.5165853169342856,2.3085043282121496,8.162158012039491,6.005261074835433,Feynman81,None,8.111847152823684
4.993234909707777,3.8771604712584016,2.0104475428866797,2.051116217725171,1.7525506586168036,18.859759976291443,18.732266767990335,Feynman81,None,16.73478391305612
3.929212387210009,1.935447823583615,1.7474010398731763,3.211354711594504,2.351108668255713,3.195519207356525,1.1356423347742148,Feynman81,None,4.277960084185298
3.7554610314939656,2.3335869674559313,2.9294843312234415,2.089526260799323,4.975694084330739,5.054157498774244,7.663722796207432,Feynman81,None,5.632139981415688
4.654170690644366,1.3990556667418903,1.060051934746673,4.713177836988852,3.732704221193878,0.5476145530153936,0.8216569133137237,Feynman81,None,-1.9918118307676351
4.060377037597923,1.475315188615257,1.9290028978469231,3.3529460204570403,2.193902667825694,2.208429968264769,0.18896122053137754,Feynman81,None,2.860070328644799
3.14266900146562,2.726307107253464,2.795114575026741,1.1065881791129373,1.9659915514779862,8.552354221791315,9.757002953285294,Feynman81,None,8.637835078913863
1.4876695084331022,1.2470878481032566,2.811340815537419,1.2994578788881919,3.1906339401765575,1.277844328515811,-0.28464816304456475,Feynman81,None,0.9546336381921269
4.548593089876926,2.8696392837878966,1.1244125581904871,2.0235791118388518,4.456765184444609,4.480445144377636,6.2530721343077875,Feynman81,None,5.841214602016001
1.1148240100427045,3.5214930521771493,2.407752462280422,3.5894184538114655,1.6052872906404776,3.5327273962989025,4.791358480479639,Feynman81,None,4.2513377492065505
1.8635449292725128,4.755593622438665,1.5352466745529738,1.3866664788898602,4.6712164076032145,7.178794712617598,5.798399876837276,Feynman81,None,5.958694676109586
3.42115137444448,1.2830063926917048,1.1222637381141798,4.136729865547862,1.1913424556001861,1.2471370127978205,1.7490074331987213,Feynman81,None,1.196570422138727
1.0889884415471145,4.537827069602988,1.0499368992251674,1.8386565988208314,3.0835175964357915,3.3899578557692047,3.4933800732603997,Feynman81,None,1.7734643041480693
1.191348824890313,1.559120454743796,3.22670254653695,2.8820080939392643,1.3554577202106275,1.5947308030585843,0.13751897171288574,Feynman81,None,1.8437873389550101
1.9891178311825923,2.3418888839773118,1.9847539479801801,3.420521995983127,3.965890981545482,1.5364608719490265,1.5682856476022795,Feynman81,None,1.8272656600499764
2.0433221265518804,3.144231567432268,3.361033238325142,2.3167550333613973,3.8722005089309377,5.312074222347251,4.726603505093791,Feynman81,None,5.53968560736955
2.0372224952237548,3.6329356834045363,3.1191911959058034,3.1607017946923426,4.1580154750963025,5.161614255334996,2.2369869961819826,Feynman81,None,5.5717065860141135
2.1337211692914173,1.432159750126191,4.484554769228833,1.6458043701889724,3.9598378252077215,2.308482324259261,3.6731294843146856,Feynman81,None,2.188548237727152
4.959131453166759,3.7959777125441136,3.579722056583084,4.180467925144521,2.4606021320632996,16.321725054780703,17.671541548521652,Feynman81,None,15.231918967765761
3.70166162250936,2.2022375401570207,1.695167757687409,2.336850468022192,4.246059328627793,2.930082346327304,2.694604620732717,Feynman81,None,3.8378674102125236
2.319597381934666,2.3641770057688687,1.4812570142042656,3.425945757886485,2.96242644796362,1.8205501513705489,2.5921906090947373,Feynman81,None,2.3989248922294886
4.428502911189904,1.301892800695755,2.7158043743110967,3.1324450621692894,4.173058468446462,1.522488952236448,3.6180172712164835,Feynman81,None,1.6155345820148403
3.46487419127678,1.5993260477500306,2.3358146493988556,1.105369881255394,3.0914072919963327,4.422387203811716,6.446581339973974,Feynman81,None,4.3472423481482725
4.086514822480319,4.579211626642179,2.0649528452582735,3.585087361007339,4.754270784494401,9.433057723686735,9.126562767711519,Feynman81,None,11.515047474798989
3.075045245331675,3.848173620362403,2.620018682472683,4.97348167360202,1.096673351335351,11.260637432542085,10.229060957306862,Feynman81,None,10.023312443948692
2.3326895387901225,3.7116433746574256,2.1450142764413562,1.7132363340988297,4.487899315331032,6.719486900926252,8.759371167084032,Feynman81,None,6.368313723493777
2.966861883962788,2.561982339937951,2.1503428136432254,3.8986646633228617,1.333628943935595,5.970640483423708,7.318975084367712,Feynman81,None,6.014345684354938
1.0968633436707007,4.0530372721319985,1.2521493975724414,1.5132456244695907,3.3181790348447335,3.405601909885441,0.8029662136173936,Feynman81,None,2.6547877967961355
3.107491808474325,3.54682827372388,3.523872512856925,3.0031593203208566,4.907744908743448,7.605302659750042,8.281844835285716,Feynman81,None,7.671179033537296
3.1357311378839157,4.753002728233337,3.042080444151641,1.2232054506057595,2.8801569376378207,14.896021580756198,13.861435427103526,Feynman81,None,14.599353698670935
2.3297909344579835,1.3275058773806268,1.9193684535932687,2.569869006959324,1.707519825178903,1.6179770364608181,4.89453024985751,Feynman81,None,1.7030660963244264
4.7166670441364955,1.6668804385622655,1.3735159921158617,2.276523907217601,2.352436640962608,3.1703190566539723,6.799167820467336,Feynman81,None,4.200223532903053
4.140090600740779,1.0243381590038787,4.878329663981715,3.8012607275715466,1.9526644947817977,2.4897887175775826,3.196406167150366,Feynman81,None,2.9385829368790466
4.226556995895807,2.8583731387863867,3.614570831088744,2.9649578825331893,1.6483956729879856,11.733788449293176,10.387026229508942,Feynman81,None,11.31661222158924
2.530934485291004,3.2313872963042796,1.1190746554810684,1.121552949141074,3.0083760783539724,6.46195795064059,5.954217199168227,Feynman81,None,5.148694311493447
2.418479159298249,2.537397703023266,1.1437911649736403,1.1411807949547312,4.617104045138024,3.075292480777499,-0.9559574002779385,Feynman81,None,2.3509687655496454
4.808277954678464,2.245435088117601,3.0056875106640866,1.7168651448929402,2.326424140535971,10.085323780615289,6.870884506612708,Feynman81,None,9.562560158476797
2.024499486357754,2.2932297964751545,4.881728925898097,2.02455486122457,2.306590513724633,4.56644272818054,4.417933388920147,Feynman81,None,4.809989517293427
1.4647026478944998,3.4737644554431353,3.6971289425987877,3.2949695968877544,1.9400727314541593,4.908236021859421,5.462275909044652,Feynman81,None,5.627964086753205
1.5589293523784176,3.6294995537761463,2.484865806701059,3.313455230152576,2.4230916904975386,4.575825090996337,6.023396980400581,Feynman81,None,5.111075749366192
1.0397717843643544,3.1078842264337756,1.3103854872275567,1.564794467927912,4.131181108981618,1.8033139353759053,1.7038025179385181,Feynman81,None,1.2457905092601456
1.1689670377136863,4.029864221919117,3.643871337545439,1.5593437826536563,3.4352640378025048,4.671758609299374,4.786767857750322,Feynman81,None,5.606738387659417
2.5774453033026274,1.539766108973113,3.1053255109084446,1.0816785573022396,2.1098524273587174,3.850266676461914,5.698375749393608,Feynman81,None,3.5418943695091887
1.3187833280899879,2.804926542078061,3.6171610961657135,4.918558946043799,1.906503706974458,2.936808462082041,4.944955939180009,Feynman81,None,3.2358563003682725
3.2045624444997625,3.010035584910029,4.39872070921362,4.118052029097395,4.510075486991565,5.907943631078873,5.659070577348037,Feynman81,None,6.15856050954038
2.917697981865134,1.5497389736467615,1.1951893484832117,1.339080060629879,2.3104345522024663,2.4241122818786356,1.9869511933929616,Feynman81,None,2.61384030118
1.7866963593729999,3.0504412535247103,2.024482816351428,1.3934558726937647,3.0502606531935266,4.884872472541677,1.3922918214369782,Feynman81,None,4.893344488340354
4.081471686511744,4.071565678721142,4.68386662361281,3.1206448310604307,1.8946389600177742,16.565583630799757,14.340709242316683,Feynman81,None,16.55155612145363
2.5258147136026845,1.6158392001877293,4.185720014618164,3.623214227398445,4.9086631796196905,1.4813376278033699,1.352025884531519,Feynman81,None,1.2108601400960495
2.910126682520425,1.5069235351068184,3.4724295581542153,2.944176674087076,4.529047178164616,1.6376905906949393,1.8750524550919205,Feynman81,None,1.7635912621873504
3.9633554315491857,1.5542233797020981,3.0476879310541536,3.426346051174063,2.1980840978358307,3.4330642415231725,4.806923538182709,Feynman81,None,4.179145929572852
3.935441861169671,4.192414593762711,2.638430883934513,3.844823601027983,4.713290293729422,8.98211510226359,10.805150183613625,Feynman81,None,10.416141439556313
3.089647856057568,4.731859159266417,2.026210395843628,2.6538943393308543,2.8907241222413464,12.400728375510475,15.481411833815333,Feynman81,None,11.892754166147796
3.8961377998646114,1.090957381841604,4.944420253310518,3.6007003592030804,3.9867018085608574,1.5260582326731413,3.374682292023731,Feynman81,None,1.6959918452970393
1.8249164544556322,4.319158473102428,3.1724762234702593,2.1929536762343913,4.630752172243501,6.888121555336298,6.698095173039622,Feynman81,None,6.673200367072887
2.4122126376000406,4.836093167353486,4.328419239738677,2.4338860027967173,3.8087031160764244,11.413428309488584,11.524755440289676,Feynman81,None,11.020313167793764
4.072707822386992,1.2055950011887426,1.9691173066607957,2.7563199422467717,4.164465986523853,1.0012391787457398,3.513831495018798,Feynman81,None,0.5212173360693407
1.352095950317723,4.131776615474246,3.0509570347753554,4.1374791141133915,3.9449831086443408,3.6216037168496893,5.743552910797893,Feynman81,None,3.8254136254735047
1.642748246975592,1.135726448181832,3.0830623923221205,3.997638937910219,1.6151883195060397,0.9230003320895851,2.0628952234873363,Feynman81,None,0.565435883540105
2.451526771703674,1.9523218947947125,1.7293011488371066,1.2758973570385246,1.1400680425166358,4.6947885079767815,4.558135710111926,Feynman81,None,4.475222805029464
4.853568242416506,4.07562738151136,3.3945329974548644,1.5714905407046142,4.172962955888925,19.207889003951514,16.871983955537328,Feynman81,None,16.772977287016104
3.184141572592847,4.301929484654899,4.806666685137952,3.0345921075894933,4.156955380475702,12.702939683387854,16.341921149538543,Feynman81,None,11.810025045783929
1.4023775289540952,3.0017104658598446,2.6304102527193276,3.6579411655495044,3.9897118781960046,2.078499680988764,0.07142609086676233,Feynman81,None,2.3843578540481314
1.4392848385874668,2.790251069442188,2.278782276620183,2.1487393489355786,2.3896927209707344,3.393352851598747,4.191730001993666,Feynman81,None,3.8649787481676454
1.4436277254222163,4.17355633030596,4.519491114179921,4.687092620845113,4.968133402157453,4.034409450006222,4.454188524593841,Feynman81,None,3.3321435405461735
2.288173608259697,1.3244151836642866,1.6468055295924362,2.1304822736301148,3.779679324704286,0.8013176253944718,-0.12196806552502992,Feynman81,None,0.38673280795921766
4.6134939138394,4.579450557490131,3.2468278827350954,3.5541357803415243,3.314700842853421,17.99287745902299,20.79656585803279,Feynman81,None,16.82163081118356
4.478813668357244,2.406511421457649,1.51706691060211,1.9961754476713582,1.1243525971458004,9.976210989554898,8.190089120346775,Feynman81,None,8.870278290666409
1.5084349090474505,3.3840036071058344,1.8782164763095168,4.6943446693577595,4.754558873738311,1.4155540216567513,2.317116123168487,Feynman81,None,0.2574036129540461
2.311540418347659,2.10729971635014,2.7038309365459314,4.770759628405644,1.6302725573409305,3.0427103674840863,4.232075636041297,Feynman81,None,3.2060461507793563
1.9264292347009517,1.669300558832794,2.1478020701983582,3.6048818653449857,2.4970065910121138,1.217174799580004,1.083803875719127,Feynman81,None,1.4684122962725341
2.396730004353546,4.18448813932289,2.40114963006295,1.2137889867637313,2.795413267849336,9.975504074925494,11.215766472236464,Feynman81,None,9.62883972528855
1.875875261430623,2.2545812546528627,4.563503902762164,4.958195033586651,1.0880751014920267,4.0467941651849015,5.772609954019709,Feynman81,None,3.819617457284237
3.3274124338924063,1.7897975605639913,2.6223752231572015,3.8462282408571746,1.4890974781975506,4.018634901737942,3.199739219639847,Feynman81,None,4.369553293668088
2.703956868085702,1.39240072472868,1.2958394879840625,3.748990394287318,4.44329193328209,0.4062248139935744,-2.3194202900096297,Feynman81,None,-1.7238749412810257
4.404454472895809,3.2288570651522033,3.589008518806889,4.849651321761666,2.5885470964269883,10.344166647530164,11.052309806680524,Feynman81,None,10.5503244802657
3.7829587204154107,3.7198580425987187,4.702426289912243,4.78983397169973,4.340862240655294,9.660448213667866,9.858212996413037,Feynman81,None,9.707145464942275
4.520140674194469,1.6132311674225273,3.4407986537317594,4.595237733692156,2.4479197121976557,3.3321460922190425,4.031705721293,Feynman81,None,4.0878024448698635
4.991027038697042,4.169050682906365,1.4163129998177615,1.7269381549481682,1.8601419141110171,19.780233380858686,17.646423988085893,Feynman81,None,16.749669249776716
3.3995544537490447,2.940436961838429,2.2077038567616074,1.3728358991055427,1.168735739953723,9.990059309902788,8.844390450971853,Feynman81,None,10.209822219102886
1.7774650370974006,4.911024183133126,2.429458444735314,2.197426780802055,4.701898984774569,7.1520449654761435,7.413573475753701,Feynman81,None,6.689467504636861
1.9664536425399861,3.511680195298698,1.6921919329089916,3.9605413728373935,1.334301477328312,5.58746130564367,5.837421042097966,Feynman81,None,5.764139968977237
2.580113763304999,1.2535473465904343,4.156120393089342,2.3802920138482238,1.291112140171129,3.0234610261586226,2.4203145687649577,Feynman81,None,2.707920379186571
2.0942785945399156,3.748578834434587,2.9067182921579904,3.604181219923288,3.0518322525841377,5.947762771918275,4.40521800995161,Feynman81,None,6.379608598863406
3.1576585873528384,2.4980661446029386,2.1253238512912853,1.370875015348604,3.5421101297492408,6.295497193320273,7.321411131244976,Feynman81,None,6.059164295008484
2.755774301209151,2.869206602864349,2.6376689283972112,4.118212444619531,3.1159718220497363,4.188494018915544,3.958269139489976,Feynman81,None,4.904350488041756
3.148493571781855,3.8559439737763324,4.508820331419395,3.326198150983568,4.542653318836953,9.930408740506738,11.034553844721946,Feynman81,None,9.454578390686091
1.2350137645828898,2.0027626547830573,3.4244527623442975,3.672844527350218,1.3094459281707471,2.2034670370479876,2.140987398778432,Feynman81,None,2.7666544204090906
2.8007518429276828,3.3285360529852404,4.380024726152717,2.1390691305317646,1.6137357001237147,9.318404236266685,9.879433253156137,Feynman81,None,9.957928335591342
1.4399295991652776,4.167762044759938,1.8176223372964118,4.918650367033424,4.875509683849096,1.8351268015983802,0.48225276934455574,Feynman81,None,0.25911270999139835
4.6648622045864485,1.3817223104429117,4.040079708148806,2.7226621308893306,3.9315656759127084,3.086475951138146,4.7581277326037235,Feynman81,None,4.021976454721646
3.1943570965133046,2.009342416473963,3.6848407457358703,1.8495164865594318,3.651844599607796,5.129333465540024,1.5361155353581513,Feynman81,None,5.3544130991872825
4.6572244060520855,3.8555244118457552,2.578353706469645,2.3310122745197503,3.8309095620021845,14.458139008106778,16.659185177957397,Feynman81,None,13.681864759498124
4.437926016551627,1.0728606539131218,2.695866890070485,3.9759685700109277,2.556208237683878,1.3195285389129054,0.6464941115736046,Feynman81,None,1.3810010325332416
2.9540703848903007,4.718491645961764,3.166460906093955,4.705512806142165,2.4989562409098003,11.903174625102483,10.116508743789117,Feynman81,None,11.137046737551797
1.8959028719514022,3.7116453036226797,1.8629219427475556,1.9562347471507882,1.743211126202651,6.797164128665836,6.270828840151402,Feynman81,None,6.969603648550612
4.393646532796813,3.953652109374139,3.8938208486509747,4.080297897659884,4.558370382603858,11.799027716455019,10.32207260181054,Feynman81,None,12.261575310161167
3.0479857602443925,4.280675998318994,3.793196796089999,1.2727557800766593,2.1492879203272772,13.047257183112636,12.463794492191541,Feynman81,None,13.847425923431777
2.192018321848941,4.642122407119441,2.67465475665392,1.5523434870050723,4.606075638323023,9.563198096087863,6.312190952544663,Feynman81,None,8.556435866052187
1.6193480721090086,3.2273434686448548,3.6730941545049323,3.205277013494873,1.4598856924107144,5.160719970895214,2.0039284585723585,Feynman81,None,5.8837594155449695
4.5542943140517025,2.0722511547120344,1.7343978073486364,3.92621912791698,4.732971969725893,1.8029244424527622,3.5728559390128893,Feynman81,None,1.6432929262190654
3.565134698005522,3.014826330491326,4.797821827012924,2.7854336095673653,1.6545990701112299,10.707944359910046,7.260000995429567,Feynman81,None,11.123490165880735
2.533590644743787,3.923556882560353,1.7654904061266081,2.332801833585067,4.506919495941986,5.741728018019834,5.409495086404454,Feynman81,None,6.152532818315922
1.1158053918921205,3.0066854277342805,1.757850944085023,1.0504252421470577,2.732999811689835,3.1901370195967127,2.6687393245013773,Feynman81,None,3.3776484881917885
2.9655007120131667,2.7710224970797457,1.9712527114285812,2.5543343285960924,3.3223934206864816,4.662456211861293,5.530399549332071,Feynman81,None,5.458312510012208
1.5671191721233466,3.9741607386455686,1.3211881735552944,4.130950753080285,3.1093635269352666,2.4129416496115086,4.514352406254803,Feynman81,None,2.3290197396155357
4.397303358610971,4.18062355027315,1.000711609088674,2.4436617689620643,3.708101875425109,7.931850954178383,9.267766192175197,Feynman81,None,9.776887032800996
4.755121007812954,3.9369990584084906,4.7739607763918315,3.133140274858534,3.184434344217166,17.875242713267546,18.11100734611637,Feynman81,None,16.394247053313794
1.455004659150454,4.5070959076588295,3.397043125551434,2.823746282555721,1.3672124176416673,6.553136396296225,7.758770908513965,Feynman81,None,7.935758894006986
1.6258593319981411,1.576183099364708,2.8253128128776517,4.312077240714073,4.62125444123865,0.5633390646933606,-0.20455317299446696,Feynman81,None,-0.4846171318477513
4.710701795186779,1.9555247523924213,1.0969383513577275,3.2584724269987384,3.7207676193556614,1.6130542921895856,3.0054235133864884,Feynman81,None,1.901176421529608
1.2474589559015619,2.1925413570147922,4.866154563698891,1.131469744531815,3.4431920832523435,2.7123297723149244,2.926014540141701,Feynman81,None,3.378106818052652
3.9709096657403125,3.7964059944620594,2.299770427406655,2.8581808018588344,1.03445925962908,14.993296589852676,15.515217880297103,Feynman81,None,14.274948728064999
2.108477406424028,2.7986413708987543,4.172205732263889,3.0867275755514134,2.8759301374993864,5.107907446799413,5.802651926604483,Feynman81,None,5.390548851803373
1.3152658576316671,2.4108250794381942,2.673137884927411,1.686087993566875,3.2008314337958903,2.6376897381307343,4.906085493148664,Feynman81,None,3.002877293551271
2.0023939501889303,2.1823410832833177,2.997447144809949,4.615475251228629,3.63256338436508,1.6234182943506437,-0.2019803282441177,Feynman81,None,1.7058751986534537
1.0562121221090917,4.842403509051896,4.810224429567569,3.3818670380432043,3.0881273562300158,4.997766068612722,1.5471197761322384,Feynman81,None,6.164990847186034
1.1228950876477986,3.5247880394514417,2.0573523608514477,2.016731936906782,4.016306321469742,2.8259874592860856,0.8793974661518009,Feynman81,None,2.9671188379065665
3.4128419928533864,3.4748896158207554,1.406319122813274,1.6739394038035864,4.664407191202848,6.584330983606771,5.240351394674597,Feynman81,None,6.950576719013813
2.344929164408266,4.021949361570405,2.936918847073553,4.728835457669372,3.6821539303433406,5.5687814111587155,6.254682513686183,Feynman81,None,5.899444290530475
4.554822128790588,1.2175149642799008,3.456960969231466,4.854201287512264,1.876383605751149,2.3945108773616077,2.3161367648056777,Feynman81,None,2.8102288044459276
2.358633748819879,1.9788995392068207,2.1905242781101926,4.320857673449856,3.4581102340409946,1.317337497458949,0.9790086127873643,Feynman81,None,1.2528677887796562
4.812519195225791,2.1970562997183407,2.5515606692474546,1.333318228688745,1.422064743968479,10.516360085622845,9.840387905048516,Feynman81,None,10.008699422284932
3.667926201956613,3.4278741006655014,2.2464818084611045,1.9227389624614442,3.1999227096229457,10.671288518425126,10.22138127118967,Feynman81,None,10.411897010443633
2.5359142012536733,3.327894789561654,3.9716383183453465,2.7141762915326266,1.3241201762898336,8.428474503808333,10.68196320392856,Feynman81,None,8.91443637476917
1.1409836592956815,3.320499392091147,4.0489290118587675,3.4978572201871985,2.859295250389647,3.3063084171993617,4.1260503381618765,Feynman81,None,4.0051583504006
4.349168537876963,4.767560911555309,2.5916819899264554,4.602500152861028,3.0458362108754473,14.662176451696643,15.314886361929629,Feynman81,None,15.138557530497094
4.071326496258704,2.434928688871496,2.1438716907553657,1.5607615010142397,1.8515943754557558,9.392540025478775,9.970118484576656,Feynman81,None,8.943114219503515
1.6472335847422026,4.8187163104039445,1.4521234969629502,3.846605155902811,4.4942997911491265,3.0481195189199504,3.7519910781144423,Feynman81,None,2.7020840029694893
4.925163187704825,1.4307047556995558,3.82554517581519,4.492959136849275,2.2810898586468475,3.4418989256773598,5.385125801923985,Feynman81,None,4.634500535579612
2.450471739109824,1.7655131229231684,4.6243597851154465,3.4294388614742592,1.8763555672107213,3.692380188183419,3.437725128893348,Feynman81,None,3.6855425688306322
3.326392549196593,3.2601691515755835,3.548942417529558,4.909545580253661,1.9519590665877349,9.064761283779394,11.099299110708014,Feynman81,None,8.709345344730796
4.595518246177483,2.068022809884554,3.2981597819554915,3.298624700555605,4.649932048529914,3.9679211126746416,7.9378607945336235,Feynman81,None,5.009191964881531
1.3079137047433593,4.256155106811628,4.599097480773327,3.749204772647833,2.957259056183638,5.250002401497694,8.684850460576445,Feynman81,None,5.8742367784567335
4.034397115253514,3.1333183018357276,2.296928242745481,4.225496580015342,1.454274875473864,10.424487241465801,9.726466735405609,Feynman81,None,9.998011965656433
4.96611798552661,4.432409092618135,1.9114809133826527,4.977130453971473,4.75555951489013,7.559139084769335,5.8301489623415,Feynman81,None,10.240944476344374
1.060141830060354,2.594633893918823,2.86410902509523,3.0127449274136295,1.8914475175908092,2.373213577723477,-0.05644440236238335,Feynman81,None,3.034884908130634
1.6648949905471468,4.955758111481902,3.755059571391045,1.6927038277578506,4.618324751169833,8.11079943518631,9.700677981407425,Feynman81,None,8.07523371170036
4.165661756199602,1.25901030409754,4.980531069945769,2.1032779770995704,2.90473482351537,4.051180422347443,2.895514793751251,Feynman81,None,4.635340012715866
3.0595723797386407,1.7649539374621304,3.3788770691851013,1.8878549137392064,2.0211778941685687,4.94580915095684,7.001386917100289,Feynman81,None,5.031367824246757
4.052083024937517,3.778898907361404,4.6920383527216165,2.2999424557424826,3.4307196596331235,14.97401105070034,15.717168319651748,Feynman81,None,14.53527532942722
4.576353075621171,3.396384333966031,3.5436801655145436,2.970929528427063,2.037292546945563,14.97116316178618,15.807712983703311,Feynman81,None,13.947693957261894
3.9228639635475413,2.2540647720189653,4.962570796982362,4.0785751158101675,1.410589747911354,8.487577935713292,11.516870396944414,Feynman81,None,8.259135151767312
1.3786839686577772,2.099461049607928,3.986363358052153,2.2424720246293073,2.262867190184726,2.6882923463454262,2.4502218885587403,Feynman81,None,3.1882772876217347
2.26962099388246,3.2894782319379368,1.894249156693852,2.2945948412664166,3.338125160809698,5.013438314840207,5.523769072246645,Feynman81,None,5.519238967971525
4.924463253200854,2.1981493031546737,1.8208734546753482,3.628928550921794,4.645348440019562,2.5229056048729253,-0.3469596938585835,Feynman81,None,3.1691161872357942
1.1464032386725074,3.0131060072042612,4.911782734265132,3.6961139405094148,1.771148132850842,3.379929262830266,2.476506609623349,Feynman81,None,4.334955222707265
4.025971695985068,4.811937142299501,4.002555131445827,2.9312849946788813,2.6943931146961777,19.07977191592333,17.042161598912354,Feynman81,None,18.308480434591125
2.704659380820277,1.2004081860577949,4.258974215145518,3.660028314294869,4.627853628915155,0.9512530797235247,1.568801866450909,Feynman81,None,0.31737606306169613
4.419455438117231,4.25821759268885,1.5188711320411916,3.5484608311212,1.1967545735350558,17.110638811071144,16.957834325574435,Feynman81,None,14.99209268816876
3.722790886221076,1.6705942180171744,2.0454469716335764,2.579943324007599,4.037005058624954,1.9702737666064947,5.2097169412358015,Feynman81,None,2.44448084099798
2.903173803555209,4.512400180519519,1.6903553228368233,4.274662796153496,2.9176354937880395,7.142768866162786,6.879655910925851,Feynman81,None,8.219422405452889
2.6410021950897047,2.9709717275571936,3.3590674824490736,2.825085762224763,4.223471166106601,5.366111202067621,2.837893934274832,Feynman81,None,5.6965785199457875
3.561270164164215,2.695634540658616,2.3632368662735894,4.526882258902101,3.9451072073616924,3.286128053928309,3.036607968105227,Feynman81,None,4.067799081967685
1.2464491926734835,1.8052086485373202,3.0685824528383647,1.8580264938008466,1.0185877481756624,2.237228031335845,1.4715004912239424,Feynman81,None,2.6964393176375983
2.295475102748262,1.3670339305629642,3.2310108626663228,1.353712027415639,1.5686486187353714,3.041547066974718,5.129354721909522,Feynman81,None,2.6206705731315423
1.454606544576202,4.199596345324011,2.805088941740938,4.135811335952612,1.6654697505123286,5.721934180075513,2.484729110949728,Feynman81,None,6.197479453939784
3.887939913400799,3.3396239565497017,2.6346148764839414,3.823436916200355,4.620574335316155,5.980222472066815,7.047341637117605,Feynman81,None,7.371469150680939
4.520908663901133,1.8562771287055764,3.34212660466745,3.128265247255635,4.912367317045467,3.215168528934618,3.6695158018440024,Feynman81,None,4.0503071430892925
4.265659775060198,2.302237271689235,2.1057948608189614,2.6646667498801935,1.3649976949776237,8.543413306363808,9.23281613350631,Feynman81,None,8.129898422184725
4.961262459935426,4.584258679901984,2.953986436606934,1.7183443526170272,3.2066398258237814,22.412545792770384,23.456842825329154,Feynman81,None,19.775227237959818
3.6024588296363587,2.660239415172822,2.5311203865018466,1.130164166669478,1.918124125186638,9.54505373757841,11.297085621767444,Feynman81,None,9.520143068593299
1.491193787769356,2.3151582945244185,4.843654789633994,3.6680608036446665,3.6366645413386633,2.3688368099586614,0.9875540061096297,Feynman81,None,2.773131982704529
1.1655137061452723,4.983767292318457,2.6515461470191393,1.0240161821118798,2.7146062241711353,5.807786204176545,5.935267301349894,Feynman81,None,7.013833906111448
2.303788486638356,2.0621621431259016,3.3142877525127705,3.5100182379895197,3.5065890388920287,2.396644991948579,1.3455493056346954,Feynman81,None,2.9073258011220138
3.3509352295561228,4.92118902135155,1.2027304967305588,1.694145167686961,3.301334419530866,12.945150348058492,9.617013652941798,Feynman81,None,11.444669487053014
1.0307348015138085,1.5526377273914176,4.978757619084716,2.373362715371941,1.377907419168939,1.5722860526859144,0.052945092800582794,Feynman81,None,1.7877260008415332
4.029329012610131,3.5319037207277715,3.3463416725876782,1.4978005106444923,4.488362930486922,13.409884258460934,12.363314425075592,Feynman81,None,12.392583213849912
3.739658272713233,1.7780718486327332,3.8570135921740425,3.676326675025279,2.009522644924039,4.852754470871901,3.594546940882519,Feynman81,None,5.330415315457705
2.7286589231676586,3.2802777052123337,2.6507235198270465,2.0924335904705407,4.675170237008273,6.362402545710209,6.380824370579488,Feynman81,None,6.246997799887269
1.8145830227164232,2.081551579857797,3.9611701931422023,3.4025931637816047,3.8418388950012266,2.1098117519750472,0.8329809985063854,Feynman81,None,2.594601445870876
4.604017572811989,1.2904904168848548,2.9473253302343654,4.141042356435303,4.060431438687819,1.321516412349916,-0.5845286460871861,Feynman81,None,1.0453077091149312
3.9108025724679583,4.655477552958064,4.171246543323276,1.8428903361516706,3.860487215382924,18.052280340261014,17.097938168284823,Feynman81,None,17.36928897751507
1.3152874032955202,2.8474241984997524,3.6305249766972136,4.6974621659538585,3.7283467789157747,1.985250370952003,3.65781600820883,Feynman81,None,2.117684345202533
1.929656632974495,2.6115408422065918,4.412671449607963,4.443645248087969,3.2473879342716203,3.3423607607940027,6.638753319635674,Feynman81,None,3.634920811404454
2.7783219689448453,1.91284008242993,1.4684061081939568,1.7607082178925269,4.339353027008558,1.870263647503832,3.113810904538581,Feynman81,None,1.9885446049012894
2.1747047318738564,1.8410238930476681,4.528373862660057,3.6219907717306192,1.2885791967985725,3.784937461306195,3.515339069830832,Feynman81,None,3.7425466850780778
1.0705914980600233,4.0204025724445325,1.7508805664131581,1.9914212415559271,2.765343474264225,3.6844734226593556,2.887237102315474,Feynman81,None,4.056975418237464
1.722019679415669,2.5815859518790765,1.762376711167588,2.742292937570064,4.284445600647514,1.6402975046831776,2.406164205453731,Feynman81,None,1.8851005021281926
3.307501825102994,2.2752154081300167,1.138653028336619,3.4084620352793173,3.6513526986030245,1.5442374505412109,0.9596528300822975,Feynman81,None,1.6416746752540887
1.0017750646718726,4.1364049414527795,4.8969883496569935,1.8815690859431387,2.224098749019926,4.143229588931508,5.211606326651358,Feynman81,None,6.250401032045519
3.913409172598745,1.3522566256441833,1.8753594383860643,4.32273472211879,1.3759983326477858,2.1287710851420516,1.6393420261642162,Feynman81,None,2.3195946409963475
3.5836302869780967,1.1166225103460445,1.2587470704034236,1.9214172331776695,1.7233249717087151,1.6034133711293477,0.2542759255107381,Feynman81,None,2.1724191290724453
4.747488796497596,2.8780244616469064,3.4558072241621196,1.6295124608199498,3.6951714860650307,12.69467124080008,9.703352492107873,Feynman81,None,11.628778051061547
1.4603045836051627,2.940139050738697,3.81045243204357,3.8808138319085197,2.0413743441441063,3.8142348223622125,3.3366017210059775,Feynman81,None,4.409181265814137
2.4482632319156235,2.911675766492156,3.5702197637251385,2.3398269459880745,1.2388825109435735,7.117613219436686,7.38019131009707,Feynman81,None,7.528559872365362
4.0473578804036805,4.953020969381308,1.4502097107795788,1.7459897566597102,3.5671345867418887,16.415040912181976,18.81457630635311,Feynman81,None,15.295625470271844
2.526186628470464,2.103454418928379,2.9384325290813664,3.569011754170311,4.162114176345723,2.0916444340482636,2.814114417089811,Feynman81,None,2.4310990320920407
4.110162692247295,3.3096501417085276,2.4412311201857397,3.9360033730671935,4.357171084939949,5.973209663338396,7.135851983168567,Feynman81,None,7.624164661365269
3.3051037473542806,2.7857550540164024,3.6330837293143503,4.05295051833415,2.8464307632772554,6.491656896085712,6.799356401225124,Feynman81,None,6.957967200755953
4.592300416798112,3.610015483279698,2.278061392090086,3.9489469823421968,1.3590760101294515,15.099837462866947,16.542241738056877,Feynman81,None,13.452634346377236
4.067993451079846,2.6826907360133787,1.8014053761619557,3.2412009114006692,1.9955169468839262,6.913043422048902,7.887514861643694,Feynman81,None,7.803952053904433
3.7583217608758828,3.302902327524787,1.328796179288985,1.11750520943154,1.0355113656363044,12.400769044043715,11.099272014297203,Feynman81,None,11.572809047142202
2.817815761108483,3.0306882000877007,1.0463438663478506,3.975928608755244,2.7211474110951173,2.433802930838473,6.970629141545665,Feynman81,None,2.7588819727355327
1.3953210192278012,2.476252181565614,1.7865740365961313,3.6899749269204136,4.198936503357295,0.9605927348950515,1.63678068165546,Feynman81,None,0.5635176685915957
3.90301905470625,3.244799271344557,1.5311103956617687,4.325601215091499,4.432742624157502,3.209921839789407,1.5554694677264889,Feynman81,None,4.47586492321601
2.6331025972369115,2.771028591209293,4.500578273677796,3.565702477265673,3.5037645715775394,5.551457174638378,5.7892782438074954,Feynman81,None,5.705832014598253
4.80696373263393,1.2246413863743588,2.7213371640601287,2.410714242286853,1.286121149821669,4.658207257615455,3.6987205599516817,Feynman81,None,4.946682618110928
1.688205032390163,2.7258369337639814,4.8657124158080425,4.896408546914477,2.2208723508910806,3.8634590690560677,1.5002910190097012,Feynman81,None,3.848369311329446
4.538476462406435,4.900524201913033,4.042376741037518,4.541922329468247,2.9913900783534273,19.956090920950896,19.363827257805326,Feynman81,None,18.179721834237988
3.666521274306535,1.4699338367204735,4.761520713293993,3.1966503907392148,2.2457300182193025,4.046899135861842,2.083961407493403,Feynman81,None,4.522489699452192
1.0350965336894675,4.798805601706894,1.2295468986883185,4.802812147419207,1.0388991598761108,4.114082088680518,1.2040602887247185,Feynman81,None,3.032281833574694
4.499723584092471,3.6272112451467478,3.7621394355868047,1.9641386200068158,3.421115080209162,15.768811367405002,15.77093198595349,Feynman81,None,14.636286887670574
4.186087231926413,2.3762878606793127,2.367680558023308,2.2683054481445826,4.656641986616512,4.848433231475278,6.5282673382109815,Feynman81,None,5.793675113109538
3.295312563279484,1.6168903508304147,4.066451706162254,1.5299660945106428,3.5331104049222977,4.468050551258689,5.420029629772402,Feynman81,None,4.692246173725308
4.670337010495164,3.3685984564690554,1.622059529165186,4.9715403981070185,1.0356210316685979,12.368063515006465,13.75244360422889,Feynman81,None,10.850738806348705
4.979407163688602,3.908501849973377,3.002007889863614,2.443261177982184,4.732469374413744,14.941474890483317,11.543022017188878,Feynman81,None,14.145685375794999
1.665433235829068,2.141275571049378,1.9773749433451,4.6061250328255605,2.4273524333054213,1.289435630877893,1.5247324133312319,Feynman81,None,1.4604449410809326
1.787970771275703,1.5761602089407694,4.718367101116025,3.6269091222843186,2.8501416704584734,1.7375354858311447,0.8439468876814976,Feynman81,None,1.8576249725722376
