p_d,Ef,t,h,omega,omega_0,target,target_with_noise,equation_name,varied_variable_name,Predicted
2.7387712908171027,1.8325601431456864,2.5742433924337,1.7563925369696975,4.964355226376615,2.562972216386033,0.012435237245830571,-7.046768439664507,Feynman90,None,15.767974772612659
1.6489320722658078,1.0353397531383224,1.0625774601595561,1.8826338448460336,4.919044753746794,3.1863673551343417,4.526054881139488,10.888789549642748,Feynman90,None,14.320380867217384
2.721376710082896,1.6374175654545005,2.807332990010755,1.128619341075258,1.0197019237532583,3.0025853452156266,1.1054714780080586,-1.107986745125475,Feynman90,None,16.428545989497042
1.3449188811681445,1.8657452730727673,2.4847713281148724,1.4156497773858752,1.3060425794122321,3.7475681405457046,0.03512306791914444,1.8337807008120863,Feynman90,None,15.985553424055587
2.3967521388689965,2.1246149235064458,2.99021834243261,1.654262818284217,2.2665992696054778,4.255361639878342,0.1832730992997284,8.509240330547208,Feynman90,None,16.20933802330247
1.8533797989879035,1.645053625642707,1.839848614666905,2.370958087242293,3.428586428592648,4.90557380696729,7.695608796194151,7.811767685387981,Feynman90,None,14.432712211007674
2.483151951896352,2.0040514582410642,2.789498062633757,2.2483014126560894,4.713406354404196,3.265514393940435,7.722913140494272,14.85911392370909,Feynman90,None,15.212176658966495
1.161881196223068,2.6457738909819284,1.4058706663838851,1.4914816773554584,1.5560948466231523,1.0254081055433946,17.37730189180185,14.275912071803434,Feynman90,None,16.82523149794176
1.9664870124165872,2.946507158360662,2.9938614108388313,1.8815053230004786,2.6628745638049542,1.1865192373404807,7.639861048069729,14.526369012036808,Feynman90,None,16.82535237756221
2.6750929275344877,2.162270805542505,1.0050583910169082,1.8099231224481793,4.11720010123328,2.3320386953228933,15.31654112678993,9.64189063537056,Feynman90,None,16.09481596355826
1.5228224457233512,1.2031538613463015,1.069660328937987,1.2722599574430544,3.259086667701384,2.069296479073894,8.440915133107803,15.542752492336765,Feynman90,None,15.39226315900311
2.554707706574696,1.670046403146296,1.5444863209930382,2.9096192837750605,3.1591490629398464,1.13705460769211,5.835114271780926,0.6170719163186957,Feynman90,None,13.842356829124727
2.183017988053001,1.3113398164204215,1.8145076200333121,2.08639731063293,3.446821888470855,4.685030531356789,10.075380615018291,11.426133966698664,Feynman90,None,14.497742391730615
1.836067619072401,1.1200487521452591,1.9629980732346255,2.968107959558293,1.4381301637961084,1.9591220041482647,7.8263046101395215,7.02752351040425,Feynman90,None,12.892889544882253
2.623665662431949,1.277146509750671,2.444823236677199,2.5135145851046383,1.0569342040049632,4.207748432571922,0.5865264137136956,-1.3689925013596513,Feynman90,None,13.934442714548014
2.4067574112716454,2.0827511301312516,2.1332788925169144,2.9655031809676613,3.7075670233152245,2.2472031942486823,9.336125740781343,13.896942006194353,Feynman90,None,14.251970806762332
2.4937351123773905,1.2706839422178944,1.8075977501941098,2.452688806462397,3.6188194097669917,2.981727348293358,13.12165206871591,16.717294995879826,Feynman90,None,13.984826929598645
1.6427490380118739,2.465153946719262,1.6067686918834863,1.537927343400164,1.5139740893390035,1.306857359922692,26.339095543587508,34.15640326048707,Feynman90,None,16.6384191538054
1.395489452310417,2.2903445188391833,2.2700947446633197,1.0644231473231547,2.741180521094153,2.233578856752229,38.29471622385103,35.269540295268804,Feynman90,None,17.04777674089919
2.749725034494097,2.8158199513940136,1.0479340904276964,1.913420531197353,2.6828033192933662,1.7184007000312937,24.45192096889628,26.74464146211871,Feynman90,None,16.792589832667606
2.5782916133290312,2.4215372920465548,1.436173152596797,2.5930845388996575,3.1144056803061537,4.721339764223838,13.64191460947106,16.707607442795588,Feynman90,None,15.263651001652029
1.9347864924862102,2.444460532539331,2.909768668834121,1.4051945113881998,3.6764888150377364,4.134083995028746,52.9638674846094,58.73488331974487,Feynman90,None,16.872138006664283
2.153613122151323,2.2885955332034893,1.7978537264795604,1.821361152606406,3.214452298118333,3.4728161478965838,30.022867005190285,20.508772244793906,Feynman90,None,16.119099400358806
1.4335952428848462,1.987699837738502,1.486860999009421,1.397736879280129,4.588888884906892,1.1804185577494661,0.9668524838896438,5.376168746038452,Feynman90,None,16.18704592236123
1.8041846896783789,2.6568171755851875,2.3625574895166075,2.5061301933956974,1.4216460944612619,1.0221785557536167,26.346525514468123,21.67860830246998,Feynman90,None,15.511541632108122
1.3377753427336665,1.6502842568656637,2.047430155438108,2.807634321629847,1.6972131704093654,1.3962408967768987,9.799498361609272,7.706383998058389,Feynman90,None,13.686091495923943
2.8269311354631057,2.2938960556077816,2.603324136886975,1.3890269410237155,1.3869734890367038,2.5395664330262138,33.758026646562264,29.678999066904044,Feynman90,None,16.909011337453123
1.4650923317763738,2.391193780692009,1.8116654877009661,2.350532955621577,2.077176319469133,4.660571926155517,1.598821051091383,1.9086041285746358,Feynman90,None,15.322118081526455
2.878568541023379,2.7437518946751385,2.191268749561542,2.8214206880377164,3.167119456204008,2.871146500895597,37.20937925108453,36.261985274673464,Feynman90,None,15.410373355119626
1.0528209023595168,1.586913690383183,1.0583274195349908,1.0157484990297414,2.2469796667271242,3.111761513475959,10.195115675626628,17.379323176676255,Feynman90,None,16.1453192364842
1.2762915472313703,2.408433356659036,1.5139288784259013,2.0837221840737534,4.270806543810874,4.080371285150912,13.935410046141557,13.790050729585875,Feynman90,None,15.688611231691294
1.070482528087022,1.2913677293253254,2.5991538839075625,1.6732458730327788,4.200352755428788,2.18410226547311,0.48740652527332406,6.58716349251588,Feynman90,None,14.817588018824813
2.7115814354791885,2.277323525593503,2.3455977063627804,1.2573695789345074,2.062261753598334,2.9447734059832524,49.956523316054046,51.82263590981834,Feynman90,None,17.052869588406107
2.7590502497531397,2.534186725936454,1.5104556211125315,1.6722833396117855,2.1093772877894734,1.6514315367478694,38.123314040636366,32.17938025356022,Feynman90,None,16.78717193091013
1.574107392335291,2.9360107504503574,2.9174089051524508,2.9448568094320393,3.8068700817030985,2.136774365784472,2.0375491640450254,8.026788281025468,Feynman90,None,15.17589463762053
2.4218735017176254,1.8020731428580552,2.6973945624803592,1.5962638864827308,1.5026417623932171,4.086152168612594,0.43117178055018957,2.58599572158942,Feynman90,None,15.889257016407923
1.1846806121890499,1.7478681988191969,1.756758400588562,2.903400238715978,1.6751042194463714,1.637049320925093,7.869247476593222,5.563086411799432,Feynman90,None,13.63580224890318
2.2210714396591382,1.9314161964428092,1.8025759360127023,2.9722735042266053,1.178281374393201,2.3980107048643364,10.735663860025678,10.171486815275038,Feynman90,None,14.007041769157077
2.6789283777259327,1.4679734588898554,2.699140571401056,2.4048832809260063,4.842223121679984,2.7468847628424333,0.33041390060026604,-8.87105979577253,Feynman90,None,14.347744584984866
2.4582428526407814,2.01257086609937,2.3558001420721477,2.2596720692464576,2.313742733947504,1.0733389365098596,14.999147697251935,14.972749475230533,Feynman90,None,15.200759587707834
1.943880792338973,2.8786991115791096,2.962790351266432,2.9738482924770873,4.918845424294913,2.0975621068374637,1.4876879121906017,-8.63164849599277,Feynman90,None,15.1457617054951
1.9116711559756079,1.1016596023060665,2.0216528916712813,2.867608136516788,3.560424520778219,2.2478705735913005,4.990176951035614,5.361766849239503,Feynman90,None,13.03298065351413
2.1398679464774606,1.0802785319360269,2.6486391551203425,2.728435599944067,3.690839707158694,4.0728251118156455,12.937321058830912,18.27923577553662,Feynman90,None,13.260529675006167
1.3519442614277821,2.4748896224387416,1.5025567539078937,1.112181713581776,1.4499933798030749,1.273787564151856,28.236523784421458,20.346442060083955,Feynman90,None,17.203026576682717
1.193781986325396,1.73055210045998,2.9403556624287486,1.4810425519610122,1.9862149778621134,2.772694203829508,16.148761932720934,18.965670602108457,Feynman90,None,15.683852444980294
1.7265972950460633,2.1483862114904584,2.26653143897457,1.6808794764432937,4.487656999805509,3.6829368489075716,23.625746057376805,24.66054932791171,Feynman90,None,16.04699995798854
1.4552700505523752,1.2703940313331517,2.102865914833041,2.4372838114474136,2.449978586524292,3.3370793263892566,7.432874406654152,-0.1864908047382814,Feynman90,None,13.768421330867682
2.5398328670134287,1.650498248904755,1.3315330498367604,1.8063880787738278,2.293875956372383,2.002456481016135,19.172765948375964,17.712322593877868,Feynman90,None,15.418081934519082
2.9135899540871186,2.102158866612611,2.3588454635172793,2.857552238997778,4.854105249781937,3.1082099033384734,5.8429274035711325,12.268513235471499,Feynman90,None,14.549972672659422
2.293401665364315,1.1323751165400484,1.2728262351346515,2.617193218869992,4.507702448762326,3.8459757258069094,7.47748976680638,15.870576377537187,Feynman90,None,13.523768534145605
2.654750097326085,1.813908462003228,1.9159737616834476,1.9313941474158376,1.1959440258987755,4.4262788857942,0.0069107204849515385,-0.3003051321439119,Feynman90,None,15.47052744233166
2.1110364601280645,1.5497444897252681,1.6526719663049247,1.4570790801085958,3.4233505795436097,1.916813979036395,13.502121357528855,11.349296134227819,Feynman90,None,15.699365351908149
2.2831914072263846,2.8778971903297563,2.9466496945056266,1.7615898050010812,4.048255625610359,4.24486506176967,67.14907513205489,72.50584083999068,Feynman90,None,16.985164294899597
2.169265471853528,1.3566313578618803,2.578442535438273,2.4446893008443253,4.803100913572972,2.7382810019537933,0.5859241316736808,1.6001820531583149,Feynman90,None,14.031257135431531
2.1212441228336143,2.2175464110252365,1.1781043699471145,1.2151653926769974,3.388717787801947,2.2091367872656806,24.329840855736094,18.34147452648531,Feynman90,None,16.902669167800706
2.2160305746880025,2.5101747035477002,1.8022343164447467,1.7900045665561826,4.153772597970097,3.655707057241418,32.88952464092813,36.77955630910209,Feynman90,None,16.460801020541542
1.8535634576865219,2.890168855998042,2.561841531189189,1.3016646911344514,2.000744013684108,1.5478054093835518,59.13928678025851,58.000077805772705,Feynman90,None,17.570816392655765
2.0692977270425543,2.031719574919516,2.2924267168894272,1.813711503476367,2.819474612271684,3.481618583629861,27.45013483005243,32.14564790625722,Feynman90,None,15.784194903323703
2.1843676919026294,1.4334751802610168,1.013893954876749,1.7324892687910158,4.985416751014165,3.9283498925268434,10.453005619705188,8.3533923737945,Feynman90,None,15.167921481817174
1.264645428073524,1.8856506561646513,2.509196322883496,2.624318520293123,1.112020002141434,4.575152376679101,0.6609063377754973,-5.160055965181786,Feynman90,None,14.23513948620612
2.3899884789823096,2.9013924911351134,1.4998241499771512,2.5842075645320763,3.208138583165333,2.5349971487424097,23.21066831649212,30.784493081893107,Feynman90,None,15.84355101437793
1.5443715129332858,2.9101058788252328,2.1004593054856917,2.1161725530539885,4.268660841514806,2.651666356749743,9.561978996168746,4.6821723898824645,Feynman90,None,16.340956878443734
1.6791949607341978,2.4213719816246098,2.36058205366735,2.7658148821617217,3.1313085144067294,4.658243858685362,6.359855211061829,9.644239886751922,Feynman90,None,14.805871314543703
2.274567650955345,2.094262291471056,2.622570099924833,2.0243641108117627,2.644200445329199,1.9323039428896527,28.741923753175858,30.862053010566,Feynman90,None,15.60459050178347
2.0218016880798153,1.6348635026552094,2.67699162126745,1.5086785527482838,3.2425517839801365,1.7788047853987683,8.223260330054996,10.384167184593325,Feynman90,None,15.712101170716748
1.3446213247116987,1.9857914606718856,1.9757021057952149,1.061351050117393,1.6314831439168738,3.338776195072304,10.832896416885536,8.031173116011693,Feynman90,None,16.653265788628396
1.244060015039591,1.6001430479814045,1.5573301652407259,1.8961591640315587,3.041053742796354,1.4151468060165677,5.831983870970719,2.789945250588195,Feynman90,None,14.926013275040408
1.177974884150101,1.0709087511448268,1.453533190326185,2.495591877100825,1.272175034498534,4.000698239602643,0.9855834410908574,-0.3047988376388452,Feynman90,None,13.366294665231456
2.194523004256318,2.2125396685878687,2.077307117576965,2.9444956983268247,3.6277764753597697,2.8300423862575963,17.026954610533213,16.425921316490637,Feynman90,None,14.398835418204218
1.8814945231726679,2.053326437904081,2.3911588448261907,1.9648433122433144,3.515541923468253,3.225326153735476,28.374111510139173,35.2806216793439,Feynman90,None,15.54881987439811
2.9562204111061217,1.6719843875212002,2.738369037685737,1.5861651234085146,1.0057311195965064,2.3249994026663328,15.537635059020394,13.525716737239451,Feynman90,None,15.86119428853745
1.109255543977674,2.4899706906417207,1.2054850806223554,2.7023496288616347,3.3021149728935675,4.908840388373255,5.604507684060073,4.566582697731137,Feynman90,None,14.854520729011293
1.0222469532144591,1.5573474011620796,1.4031760712841244,1.8118676053542506,1.455155076004952,3.115390945795873,4.819032647741514,-1.4185487154344036,Feynman90,None,14.943213928222693
1.7833819683675736,2.2036679362686264,2.2216212030117126,1.8477477061334646,4.498506305107464,3.52944707965125,19.85425921749376,17.53107713512467,Feynman90,None,15.887727739735515
1.9834729027781202,2.5312322768330073,2.1057301183893777,2.3130450631661006,2.517366800159447,1.3407102490669423,16.72458353015129,17.56886423192336,Feynman90,None,15.673729713216261
1.7954496267620563,1.2011155060583114,1.799870727246236,1.412051936656114,1.8522310127496975,2.8772773624105974,12.895650296890246,7.328978061718397,Feynman90,None,15.249022126123307
1.99960968601274,2.160655660588759,1.6318176048993476,1.1183544513783428,1.5357479722975835,4.807484233523777,1.1497810349191864,-3.0548760597555438,Feynman90,None,16.94314868534894
2.2473139324585993,2.9415170201253256,2.790110781514953,1.4659246428583557,4.913912697427813,4.498791083463304,70.60237864190309,69.46898097026151,Feynman90,None,17.487702406466074
1.7039191237842157,2.573101345386614,1.875807864114537,1.4035548698476785,3.1084111155710787,2.1551618300515925,27.994915945153373,25.815572792378884,Feynman90,None,16.985105602402154
1.2532051381552132,2.6080515815778504,1.469392925739697,1.4963143486831372,1.5290714994327304,2.8985302332670484,14.216647031964516,24.27670524740651,Feynman90,None,16.79120236795665
1.7128726259897573,1.4047238092790255,2.6976556916494445,2.654371176565786,1.09880880261849,1.5918401816040308,13.22903473026044,11.59403196935403,Feynman90,None,13.682768311921977
1.4014556563066523,2.3823300699043664,1.5095138766838687,1.5786093843319147,4.088146049172791,4.358751403374098,19.78228161973206,22.045415801361298,Feynman90,None,16.418542875241695
2.2552635332117053,2.547583232613069,1.5340934296725424,1.5646383193884945,3.878064635964436,4.829328231385416,29.542912002642094,36.969222029303815,Feynman90,None,16.845043628097397
1.4793781296448287,1.146390591017938,2.8134866176933153,1.9016608017459415,2.553084189211749,3.8472830535682725,4.465633348741119,1.1605480097030076,Feynman90,None,14.39501038570491
2.9687047184813213,2.1473449922176497,1.8359424216796163,1.4467942389060424,2.463028812685234,3.885908522926414,27.75432345423288,26.840292075890776,Feynman90,None,16.6712063534224
1.1954563669792755,1.3504417057593188,1.2185109242564367,1.6666388239388077,2.083495714110042,3.2046969309219446,6.332042922357891,12.128830196101632,Feynman90,None,14.931012353273108
2.2428602568757516,2.6856838496867734,1.827439363468394,2.8893696401345292,4.898407407347094,1.3331357473379506,0.030250067549771085,6.160940602628446,Feynman90,None,15.09177620398985
2.7366703401063335,2.3986633337707834,1.8522228309035824,1.4424141590674915,1.245255336948151,4.2232927850077395,0.9752903570515786,0.7126240940045168,Feynman90,None,16.9438987233536
2.1839957979760714,1.4960707240103175,2.3003502469895225,1.4745094220102386,2.2688053691412877,3.2116533079791685,21.284559665818126,14.716163188170201,Feynman90,None,15.622518464563772
2.1856942815370806,1.1360949664037432,1.516492239937588,2.3586259917025107,2.9172918097805884,4.358084983301552,6.624323512587433,1.6663368921560817,Feynman90,None,13.879702917237026
1.4546790806181096,2.690418664115618,1.7950001185044444,2.5087151301785715,1.2992720064293342,1.0268871778923354,17.246903456575435,13.285982696110706,Feynman90,None,15.470266599165612
2.5185664092830953,1.4967667173045272,1.7690395294800076,2.440474354436499,1.2257656423288013,2.405531430360871,11.774875357366247,12.595345891469513,Feynman90,None,14.295795006322766
2.4902429392339744,2.346858625909747,2.3245435463440254,1.5352806277453173,1.0330623893254316,1.665698637533919,46.2731412589988,54.36690932736911,Feynman90,None,16.68641900205382
1.74460751129793,2.176374166436792,2.8183237063007587,1.5965714685802406,2.928391547685769,4.381381463113319,7.930389196343839,8.676887746024558,Feynman90,None,16.209303710530968
2.4396747801683794,2.30232139550618,2.3201452313710775,1.67726530952684,4.866818642045344,1.9655665217169274,0.2127838547350001,7.295716132972088,Feynman90,None,16.411737481134804
1.6210372835081144,2.487539935550565,2.277524288763373,1.8657783837309205,1.6713160661270083,1.516475156903042,30.608377424118352,24.553277181886948,Feynman90,None,16.185236102269197
1.250179176260169,1.9367472582771517,2.1701416192874516,2.5043817795389054,3.481232028877892,4.9060276205125595,5.51219236337802,-0.6113956171568242,Feynman90,None,14.471174391094252
1.1315337997878452,2.312205475312776,2.6114086732566717,1.1147990599604647,4.433073130083105,2.1442835377846063,0.10029108004870063,2.8567124766560354,Feynman90,None,16.94173003593399
1.554001090355565,1.9956184948824491,1.1707468083029968,1.7851167058031614,3.393845268313794,2.147202875309488,10.665857157164515,13.665542979162172,Feynman90,None,15.661545889507686
2.609325908640411,1.652348907958612,1.9838825762021173,2.422124499695218,2.3072071050605647,1.7240324600836225,19.82139348642879,19.004858671213874,Feynman90,None,14.541165502463418
2.2311645558885225,1.2451895465813658,2.576718295681477,1.4369653921601586,2.018811947705848,1.0247769627928647,17.523092217118663,20.825449825603734,Feynman90,None,15.368890239480997
2.3418251714251803,2.0194074360859338,2.317575690532948,2.511493277954788,2.32284292991226,4.580368637922797,1.0086248647625167,8.254504375860577,Feynman90,None,14.816598346385387
2.9392237061398134,1.7335885678285852,1.5561882354921006,1.9634485810390212,3.115312487956227,2.4749089761597802,23.342865783042466,19.32507211723966,Feynman90,None,15.387096672455279
1.6622558824033198,1.9680899476718972,1.8260130682988238,2.1573432970945117,4.3945038871015445,2.7662202511689715,7.81662934794539,17.406050338813014,Feynman90,None,15.110209470325039
2.4668433521200477,1.8122169998399265,1.5845733114320684,1.1966178205867213,2.2480712490429853,1.9134328845394015,36.331933557366,33.81517560605929,Feynman90,None,16.493531674043826
2.4381404742014308,2.84281562615024,2.1455649764559883,1.2259578270386704,1.4447951570898874,3.329630430788509,15.096844553546335,2.3694925739022157,Feynman90,None,17.754889226575468
1.0650450742398938,1.6602684735109363,2.3147766655145903,1.6863297246177138,2.8066391605987904,2.5709120654959583,14.876143011923793,14.085757025832185,Feynman90,None,15.266445507435247
2.077906814898406,1.770596563854738,2.3744694685380274,1.7280053442671373,1.058793117093916,2.712289586344564,7.037920490675539,15.793251201344669,Feynman90,None,15.578712343237047
2.9123301276343962,2.682713781795894,2.8381324401872443,1.288615063113617,1.9132032361843359,4.557898990746313,2.5292992684358726,0.1431111435317418,Feynman90,None,17.56906615983713
2.12893842217641,1.6245453854306384,1.1498493161553534,2.5494972389218393,3.8536738656060447,3.810752940192571,9.79880354381804,10.532646696721828,Feynman90,None,14.21032091995655
2.7236750032079238,1.443156051590553,2.1595456609112262,2.1446440344042346,3.938909837516601,4.262107738349387,23.875527645960815,26.707675420694226,Feynman90,None,14.704823083737546
1.9801568827830751,1.4205732171599654,2.017957137530446,2.736208119727097,4.5045735301494885,3.0805356702467206,6.201268089007204,14.4843461756045,Feynman90,None,13.645309377659318
1.5032594619549362,2.782262168146292,2.225694698067902,1.2571997004307436,4.640470647572754,4.939574307461704,44.83059653549043,50.16776822231111,Feynman90,None,17.41780948158165
2.3375128341603144,2.91232131340176,1.6427285218445737,2.9821640111805503,2.9910185115980337,4.8999888409833225,9.583716967882728,10.4800011447161,Feynman90,None,15.26680763112401
2.131514078063648,2.1325668427867015,2.1594772925511894,2.9646111484167115,1.4131154894355968,1.0916417931697109,19.982013314771564,31.2405392891339,Feynman90,None,14.253421434328656
2.933446673897433,1.1930542655640115,1.301121132262481,1.0757868467923941,1.4026778958791168,4.725613526821427,3.9243082044193036,-6.950591543867675,Feynman90,None,15.98895757049288
1.1157131010578079,2.0295929612506307,1.432928828831499,2.0358692747706075,4.33100150795469,2.7787520785354993,6.509450530478102,4.5893582222667,Feynman90,None,15.239546964248461
1.3793017203192477,2.2799170576787775,2.039215081940329,2.1918375065504714,3.014535112083123,3.0528110136688045,18.37352047397266,13.98392759790625,Feynman90,None,15.391639427340687
2.7810942675196433,2.19776580084335,2.6846237375617,1.5124614731188577,4.587901833602798,2.8797511124971464,7.302041682015706,14.467379520953141,Feynman90,None,16.59677591392871
1.6656464799730373,1.5437654537071264,2.974382397319072,2.594910079272394,4.290269356730851,2.028939856205536,0.0789852944409456,-5.532565749638843,Feynman90,None,13.93519442687548
1.6544791235745695,1.053190191335857,2.2580279436140316,1.7005767118763404,4.760181042216978,3.411613210209341,6.25641578149931,13.837972728766331,Feynman90,None,14.609049878025305
1.5109524022291279,2.720197429836968,2.7650630973033836,1.5046543484837909,1.7791880238045121,1.7329801544339927,47.39237712145167,47.9733954195641,Feynman90,None,16.98087151698871
1.0809485254000366,2.131889590232556,1.8860864504286066,2.3059952137981723,3.3228474398024215,4.289025262669527,8.907538526382341,18.221937052447633,Feynman90,None,14.968916035635374
1.5638797980278767,2.3180283890528073,2.2767909867432614,1.8524380797067301,3.4910949439656482,2.458308019268479,17.252267100598143,16.94051302073962,Feynman90,None,15.975941471920363
2.6117028339093378,2.1131298950651223,1.6334879108127158,2.8337573665119873,4.638488571347944,2.5822789713102257,7.0039698757452715,1.0774980041392075,Feynman90,None,14.529205820442291
1.0899300367910467,2.0575952185747015,1.0022132362871616,1.3184279443438667,1.732693910353082,4.993383557413203,3.9960369900985366,1.6487075266495999,Feynman90,None,16.31233321029331
1.738679517666685,1.7766050153540225,2.8633429237742236,2.9621604946451967,4.401067327579476,3.519185758157809,10.68603279411723,11.233469108302018,Feynman90,None,13.71411434089217
2.9834290332201654,2.9538604812505302,2.6962873430698457,1.1393636360510944,2.876804604063767,2.844946684136293,130.95507229143817,120.10393186602819,Feynman90,None,18.147204413222216
2.5985977526402086,1.684123861996527,2.992376779508252,2.794239339821845,2.2764299359334808,2.6780261007494723,26.069719746958974,24.04523081326917,Feynman90,None,14.038088729537444
1.9241320400067057,1.3622554708451764,2.4487564960525923,1.7556752561544573,2.1199896116484878,2.0156769144458297,22.846097872947386,19.087492145160486,Feynman90,None,14.983890960762869
2.869667879427464,1.5055995507828963,1.1767416092774254,1.061300849615667,3.8062127243583754,1.8840402561466107,19.26630001847978,19.767375359416835,Feynman90,None,16.392836633529875
1.834754680178052,1.700654965823161,1.9156761745644122,1.686503487027803,4.376641748292012,4.237970429677105,22.13876737395796,21.89079595686725,Feynman90,None,15.494279551343903
1.2548022819045261,2.8561174383277694,1.108915245548312,2.1451258178424077,2.5202282319809766,1.8824315407808867,11.16341759158458,6.42384644573293,Feynman90,None,16.163718597632993
1.7169558630581074,2.074186793429827,1.736931375399266,1.3789889853941861,2.9862506346184605,4.341146320346743,17.35447974054146,8.821334702510775,Feynman90,None,16.38934923955013
2.94639027220966,1.4627011611683063,1.878934222662786,1.4505547696186083,3.3188319304813736,1.0558553830475428,5.604161101843708,11.610828930092804,Feynman90,None,15.789958270923634
1.2186524470060915,1.6697847570748714,1.0844831680135822,2.8495950851824405,4.609758895172224,2.880479863547592,3.596837434257794,6.8903418426454595,Feynman90,None,13.622531723942558
2.6297029551935363,1.2107141418462941,1.4624095743117955,2.60052537758089,2.4717315235409636,2.6998734984611814,11.145608511850236,8.084547658896994,Feynman90,None,13.724841137973486
2.865769212331612,1.141265756446967,1.3889500506801473,2.9527506915154587,1.755662908624818,3.950854674712405,4.150291289301727,0.21728317661674534,Feynman90,None,13.178621530577912
1.82019291725238,2.2035018638113293,1.2781893774156665,2.0411421546995134,1.7627312570237423,4.355869716498539,5.70295483350433,11.516813378353765,Feynman90,None,15.61479013981409
2.202100852527275,2.1678337883470427,1.5753546379419567,2.0280617430562407,2.4372134223132,3.7702693531455855,15.90075756936561,15.694683207473995,Feynman90,None,15.67613619909887
2.6354016479768667,2.268829408175846,2.828403293751771,2.680342190132368,1.0159446437707622,1.8616946754735277,23.999558343168996,14.260246198594118,Feynman90,None,14.955701373206384
2.721550108019205,1.9505364108866878,1.539755572007837,1.5789811716986142,3.772441049291986,4.175950883656521,31.492655679368788,29.35098887003107,Feynman90,None,16.171990669010437
2.33177946340734,2.1790364926800816,1.9232790552391463,1.5708772487810085,3.139244987052428,3.0615289669511836,39.01424375940254,34.54864386199449,Feynman90,None,16.38486267470696
2.1841659989347395,2.5810617450612536,1.073855103544221,1.4968373197221772,2.474633257802023,4.321764123796616,18.09914179529107,14.113126534550018,Feynman90,None,16.969870396051142
2.306200033158192,1.9548034848760407,2.5797043890216114,2.0651891043526547,4.417480123114174,2.48880612392978,2.1154151233091056,-7.871485826608634,Feynman90,None,15.375148604353923
1.4491868056139448,2.8538570498689437,2.0566739896186172,1.706303645699254,1.2567281099092202,2.9680707234737156,9.75634873653757,10.196949498328964,Feynman90,None,16.843483890712733
2.1111858449753584,1.0444689349484024,1.6728459983308168,1.9168418106633556,2.0092410054532386,3.0290313515109544,9.429008257796596,5.530106673834572,Feynman90,None,14.388390123274784
1.0390340203961568,1.5140908596875358,1.2218983391252345,2.524610032851313,3.708268488752932,4.109361986454282,4.6891268612599415,11.54736301242897,Feynman90,None,13.855795268194877
1.6119122410427236,1.506499370808864,2.7820684475938195,1.768156428462941,3.300186139675803,3.6134944586888844,22.524973866194053,22.998129208135936,Feynman90,None,15.077491957255113
1.7052024944378967,1.6786705200373042,2.4713010978941705,1.7914557292321174,4.610423689324641,1.6551080365447213,0.44363070940545113,-0.7709869104449635,Feynman90,None,15.283985279580723
2.3283828014813857,2.27693119296375,2.5132588880682087,1.7864480857450578,4.412462720797666,1.7958636482558825,0.09236864851616218,1.642155041000074,Feynman90,None,16.19515400266112
2.0518604145986155,2.039922147691647,1.4533792794580005,2.240319382211898,1.0335561247776361,4.840610326154913,0.2991190091816746,-0.6213289229076848,Feynman90,None,15.170372567482545
2.941729652132549,1.2830582113079532,2.6173367542983836,2.906964764074263,2.4337688827547055,3.6138290725408866,8.94698120754385,10.549970986678883,Feynman90,None,13.442947616306007
1.2487088478680197,1.6223868763605096,1.035313946897471,1.8618895922213896,4.662912131303168,4.606944929837191,7.076069798043768,8.64483808280557,Feynman90,None,15.005192808671168
1.5687129176030707,1.0319315861104157,1.3503299167199276,2.0343692436551395,2.868183083754904,3.6133919440503766,6.200447195585302,12.453685656332013,Feynman90,None,14.077018665485676
2.6668482400511406,2.813150758476063,1.3850521653476298,2.0586148215407816,4.961655076681714,1.3203862516188312,1.683413279972972,8.918084374639225,Feynman90,None,16.559067021674036
2.5882294733719506,2.653288756050576,2.517772174293054,1.1961200366093363,2.0819833263792997,4.6295542778600005,0.037841089515506465,0.2704480749575097,Feynman90,None,17.59171157116502
2.300961394615684,1.0002500763876554,2.4093446400557115,2.992892517744155,1.0984560195353716,2.876089159989763,1.797764047428424,0.9844747913019742,Feynman90,None,12.811248860051798
2.2391017564820554,2.2804984005764077,1.6864660691721154,1.9365861246935352,3.9373629290232808,1.3718944455899624,4.108495879495749,20.60246046529605,Feynman90,None,15.96090379943499
1.8072158516443824,2.6223043999354188,1.3593594159089941,2.1786508462404806,1.634560979170523,1.3515450339202504,18.350858600849296,13.347074504532117,Feynman90,None,15.944473505777745
1.3293752698796064,2.5090102797533507,1.2246113060873884,2.1456400760485015,1.2835251369061358,4.75177909183849,1.9209324584860819,2.1278292942946955,Feynman90,None,15.73867938240671
1.826859437989109,1.7015941167352613,2.6675606372914737,2.538401668778347,3.528238864033312,4.089545218473814,16.966150691288455,3.6368839236780026,Feynman90,None,14.255077298611878
1.48655473117549,1.012409849322355,2.457596452883627,2.1898636186894658,1.6915505073850077,1.5684798718860642,10.531671581805565,8.051532466078509,Feynman90,None,13.807254430494668
1.1699443825454292,1.4150639281803374,2.515203473136576,1.3300975406952333,2.1275266265857713,4.745893808517176,0.04119614129301991,-6.399678537368964,Feynman90,None,15.496635690234042
1.3342429077013196,1.1400064188930474,1.0281973170752976,1.7536736734296643,4.933366463208422,1.8530593982502777,2.234075224108281,9.75351101668754,Feynman90,None,14.56872772615593
1.929326681435084,2.442004020255161,2.4844648943991956,1.6299350023336012,3.3940148124707616,4.865291847392422,12.636390942685265,4.650952081129734,Feynman90,None,16.541007816530627
1.3050825949523766,2.0073096373504877,2.809186745438539,1.442743945691737,4.421270775397883,1.8095836305078814,0.6019595416836524,6.312191284069564,Feynman90,None,16.11704066976876
1.5079066886037633,1.3171676632736158,1.4776508179978807,2.5621008062956157,3.8797067305616237,1.5941712421835876,2.489253994140456,-7.365554347275542,Feynman90,None,13.658515564914737
1.4284024294352047,2.8351129145616976,2.776016793318359,2.6375832260621626,4.996708241689262,3.1942089726400718,1.5246676368821233,-1.9132348894629054,Feynman90,None,15.460877491823426
2.9960595342076135,1.1430070212076893,2.6018204444701754,1.9681810603742322,2.0100687136843822,3.07727844558229,14.271157078965295,16.16949235975889,Feynman90,None,14.642227337117024
1.2274547484311256,2.9907666288058405,2.5670823129978615,1.331591713996393,2.653786898501449,1.3590867577775811,15.968968941914623,16.99960952590575,Feynman90,None,17.511478328230204
2.543116919095966,2.4438399876579506,1.447427903565831,1.0342530314518164,1.1469996652253438,2.3612143396460157,41.95423899543943,37.5669338440858,Feynman90,None,17.550339017457087
1.5887682250454134,1.001057584246181,2.7962919101860235,2.906829633199621,2.3574770590357033,1.8585497069710235,8.151534136715599,-2.5640202639323775,Feynman90,None,12.7738818736691
1.2041504475303266,1.9236535762049127,1.9572677961048177,1.6983297703966778,1.4327655610330643,3.6833693607920512,2.2518404494700746,-2.5841158470121592,Feynman90,None,15.615882597856704
2.7600828273442115,2.9160652422897986,2.8067496860856354,1.5010908368059022,1.406358497589642,4.934593124805202,3.6406303098721895,8.274253455958258,Feynman90,None,17.521940414641982
1.6062996062732824,1.881158645129279,1.4597319934872466,2.797594692871372,2.385294846645191,3.604278708175095,7.553452508843595,1.1818504530133653,Feynman90,None,14.055943535084303
2.8863245303121112,2.6694109870036655,1.4234870352470292,2.168525045114178,1.4697619180273755,1.3551902745274935,31.70784244650972,28.747949211904235,Feynman90,None,16.266867070678604
2.0703486181453696,2.489406305986278,1.0511878970479032,2.165345431163706,1.4323119463955134,4.758182924389595,4.984739914821802,7.371269219764386,Feynman90,None,15.855228843956548
1.3707956818468134,1.8400964247881682,1.8376275769550579,1.649987746891413,4.487546107005743,2.927941730361491,8.433577412380586,9.041952937168407,Feynman90,None,15.618170587026473
2.7983805807969873,2.1218906882910487,2.756679939819797,2.1907884706929,2.641814147279646,3.2590609778258424,36.657333839492004,27.511987473078772,Feynman90,None,15.518028178844862
2.760954133804473,2.4390694076081996,2.7774169978822316,1.926854057651868,4.793924811902837,3.265483481545014,9.817676537396833,5.996503297997523,Feynman90,None,16.29652599146853
2.0429854549765016,2.198445740099258,2.773121459377511,1.8671576263731768,4.695909915134881,4.46138719302904,40.45635536578566,33.74966070748354,Feynman90,None,15.91247217907933
2.6399746423984753,2.692523518438093,1.6352798480719073,1.1545062840997102,1.810293502680553,2.835677450401169,49.76022575541204,46.55265456153757,Feynman90,None,17.71398952029609
2.0351133337391216,1.6347412613643295,1.0845078587318708,1.08640847364827,1.8291261138220989,2.0591662444233534,20.758851671295652,33.130133519237546,Feynman90,None,16.328945040664458
2.266729649692717,2.728807225039786,1.2387324557717787,2.0214363264020276,4.700442264167931,1.6177782713194335,5.8127164319961295,2.1973865155553005,Feynman90,None,16.41399381218161
2.2200245902682294,1.998345115161116,1.2689656700582628,2.604446551999864,3.97734055196573,2.759349173847214,11.084036481018156,11.528108309124143,Feynman90,None,14.626701763416735
2.506602187915382,2.335421513181476,1.7643024908485159,2.0149660405776233,3.3356046525474903,4.479704787559525,22.65255293262165,25.581782595492896,Feynman90,None,15.978210750218148
2.6834174941886575,1.2240494670719717,2.9502017340810687,2.5136980478847173,2.887932160390807,2.2003727335460557,16.975681532951604,12.833006471941179,Feynman90,None,13.880371934003804
2.760573221542143,1.4705900821621616,2.7939098163034557,2.584245254878705,4.044749745189226,2.0528313096285893,0.43957031144582287,-1.8111026821898755,Feynman90,None,14.109041760942638
2.4889748156492146,1.5859633090760934,1.1559744188246956,2.273615665101132,2.0764378405088073,2.313856831818091,12.531323315226382,21.324137468517762,Feynman90,None,14.645028896692665
1.7444641491544657,2.0188098429191657,2.352419325183384,1.5239170171587566,3.316599836520919,1.2451772439058755,2.417397138048293,1.389154136750374,Feynman90,None,16.114530236284835
1.1206136680279173,1.1511475491009564,2.7025242928932824,1.8575213753160014,3.4636683466624913,2.3471084043738406,5.160444089854291,-1.115252731664631,Feynman90,None,14.382861109302521
2.8686580325479696,1.4795656181482635,1.285130536341171,2.8380631846539126,3.220486145390028,3.1998678365550175,12.075153268582508,8.966297330862238,Feynman90,None,13.77624377737467
2.0442411319015097,1.3041194849363447,1.354974590815874,1.005355880211754,2.5926251444323043,2.6324779352373033,22.570187610359103,18.368351923326316,Feynman90,None,16.02843461769607
2.6897820868970976,1.7779561137992748,2.7241250441284945,1.1345198952736903,4.107249378565953,2.694445768624979,17.14847882977163,18.46621992783907,Feynman90,None,16.591434673929953
2.6609382317535517,1.0658635365379348,1.381771700968973,2.468301829783049,2.3148861699973367,4.848735158655327,3.1511088254963413,5.587992470076277,Feynman90,None,13.740048548794645
1.4218173945436479,2.112007797617082,2.3190821154217947,1.060701226384896,2.3552694586863643,4.62522441319774,1.4164231626147594,-3.8684530676559876,Feynman90,None,16.83244353535509
2.0311200413355825,1.4778702403298074,2.209259841208408,1.7810319886994541,1.0678017129668036,3.541081458634178,0.4969463293359643,-0.6217960906687922,Feynman90,None,15.118615852992946
1.4845303015243247,1.1603279669386544,1.3590030178845403,1.783078467191089,3.562626682660976,2.6913937719398553,7.32922151765692,6.820741014774553,Feynman90,None,14.586325252685276
1.0188491882071562,2.5884050266443652,1.1974873786073938,1.663932165797575,3.9841714017227248,3.8056472034363282,11.87962385749747,13.91460829320532,Feynman90,None,16.468707668202804
2.7894988639815788,2.052911517879682,2.5592350158139983,1.4099395203831389,2.730941326157491,2.590100238415246,64.60689625009728,67.31194970101049,Feynman90,None,16.56355327829747
1.3633206192263632,2.6327394069527905,1.5725738368214288,1.787701158572915,4.00653770260945,2.8057736905146196,14.601249700809399,15.604117259758732,Feynman90,None,16.424230006375353
1.8519175913483412,2.3587898012036854,1.8592993861820932,1.2000440026435237,3.4890782082893677,4.737068105368455,26.558738165840406,31.143950282147937,Feynman90,None,17.042434659046954
2.2608800147478245,1.8133379423023588,1.1450331646226388,2.108263969838392,1.4787262148280136,1.484107502990474,13.990326080672551,12.794217513746224,Feynman90,None,15.122215066905163
1.0393112663200383,1.2317869413667786,2.460919242537728,2.526675293025572,4.233244782208402,3.0912786734022712,3.860072831141294,12.230328674539827,Feynman90,None,13.493852332427512
1.3631705205025701,2.25403195373233,1.755856935608688,1.949301246810009,1.5227235861005393,1.9933730980331639,16.422609968221476,15.324392666721094,Feynman90,None,15.7076437872967
1.7750023064337224,2.2003735501909114,2.8552265867564657,1.1855223094317362,2.294533017549704,1.4254259348305958,34.359380567420445,41.7085733013188,Feynman90,None,16.84443111294383
2.4306530571107317,1.5711334375980612,2.374489807680092,1.4209144824608495,3.9255883703158436,3.251555378271051,32.23659937298805,27.790310117604424,Feynman90,None,15.852530640101358
1.586943723514828,1.8170883273445375,1.0147771983215328,1.5032958482107233,1.4080022652695883,4.266642154224563,5.7297703974005065,3.1082838136631628,Feynman90,None,15.851816495168809
2.661236659262559,2.431498700947651,2.8926490253146286,2.2148507941326336,4.735054219845009,2.574418202777289,0.0015003355516974733,1.0483673628038475,Feynman90,None,15.84528138449282
1.5808664010121203,2.108834121205022,1.9798426887941,2.228734821754132,1.3476723738932148,4.2808230954482145,0.12267971936143614,4.378074975136894,Feynman90,None,15.166708890559477
1.9122370694243496,1.7776993807796169,2.6279292934597,1.0894312098401655,3.38564221637166,2.1408570666885103,19.178397507077328,22.78718617178643,Feynman90,None,16.478136586285082
2.8326478417328262,2.1757789115287487,2.591242245567835,2.4908246103088576,1.1590435600820173,3.9895639270434935,0.7542946268868053,4.228990170525059,Feynman90,None,15.158199631829635
2.003126382905709,2.5237745179956383,2.270115501276311,1.875047348151517,2.019270943955369,1.5891196707045139,35.49656455258624,45.051362110192926,Feynman90,None,16.30556785938659
2.679260605801344,1.9681537202584056,1.81011760757786,1.3568115685361617,4.4570334732723165,4.493287054106892,44.186055900419554,38.39423749261432,Feynman90,None,16.507699530183135
2.546290147732285,2.4014871804570515,1.5751704500170114,1.577660895605648,1.3265679165897941,4.104306559756693,5.332529190440936,3.1261730347693604,Feynman90,None,16.707141189112818
1.587618071634987,2.1273177058644235,2.299264412015777,1.399002899663448,1.0864753942554786,2.52780509891555,12.608192596114472,13.656305453406812,Feynman90,None,16.398120770962077
2.6735068963572672,2.228594961328601,2.3027865369150886,1.787613475114,2.262577398112303,1.4277197349781532,35.08567966915178,41.86860643019908,Feynman90,None,16.21123229878389
2.45298268420191,2.869808099696742,1.274322327971946,2.078802433898563,2.9668494036163247,3.178501284506692,26.950011727683194,28.14770092052932,Feynman90,None,16.552662908618817
1.515160189092968,1.4338154732060497,1.545023936767722,2.6335629861408356,4.287720278066006,4.0184652822758835,7.893159127190663,13.101786772732506,Feynman90,None,13.704621720506204
2.5447126826113893,1.575983456149137,1.5429711395933907,2.966147168839834,3.563431985921766,2.8977405712969984,11.995308854456812,12.85844228913653,Feynman90,None,13.638256316839733
2.1652241400453804,2.097297652654208,2.256455293495293,2.239466954395322,4.191136637589805,2.011702914616117,1.8925464436012323,2.167863591494787,Feynman90,None,15.270604538197926
2.3931211490054807,1.3214926768030573,2.2358234863393944,2.245339388036242,2.0618617832232538,2.5817745459530004,17.656257002978933,12.040873588433907,Feynman90,None,14.327806449083864
1.2703969053303776,2.6423335447619363,1.215461202365772,2.7336836922229173,3.296087378269395,4.614880447828604,7.534125346697931,5.765296735687328,Feynman90,None,15.039721147426073
1.2673213427551577,1.4723641339421247,2.185819402116892,1.819169414828194,2.535868299631039,2.317578099253578,13.821901808302535,2.548077673037426,Feynman90,None,14.880794943100979
1.7691789864017762,1.8210337961049663,2.3366514383884844,1.4551465535997392,4.912938562469636,2.5152104098244514,0.4613579636772424,2.7132245758377453,Feynman90,None,15.968680462901046
2.110254652119589,1.6848108672500262,1.1093002786006698,2.392321867179228,1.6911076664109284,1.409549570888999,10.27453126888515,6.3702393160578925,Feynman90,None,14.511189202909014
2.2757635322105774,1.4956056725714821,1.8490785150326592,2.2299945510084296,4.557702211340079,3.3648914358153172,11.61376643356457,11.100694441727759,Feynman90,None,14.544589047943559
1.0708075070841447,1.4510629978598222,1.9198335434608442,1.3322487415894393,2.5659603779923432,1.890319685991242,12.20355229879744,2.1205380920274575,Feynman90,None,15.516525496608008
1.0513645195053967,2.2780298437032656,1.158348907414515,1.2922012382467225,1.5633783762821962,2.9429808988802555,10.852406208568079,12.066466348479741,Feynman90,None,16.621934968358307
2.994703187144483,2.4823088725202638,2.9281277671506833,2.1040796222687765,1.760688627157406,4.028715386056084,0.186763459798123,-10.615300626329867,Feynman90,None,16.14751281711092
2.583986397893078,1.9156696078680748,1.5577660508087994,1.7026289648999782,2.658294538678519,4.4146545160394055,14.588695502963057,12.265355520122245,Feynman90,None,15.916292947310373
1.418656981524419,1.8025989075085362,1.8108862248720612,2.829375118323635,3.989016586150331,4.559548588327243,9.40103308184948,7.5637240152794725,Feynman90,None,13.866750490945519
2.5326420613179494,2.7466799720075357,2.3362268085316904,2.3831365652197136,3.7481256422289535,4.2363249368656675,38.399683769208956,43.63717210798651,Feynman90,None,15.971897217665603
2.099236352530485,2.7329750636375216,1.7767168363726598,1.5441073852155538,1.8658795019304968,1.8717403847670315,41.47760479145009,39.53994235651663,Feynman90,None,17.07483108055714
1.048653778357255,2.207815904584006,1.199274768229992,1.9749048791381276,3.4218421217236092,3.07851768722484,8.709699582292552,9.20215546611408,Feynman90,None,15.539431670890803
2.659013498605681,1.709685935515897,2.439502712049408,1.2171543964859448,1.09669106362742,1.3765661726787548,55.05992469202851,60.37665363562494,Feynman90,None,16.377408207311458
1.6703114946742046,2.4040324592170057,2.524902269696099,1.2807766049915343,2.4581054026677256,2.2608920323338255,48.71881027086211,51.15068123461835,Feynman90,None,16.940894202016146
2.4535496326558928,1.598505446350904,2.6219151483091006,1.4720538580364912,4.9979011485980624,4.701691771670934,41.72955750260885,37.23006855250102,Feynman90,None,15.818244471464732
1.3613313093812358,2.225813935783137,1.819101354809785,1.5321392826922486,1.1418715252851515,2.0735582419378935,17.68581624397304,20.6573318123077,Feynman90,None,16.277853159928448
1.5775329147798005,2.7099899925079702,1.733178649333999,1.9333836758274134,4.19450356144468,2.97752589308898,16.376118472518677,8.748289232926588,Feynman90,None,16.359843456074383
2.523879503278724,1.7427291318895617,1.8013024575778778,1.9076619102108052,1.19180043726355,4.366837870571984,0.2471051317665407,-2.5029096290295145,Feynman90,None,15.38446544371126
2.1897994315336433,2.033023814011309,2.114869566744969,1.743078018407342,3.042480275198393,3.983579248866532,24.11431965097459,23.043620394830818,Feynman90,None,15.916215799285917
2.1798676121782847,1.372167697196062,1.0359751674276922,2.7403311470806297,2.8967835619864104,3.941897328812638,6.437473467448829,-0.19466645722839537,Feynman90,None,13.623611951768355
2.2324148291003345,1.2034806379929848,1.264501449201231,2.296440807752412,1.001412589875486,1.005477500620966,9.295162662667282,11.84203377092219,Feynman90,None,14.066535564915643
1.324706906433539,2.2033577993595768,2.6800218337629387,1.9511741160321354,3.399248877687416,3.769573128537106,23.188945145667965,23.393631980077352,Feynman90,None,15.63164757873235
2.082781519166694,1.9565025043105793,1.331712281970878,1.1960066530417086,1.2959319628612551,1.823009766933032,27.357481380226062,26.709991348060054,Feynman90,None,16.58972545535549
2.862579821818329,2.2688526173247796,1.771821154808249,2.852554281953357,3.771765672777398,2.853417284650936,20.225614985748663,20.49628423649721,Feynman90,None,14.757510485744296
2.474535937330173,2.275283305976914,2.6038261364169797,2.2980887062902404,4.869091433465801,1.4089065996841068,1.8912614636959222,-0.8606948192900892,Feynman90,None,15.48273570508919
1.2557502889449794,1.3043168660780098,1.2765783705914064,1.4332645006263165,4.52374746536869,3.7080184749916585,8.367216938912573,8.854983520291256,Feynman90,None,15.225504734651878
2.1163309382598543,2.544852641007335,1.1600233181413864,2.9177928977561685,2.8243760294619626,2.5003055693461644,13.295897686639325,6.7808298371730125,Feynman90,None,14.842305818606302
1.4044223657554942,1.475816978295514,2.6401273804551075,2.7962891604913196,4.870554780738022,4.765596828037822,12.217213444867792,12.140254726879531,Feynman90,None,13.496019868254768
2.405232707113381,1.4938149871675148,2.3141961510923714,2.3863222494747314,2.0585889605991943,3.5396762726617688,7.302910925280393,10.882942822053856,Feynman90,None,14.344751983575884
1.9726164346457533,2.427671536222104,2.5890161492046637,1.9875069250593818,2.1664776870976405,2.4980523362674245,36.84699443473603,41.49470594162494,Feynman90,None,16.01284303994483
2.387554324606914,1.689338239096292,1.4469404939731614,1.5498196981410448,4.612837695992544,1.2037062022196654,1.5195362848085558,5.472459361603833,Feynman90,None,15.80553831131105
1.2574988429614717,1.363389722142656,1.0263670782178724,1.7637088044768021,2.742426356493081,2.843735029242759,6.263137994274328,7.925746385886937,Feynman90,None,14.820592208399697
1.3313733953566753,2.4438462880356235,2.9786342616885846,1.7324432137381418,3.4990472184153774,4.4825963380973075,16.197884360875737,20.832656813536296,Feynman90,None,16.257021089217098
1.3799991739258561,1.9230436670810953,2.0344244912041187,1.7240799269083955,4.608664645054283,1.555877059216649,0.002681480674899067,0.7393801700474826,Feynman90,None,15.618043707488479
2.725370248839889,2.3369327896393335,1.2015875501395519,2.1649266920228647,3.239172367229656,3.9078134931726423,21.041436813660322,18.932048286451455,Feynman90,None,15.812332884436481
2.5583182127571416,2.5517589115936232,2.911122582957937,1.9532581301133525,4.18194749399897,4.998826055871698,37.23898135978688,32.178497555388375,Feynman90,None,16.35491763234691
2.9444426232882766,2.8155590402530253,2.759332680274891,2.8520416780174,4.442978799081688,1.5473896076492606,1.7927870017004857,-0.42172652566707525,Feynman90,None,15.47229461264199
1.1717089985228812,2.435302738772845,2.274676366280446,2.950502538566997,2.27744370645315,4.864275255651093,0.06270984395703989,12.502409867674283,Feynman90,None,14.438547474220792
2.868546741852379,2.85323067203737,2.680432946246621,1.0105828149275722,1.770794940516112,3.2126710196381416,31.95418502504893,36.179051734198545,Feynman90,None,18.18009275706048
1.7825559801458977,2.717015074284925,1.7113764865335597,1.8881468180732646,4.813610871554344,4.044595948591479,23.823709665251812,25.45170153876587,Feynman90,None,16.48162143660888
2.010196117183337,1.520968803758782,1.4370238080494597,2.428722381652786,2.4301640923853816,2.8394714084495978,11.042506301810702,4.4030362846875875,Feynman90,None,14.226935635819846
1.0050808736169616,2.0096292876720123,2.076979115354778,1.5481557332888556,4.402403715770701,3.9966772185641357,16.04207103469415,15.023382657926025,Feynman90,None,15.897849962311541
2.112196072146171,1.7109124037685346,1.832235486822617,1.768689129882373,1.8667631572282128,3.2927580624867883,12.841277967899682,9.265490763422113,Feynman90,None,15.45153464192605
2.226305925093432,2.7223432811067347,1.929501208027993,2.7765755645348245,4.6374557006805865,4.296565664338983,25.522830621574897,29.553856424457205,Feynman90,None,15.298587530876485
2.559064933722282,1.4442187131803441,1.583270025484484,2.470206687137135,4.64388235237011,1.9096199815510877,2.1824322039261883,10.716327276054608,Feynman90,None,14.195040271029937
2.0491929119664656,2.2927539336930463,1.134410416347899,1.0175722297994696,3.655704576116521,4.840673779939021,28.24321641155267,22.98209730233191,Feynman90,None,17.269049860852405
2.8139355014573986,2.8711213996406997,1.8356605186500048,2.050394470405807,4.56763693305496,2.2492944079144057,7.231875073132105,0.2109270812992321,Feynman90,None,16.678511422253084
2.7256551540893197,1.1148738063669466,2.4693879162782446,2.7029527625239114,4.967518736130904,2.2079831909950407,0.10351948285807858,-5.099065502734371,Feynman90,None,13.476072209454202
2.615609916106323,2.2634099279467894,1.7580361237218316,1.476947285303868,2.6538482721772927,1.204553878797014,24.947496386171274,22.200395510521734,Feynman90,None,16.693893798664632
2.0560895292074024,1.7712176938849677,1.9462415413575762,2.2846018290326144,2.482269530216744,1.284682541397565,12.120244011181784,11.713540942453903,Feynman90,None,14.765251157472443
1.6343985086252373,2.5703130876973113,2.0933445304814677,1.0304903739562408,4.260087015439781,4.394273588344735,53.267597755853366,50.241099321707,Feynman90,None,17.50800032197964
1.9024836771611977,2.127552944183723,1.3370251961904012,1.7293558282635322,3.2074953525761134,4.392673828669773,15.877391854621674,12.331836391206059,Feynman90,None,15.9904100800709
2.740953833749402,1.6954326413892458,2.937998445426862,1.1398330598707778,3.0514438923200484,1.815596108556734,21.495070856219165,27.508145444088775,Feynman90,None,16.490514476435017
1.0479901536597345,1.754736049175985,1.0211134849386165,1.4063916165382295,2.0529627709357796,1.6767945526396604,8.286485033029928,14.565053403480249,Feynman90,None,15.789668236088177
1.6310417643851414,2.1814302976880056,2.045642793824412,1.447262442835006,3.279931539004653,3.661204139900097,30.028963011319817,32.94358749725401,Feynman90,None,16.40674045359742
1.8370933484161927,1.6567326348813378,2.319337900174337,2.191663063453801,1.6749010048405122,2.9937385814152497,8.63692539496124,6.847797030146456,Feynman90,None,14.704503933332775
1.581237559255421,2.0426300901130823,2.8385260771671224,1.3344253181448555,2.7126466798128455,3.9023092843974094,14.933683077617749,11.985682988396906,Feynman90,None,16.3828492238001
1.209940480406213,2.473050607743623,1.85984311943397,1.3353059794824367,1.2105844831667532,4.55819703553113,0.002205875038618096,10.554621834049852,Feynman90,None,16.84368079534274
2.2390905981884295,1.2641202310325197,1.834323234540758,2.8430752042502596,2.946665739772059,3.3092693221106053,11.05750059392038,15.850123603803437,Feynman90,None,13.350425936300512
2.7773342361832745,1.1718266230535475,2.034103760981056,1.2008031202092582,1.3997108958699331,4.70142608459038,0.14165202087428552,4.523692477554526,Feynman90,None,15.744356236511416
2.055725217462308,1.6185865964304347,1.9408703881259863,2.3735538405816476,4.426861423595847,1.468890974844883,0.14875437058981655,9.08211672499778,Feynman90,None,14.441739199492222
2.755276690758259,2.9159488911884344,1.2500404947513684,2.3043713257163896,2.9963965948568934,1.5138874207554207,20.391035114506938,18.546827069696047,Feynman90,None,16.352790277647923
2.3764741492202655,2.7122528584420866,2.138959045656894,2.1445411498056095,2.115429993049538,2.36467085670652,39.44579850798944,40.37462390939731,Feynman90,None,16.239156287413774
2.6755288003255258,1.7196553331707685,1.3882891296566808,1.3217596420093034,1.047841976859127,2.270206565639145,23.741768919544295,32.642288843417646,Feynman90,None,16.241791331203743
2.2907059312717895,1.2683945049534746,1.9455368095083012,2.266445720726815,4.807800730014053,2.165050144934846,0.6922394927161031,2.415217725936428,Feynman90,None,14.206080116628986
2.8424388810854158,1.4640274671624982,2.065258333592674,2.4065589326098302,2.6695487585323656,3.194314627934707,20.326606840239076,15.458928199666351,Feynman90,None,14.37783278567451
2.478720976747808,1.7241077758854162,1.9010762200627576,2.412922438466598,2.1135187197589413,2.7661435136942636,18.577445203270937,24.066127166916573,Feynman90,None,14.615812520900803
1.3815959190088676,1.5179384523652435,2.987708409282745,2.0933311329334403,3.7091531295385716,4.741286668570302,7.904299284228503,10.23777349755349,Feynman90,None,14.566382696954411
2.772951680098081,1.0665325664907557,2.915485918015879,2.0388306241239036,4.469535415206545,4.822703271521005,24.30589824642603,20.25747295683223,Feynman90,None,14.391030867408437
2.6054998096512483,2.75749145540009,1.7978367948715432,1.5889417464073572,3.529123684747371,1.063965643695274,6.640211849234609,12.837030256191408,Feynman90,None,17.157062650780528
2.4426712131360855,2.7226405864715346,1.8742298293176751,2.0441714760013125,2.482810773450857,3.146465208512468,33.62077176615469,35.207311919567104,Feynman90,None,16.413493851579076
1.719503725123368,2.0470996682852296,2.2203615032077755,2.415632130469356,2.707819033780946,3.57563558656612,14.768035051270823,16.06778219965828,Feynman90,None,14.848301112623593
2.2532889674384062,1.8610558122965188,1.9780655531602076,2.3846602526348444,3.9763000531959003,4.771293332928413,17.707305344847292,16.69247047982408,Feynman90,None,14.779299283952904
2.7162806886833497,1.009931971475367,1.4932010508778395,2.123755310933211,3.8595222199983046,4.743027999387408,10.460024798790693,11.492717378128399,Feynman90,None,14.182567345540804
2.7667662455063624,1.7651423618387707,1.3145276242039743,1.6121514729547757,1.577337006963107,1.840889541353738,24.771238660030676,29.34670948865721,Feynman90,None,15.898381350131856
2.325411216755251,2.5890109058418154,1.9937509608069515,2.165467700161977,4.390023934912941,3.0768331609250454,18.96286306518159,21.067193578375726,Feynman90,None,16.04028069609307
2.2476647955515325,2.782464890508259,2.1460633759987893,2.0322158563606822,3.801989915753226,4.076860823896173,40.3072911825041,48.22898608728305,Feynman90,None,16.46218042305341
2.3298523480832953,1.2857732453015192,2.034677548971302,2.8223894581914313,3.1397995473923004,2.979063860400838,13.44859409028961,13.421654902528052,Feynman90,None,13.42887631988616
2.6738763376685037,1.7164398817976387,1.9295953024666996,1.109149249282283,3.2477404048104876,3.2278828764496876,50.16177439008324,38.65364866556363,Feynman90,None,16.546439515245048
2.5930229588554385,2.272580623279484,1.986148577731856,2.7380169176702145,1.2475048681871979,2.5527074486382912,14.811041919767847,23.178473180512743,Feynman90,None,14.866887532665778
1.9319768951406757,2.0436486085035064,1.303489980499397,1.2242649062662903,2.5881783037960817,4.566258983271679,14.66475913289835,8.107085658388083,Feynman90,None,16.624838454725506
2.084620513172334,2.2995537463199187,2.620522514478909,2.744591131206521,2.9470180928734786,3.2333224191612815,27.43419412402007,28.611672965886175,Feynman90,None,14.774900161683993
2.721106591814892,2.853257736430548,1.9866339741583265,1.3463947509850496,1.0757092843463605,1.216839650508045,71.50971140420614,70.11236408620697,Feynman90,None,17.65803355200313
1.1475931070597625,2.1666018471988098,1.9924467840071312,1.9326544871594693,4.913599141538333,1.7630894683482299,1.4530856171902743e-05,-13.945861368093226,Feynman90,None,15.571165065407921
1.9100289651595097,2.0026943347915216,2.9933781916110016,2.1616259203385235,1.8800517434342292,2.1735367491449455,31.19621603931038,32.02989553173218,Feynman90,None,15.204878678862528
1.396093857929018,2.9923649955081935,1.2318054530492821,2.723392111900602,1.9159736871050148,2.2701200870128404,11.685375672182182,10.49242273655341,Feynman90,None,15.528677225619383
1.0941518301317947,2.3480742655845273,2.5892011650797553,1.660508490833019,2.3896762701743923,3.061591165285677,19.42910897396341,22.111927049491158,Feynman90,None,16.185348346541296
1.66289519064209,2.936258537188187,1.6943754946067595,2.9854001210317045,4.285022415774538,4.28426386905882,17.411897181430838,12.099666737193058,Feynman90,None,15.137649232406735
2.7331791013323166,1.857927963466253,1.573241966280551,1.1359409553665134,1.5802335033858497,1.2179301636323796,43.005742689287196,53.404200672850536,Feynman90,None,16.701032201694847
2.8574048906212193,2.5100643431912104,1.0690475087540323,2.8067939205768773,4.497165862653905,4.1494697822838535,16.967462899447874,12.592240871471759,Feynman90,None,15.129600956416649
2.286675130457935,1.9563740487128254,2.189983377506121,2.332527225329225,1.239073671158399,3.3965865284286725,2.334622662008573,-0.8551550292662773,Feynman90,None,14.983977238939197
1.7589298893388972,2.7626286016919575,1.5003195311998196,1.3030525922166187,4.09615164859199,4.74260592720229,32.48309078390309,41.18071726715944,Feynman90,None,17.38487813371597
1.4169497179189687,1.4218710100908571,2.2954186965836154,1.2391029754322869,1.179874794900456,4.608713922261289,0.769711103517906,0.5893307064185365,Feynman90,None,15.69430332385802
2.525617220865817,2.168153175400913,1.0109771074762857,1.5737602123869747,4.537037235936085,3.319627627499157,19.44949847370344,26.438631095934028,Feynman90,None,16.411336329567604
1.0932702384442523,1.5300544985459306,2.045314285979505,1.4043382119253036,4.467796739324203,2.741558361987459,4.728220099707476,-2.501758231919089,Feynman90,None,15.517324254689314
2.898704623096048,2.964279044336987,1.717803953046891,2.4199605549292365,1.9105395055849534,1.5082395804812827,36.82261916417537,46.633744697658415,Feynman90,None,16.27912662884931
1.0605545817250042,1.8793053550042633,1.6645116380293405,2.0652810987942174,2.7944850821952434,2.4435167571263765,9.809148146577254,14.758584778930476,Feynman90,None,14.993000612554857
1.4727709830663358,2.462757987181968,2.8438563439425417,1.0061445500283455,3.678422321713861,2.155088885407735,9.412259819175652,2.173920882105543,Feynman90,None,17.36950977388608
2.981402832828841,2.665067822128621,1.3706552167947754,2.195367929483588,2.9164713288982513,4.300892535055808,22.86989539746065,23.98573888090628,Feynman90,None,16.24414705195586
2.82714454938725,2.276693995049226,2.5171011412378816,2.3428218745699354,4.665588529969118,4.217514309310729,39.03544435262133,38.056925567656904,Feynman90,None,15.500451714390024
1.0007718611271814,2.2543761595326686,2.7190440098073356,1.5919856293659649,1.0867555408479523,2.7213446772967584,3.1001194573919335,-2.3206596402001,Feynman90,None,16.14437896052438
2.969284940723636,1.9986139055419103,1.9019395666160765,1.9420218663518485,4.423553541246219,2.2472687991473714,6.574915681086682,3.6405289544973436,Feynman90,None,15.762182259297669
1.2019086097568816,1.8817248100392558,2.8136650359279214,2.6223264441323924,4.4359538285572,1.9884637946392711,0.11349197949626734,1.0990203856358862,Feynman90,None,14.21863856481332
1.409010224998853,2.9015881636962186,1.4429989082392367,1.4497446805743022,3.4367909292794003,3.8639904000516183,24.76894315644081,21.167180900801046,Feynman90,None,17.267972308782216
1.0825828205298813,1.6984331580990164,1.5847830566072156,2.7987179754654026,1.745552961592991,4.462590585451338,0.984667211565173,-0.46629584329428353,Feynman90,None,13.70169280974815
1.809347533358748,2.436824878987615,2.707315529133934,1.539295144490062,2.461035574902985,2.510993836727615,48.649793130567296,49.55912593343443,Feynman90,None,16.638656255621672
1.4437276829453134,2.0225619469436604,2.9017731302947514,2.7136920439448584,4.708232309661296,4.068624760280038,14.595307785833162,19.165899760376384,Feynman90,None,14.320425225265009
2.79035092373989,1.4882428394280272,1.067687206226929,2.4162120623093353,3.331618007231554,2.110675005046438,9.98677653374783,10.043658436378577,Feynman90,None,14.382632712479323
1.569636512042357,2.463462040266931,2.6854922838813433,1.941299399630721,1.4025246531663487,4.572345190880114,1.4952904285059572,-1.1611897658870771,Feynman90,None,16.033013958017484
1.7099898856175983,2.027600778972408,1.0670066571339738,1.133246364926717,1.3899818801653239,4.965400539097072,5.021993462836135,7.529593948585013,Feynman90,None,16.68579454577582
2.231609675865477,1.3672767708330926,1.721859136474929,2.5716750185419164,3.17859165107889,2.7422268408332924,12.243559633056496,1.266775814076805,Feynman90,None,13.874483334346554
2.864295637430665,1.7664752528808803,2.528671539098417,2.0861790666171824,1.9773022576530197,2.1255450199198145,38.08505804359606,43.87424061835117,Feynman90,None,15.233275742582752
2.2156351332868267,2.1969333132100664,1.7586061069965138,2.467642887220067,3.062693415102894,4.7925957049678996,9.396979408006143,6.290336906907748,Feynman90,None,15.077137679433346
2.669743173428383,1.667487748556803,2.5980123921823273,2.9314018067558556,2.8424130996280463,1.9604581754857047,15.674173914801882,15.242834155251725,Feynman90,None,13.833845855442135
2.517861935819404,1.7532891964487343,1.1462052637477613,1.2802759997447446,4.040200181033464,1.0080397794946183,7.9964016343625515,5.636430264268919,Feynman90,None,16.308675794224662
1.8224643281986364,1.7526943427852948,2.1892217022389078,2.6899757461467857,1.9774406146398258,2.326507572892115,15.554202949206486,15.195357566898869,Feynman90,None,14.09867677515761
1.7910220243825008,2.7989271101529294,2.2601482082902296,1.858231857819739,1.2639703674794514,2.9456618050032515,9.49579291039517,9.72943959316787,Feynman90,None,16.631226123486037
2.062805086273947,1.9724650312697345,1.8921180050615132,2.028445736290947,2.910850240024668,4.505800907052231,10.43367415548608,14.370912209223496,Feynman90,None,15.395146122509928
2.5496047382251117,1.833099103687099,1.5273182510535677,1.2358337753820348,2.8399394610737874,4.451891584069357,21.289192054614126,21.431737941029613,Feynman90,None,16.482073091921603
1.504766732809155,2.085489395010091,1.5077792938580001,2.451080436827576,3.066364214034834,2.2945997696285216,10.820969990836334,11.187957568056461,Feynman90,None,14.796278025476816
1.939035397136168,1.401294733301216,1.0378623377781746,1.6737159389375964,2.968159724657185,1.6287091685744075,8.9877129212696,5.057401852083441,Feynman90,None,15.156120040641095
2.165690978669492,1.90173818815393,2.940486044679356,2.88777813465267,4.770510965696824,1.2573410918190895,0.7986065397775324,-0.29240980654266724,Feynman90,None,14.079433534600243
1.878599831318113,2.1103604491575654,2.951634118612799,2.190035814403857,2.8544981593357988,3.1269674703467514,31.80143142276575,23.891747535912756,Feynman90,None,15.293275283741265
2.1710365586146816,1.3555109844976083,2.4335937517460278,2.6306091993738145,3.5680708787780415,3.319364093648902,16.589877950170653,14.090684724701642,Feynman90,None,13.75992817380104
2.5200958553117276,1.6270147742318959,1.4532825296887704,1.3227756657987295,2.8953276066305738,4.635871998483198,16.08840856566262,23.990626132688057,Feynman90,None,16.086815925233285
2.2634244923412195,1.0629021721278187,2.333795302658987,1.5928417699432382,4.499288647772355,1.7178862095539218,0.022667164406707026,5.50674370824595,Feynman90,None,14.917853057485496
1.3894800610505307,2.585271023749325,2.314109929334265,2.910439918611455,1.1825448234091045,2.9141300552777927,3.6843959726764606,1.353197489773597,Feynman90,None,14.737509432571585
1.6757002189604782,1.6374211973051278,2.6354326474028626,1.1825971379459674,2.0498558807734892,2.409684072421799,35.625279971528236,39.15725468266654,Feynman90,None,16.109981318543813
1.4966398487959598,2.7479695322771396,2.759727124714881,1.4880895928640734,2.1702812611535243,3.649193557909308,9.148333249792852,5.506308932948337,Feynman90,None,17.03698665451325
1.0779583170636144,2.0077954162758065,2.558413299847108,1.6618084900929702,3.155293749853622,2.270645018883705,13.392904376651405,11.969511708166753,Feynman90,None,15.74700979181945
2.77916857465783,2.9407944914995703,2.359552368775944,2.405544052486447,3.880063637306833,4.195855287111658,48.082614338638464,54.13152054971189,Feynman90,None,16.242776099980208
2.772297901982349,2.2933878811313435,1.6391603353921962,1.2543838325018775,2.9783977663958012,3.48729287510787,49.244518792009416,54.632519451487305,Feynman90,None,17.091580084700357
1.5698714073765168,1.7211257014120063,1.4246606394333643,2.7418066667846723,4.969627367404587,2.4414553141091515,2.57843148874686,1.2400232381539988,Feynman90,None,13.925177307981496
2.003366419447578,1.5416045934105669,1.614519654033212,1.0066349354059185,2.0727330788459164,1.1507149447614782,25.784000033114207,32.234651912411266,Feynman90,None,16.319198271706597
2.2816902902013245,2.0833895868778036,2.6399065450328583,1.5566614094030953,2.544767654231265,2.8035372321297682,48.71314524232598,44.13100583890271,Feynman90,None,16.27239719253326
2.3705697677284423,1.6617851719921672,1.4690938616082303,1.1683747272231277,1.481461280431589,1.2633630438679102,30.85718382912951,39.028196643276246,Feynman90,None,16.32118675657733
1.7072142284389913,2.345961391973992,1.0594564244030915,2.4766011043530063,2.6908738711550404,3.9358180454238387,9.29215302801646,10.006703735650015,Feynman90,None,15.13689623484964
2.6764874780952703,1.2701784507667475,1.002854362441587,2.7798174408751155,2.84038716093321,4.924732172766653,5.278458324617711,2.3201718488300394,Feynman90,None,13.550528690447123
2.0533553944919527,2.515268049271299,2.0724107968075005,1.5336777836159257,2.4039870374895327,4.03127298289766,15.217855857302936,16.997301097223378,Feynman90,None,16.80260391837357
2.676893458012521,1.2203110058824926,1.7723611855745736,1.2562456285103503,1.4166659232379244,4.286805610749697,1.4193106757821634,-8.756737631670987,Feynman90,None,15.702343476493127
1.1407654707377957,2.9751748159444698,1.9318160829528985,2.709132138524498,1.9841460145803502,1.5018220903364399,14.137524495624696,24.843528233368957,Feynman90,None,15.46892528065975
2.612706753386462,1.8943742308057663,1.7742890796638355,2.824008493109779,1.810528785795674,1.1222346974370185,17.227871348507918,13.278547195198371,Feynman90,None,14.26542029305091
1.2756105015099861,1.1703771648266337,1.5714380759013435,2.947521293929217,4.319175346540508,3.6677811466073367,4.5793716052881095,3.914208498864171,Feynman90,None,12.858140342369554
1.3793220032175513,2.0415068111208,2.2405180806874094,2.0600268492824663,2.975213792046478,3.426725669126267,17.656866472046456,12.659822776133733,Feynman90,None,15.280100344876569
2.468638564080397,2.393411909501344,2.9033081189205987,1.2353101330640077,4.831170591606899,4.582580250964472,83.52902576703158,73.1497957524904,Feynman90,None,17.176790491029056
1.8977899888982726,1.899983005063855,1.3782184212835817,1.10194045227222,4.797248585800542,3.748975959128171,23.737583348250503,29.216084371963635,Feynman90,None,16.612139237192196
1.371774118099395,2.3851504966534165,1.7778988862244094,1.2242807605296515,2.2567766259937185,4.918803509265905,2.6111590921902987,5.00383603062366,Feynman90,None,16.93047702619873
1.4055397045028615,1.1493173114696948,1.5367081455780274,1.100026818599989,2.0974591166552594,3.8492842199994133,7.437335786849259,6.572171319578948,Feynman90,None,15.54728301912073
2.397773869178604,1.2936270092003737,2.2119014443821596,1.4297940415202808,3.394425107644967,1.157191008046841,1.8863162315840132,8.081312180217408,Feynman90,None,15.479168218700758
2.233332349900285,1.7036433900427315,2.0624864951019948,1.9161860803790516,2.1024513715423208,2.9512940179675904,19.795119510348744,13.918715543988196,Feynman90,None,15.25565652235304
1.774949924914373,2.138153176225413,2.97431047782373,1.7451324595692717,2.8354678237141586,4.446210826392067,3.2637682536638666,2.8238986850751897,Feynman90,None,15.9516706137736
1.1491452332974808,2.6200728455445104,1.1570740637716121,1.3411624725902331,4.339917168468567,4.158097929264398,16.260936023571837,18.36932198399041,Feynman90,None,17.008174136263644
1.1066698317150716,2.6416465611255644,1.0918414490045385,2.1847338108334284,3.5744364614113624,3.2710156547208116,9.09615861011499,-0.679120991884357,Feynman90,None,15.799379292151642
1.1622569591491518,2.8705715068968694,1.0655948004453974,2.134395702457014,4.774028889375479,2.5432485848282163,6.377744161829795,5.380650536751116,Feynman90,None,16.176451558834906
2.054923753166336,1.9337258664200005,1.7562663438602066,2.6160590519139095,1.7965763348990298,3.915879648785709,4.4432187259486735,6.931397627122325,Feynman90,None,14.489734936170889
2.5099940050204745,2.500012644847714,2.490819623877387,2.4710544384024367,1.1877318261912757,3.7881537275210704,0.035539251650108294,3.957749549531392,Feynman90,None,15.52518729915128
1.6094520093348719,2.340806466975657,1.0841840771900206,1.6252132718685397,1.344121649838406,2.4886538573842656,13.866155782277813,11.802025142957419,Feynman90,None,16.345736193712664
2.827583548420087,1.3034856392253669,1.152948175066863,2.4778949884718795,2.231528002982426,2.901698636756839,10.249743033929624,14.556825117010149,Feynman90,None,14.066545557999225
2.3765733588050284,1.2714406938049885,2.5050383771689546,1.9790531076907005,1.3333169440116697,4.779838704745083,1.0981270279497886,12.516811236059755,Feynman90,None,14.647512840096576
2.335576780831392,1.9082146954428378,1.7274279133444386,2.520566004710698,1.1142010985459878,2.866872206495618,8.347397571479306,7.707955737751619,Feynman90,None,14.66056961438679
1.842119072407275,2.694841035329647,2.3624960767436396,1.2195753807429905,3.4097531951220503,2.0159604385051444,22.163013760891253,17.61536437138886,Feynman90,None,17.439142109803907
2.3472745921976856,2.0525383627241878,2.364891405852359,2.648387420949556,1.3861044263206388,3.729107085196345,0.46318334990409166,-0.5922917669041929,Feynman90,None,14.660950091437845
2.296624758553401,2.72046757915004,2.719129925432029,1.0531561777960228,3.417693399052937,4.6655328474053945,34.661760455690676,43.647668046101955,Feynman90,None,17.818045890853064
1.0526331668248783,2.83781358317498,1.2012137266061218,2.8832904774723565,4.9948835107226,1.887447546416261,2.054406631475695,1.8509623388202754,Feynman90,None,15.020797423138463
2.081363403091437,1.146361009900351,2.245535019718429,1.4796201519989949,3.335017032568676,2.2660207386551483,13.722525836347787,10.459490814470573,Feynman90,None,15.14679962205714
2.838754934011041,2.7067948404014643,2.9073130297292,1.3583579694324288,4.501754935231162,3.8163313220262216,73.35756749179824,73.51357768989459,Feynman90,None,17.48139667281314
2.7164670916223033,2.88734279768243,2.594317141591075,2.640528879192784,4.081121968527442,1.4895449647801144,0.20421685789876753,-3.0643271803226355,Feynman90,None,15.818758416594969
1.3827879192435497,1.857009207080788,1.8019398608282389,1.57378587566641,1.784359162499734,1.1542106217076364,16.571797082629235,19.386106060460126,Feynman90,None,15.753222668935239
2.2998524489982852,1.5680922614779949,1.3477192159449245,2.772322468457244,1.9124608646969943,4.656170169047082,2.979662996907192,2.8048711001057987,Feynman90,None,13.85380437062479
2.553677846736987,1.6581356665841926,1.4609519793328658,2.064670547674277,3.1209255210529285,1.0507594447694504,8.204219492474909,16.577057496235575,Feynman90,None,15.05545350390488
1.0097267745146956,2.523710091294659,2.9060735794894716,1.8863465529596237,3.7834556804722745,3.0659962914867855,16.92975225575427,13.955116693161228,Feynman90,None,16.060970579555065
2.356590396285698,2.0766749486680354,1.6243348653672243,2.785971312387596,1.9542004709441887,4.618724196996205,2.631773122458358,-0.32527087352691053,Feynman90,None,14.49374859847847
1.2534906185781087,1.178473331201919,2.5127340259770636,1.062272945196848,3.2967137378247364,3.231064898044799,21.9051427121929,22.53084144802979,Feynman90,None,15.604340499614189
2.0130791396824375,2.8699519811903995,1.6090266869338536,2.1395180891284844,1.1980573507615877,1.2239952609124023,27.29603669562655,34.53187214907104,Feynman90,None,16.363567675799935
1.9332464973460717,1.9703650870724199,2.680217401582536,1.8667467178284114,4.086959844827611,3.240408536589507,21.93138035474372,14.966810342315092,Feynman90,None,15.597824585796944
1.8993299043846752,2.4593527857194184,1.3504014320620705,1.5503642718435287,1.1615371719165988,4.739531356073309,1.9293156798261388,-4.590115956444592,Feynman90,None,16.67187142311406
1.0569658837270814,2.4307658862817094,1.7064280388589763,2.2655933486054813,2.6447257997002835,3.9117408439248678,8.101882282842416,3.994160557653734,Feynman90,None,15.402229224411183
2.2359636552733555,1.578953879405279,2.8559807387798593,2.757236394878324,3.5003752138818403,2.288896069160457,7.484473140677486,14.524978129229005,Feynman90,None,13.874881848773864
2.6154182135840585,1.7269415602019595,1.9454279699911228,2.664627514579154,4.951135641323209,1.9214065077597162,0.08914553312737743,-6.878523384834447,Feynman90,None,14.284845432702818
1.323248771446042,1.064357882931016,1.748549067849497,1.1088309043022617,4.88285780235356,4.892432002925781,13.95440772403151,16.22540073553938,Feynman90,None,15.407545991030537
1.1935973333061027,2.6054786934983216,2.001688318884546,1.1824584147702006,4.765772187079154,4.525056093730715,32.44270372523704,29.016415892097303,Feynman90,None,17.230562919928822
2.356172955661602,1.9534340115823963,1.4408822577358382,1.7453302744847623,3.869468055720378,2.7755786410835754,19.32362162960124,26.172855247026984,Feynman90,None,15.849927070686538
2.586184731289052,2.1099905281137925,1.1890197098225406,1.0648183810695528,1.6038652134115292,3.5864793119973264,23.53316928666797,20.009023649446302,Feynman90,None,17.091234056927444
1.272716036823073,1.3951179630499204,1.2397446024472019,1.9890331093861158,3.277819247551187,3.236938226493369,6.952156883869784,12.953839249465965,Feynman90,None,14.536833321017367
2.232005287500406,2.2806468708198353,1.597587593204113,1.8646455043226413,4.991701871191971,3.3485671239862755,14.869243703113812,15.137267829806015,Feynman90,None,16.064058495118037
1.861988747988013,2.4386269574775987,2.33506437182266,1.4290277643156866,1.3374723552646772,2.2432975851565513,31.63294807243599,23.231003593045706,Feynman90,None,16.81335345025039
2.633148444976546,2.645457098687205,2.4206355700079683,1.6592224317698743,4.4340205235119985,1.588573137896907,0.4771943712494617,5.128407179337519,Feynman90,None,16.918755715804622
2.9432701011799125,1.8415673847580658,2.1256986648497787,1.6824955923826395,2.009904212938124,4.264118313931668,3.4506127233004347,-4.557595563516388,Feynman90,None,15.93382245342824
1.5246418682885332,1.0436106440518438,1.3036519974631424,2.6771320270862335,2.3893139086672894,4.0066873558223595,3.311779243767318,13.09051313515031,Feynman90,None,13.147232354816172
1.3323472502636837,2.5716563186551333,1.845023209654015,2.0016454449034153,4.411998435140843,4.810040786855491,18.967804799899838,22.533588775153298,Feynman90,None,16.02838365330326
2.754518585676758,2.1117911218898886,1.4546909109629762,1.283529447770221,2.941906242563577,1.9683521485932531,34.946209216112955,32.97727807630113,Feynman90,None,16.81418729826107
1.6072638907160532,1.250919343544246,2.6807176662657466,2.1437173120090645,2.855777909860465,2.7699699380000373,15.727660184066135,11.700607092515856,Feynman90,None,14.205373220315646
2.5542330253725165,2.6769894648119346,2.811856778811368,2.300258389676207,4.644462749002709,2.527121429830157,0.15943297867489678,5.462380889404681,Feynman90,None,16.008726999914767
1.4111539938836095,2.6024890567469168,1.321127117209522,2.540652154084446,1.0693558453173444,1.9114967486078145,10.811174089452104,16.8136149402362,Feynman90,None,15.302020004731318
1.7319246014448142,1.2713108676533842,1.9236597286761763,1.8132310285556383,2.4967319856899604,3.735390735211792,8.92186476166978,6.199323067354855,Feynman90,None,14.740424958261327
2.948030564354408,1.7260370539636978,1.992922700641822,2.346678707031553,3.7344287695081326,2.1639765340294064,11.086980417074729,8.770720405246509,Feynman90,None,14.822333172239775
2.7309907230959576,2.7928398395720846,1.866094524208384,2.683125229217566,4.9791352562727464,2.854207721941905,7.120194568784332,3.604749119813141,Feynman90,None,15.639982918558111
2.7439141444135813,2.844589320342194,2.1476096166181593,2.2799621736693676,1.8115490347974879,4.8409227055172925,0.053917512127778774,1.0298655083482675,Feynman90,None,16.29492298411212
1.750377460208541,1.1665651068355323,1.4266663270488231,1.5443205475386768,4.699899387245335,3.515534019217683,9.287548010342295,9.372452863081604,Feynman90,None,15.002428960524089
2.4183059073322957,2.03448319692928,1.320051272587782,2.811042996795501,4.345799018620392,2.625714792385534,9.258422903947311,16.15127176372145,Feynman90,None,14.417811492462663
2.1025395842780545,1.1620773539125153,2.4282148766761824,2.9827743539679776,4.220317925432623,4.405834769148472,12.287659021096703,6.878089012718807,Feynman90,None,12.986196183964605
2.6333343725829614,2.4271770505371504,1.8251906266325286,2.9937558539910842,2.930395323285339,2.9718671762030704,24.472132345202187,26.5036346013277,Feynman90,None,14.70092081618608
1.6521860679287448,2.439426281783814,2.9838695859190345,1.7755066904043593,1.8998264292766547,3.753642018297283,0.7494950199194138,10.216453172848633,Feynman90,None,16.26244926434892
1.8247028865186727,2.2244034478126204,2.2004511457378566,2.3592308359731105,2.672246706505566,4.334699719564036,6.646090206500049,4.3263731915880985,Feynman90,None,15.17993361806993
1.667344297929549,1.703761026191694,1.450606552184846,2.609567275362015,3.0088758909504474,2.0469566066507636,8.412962637295738,14.168431696129748,Feynman90,None,14.117739178654693
2.357733048366299,2.7799518611983167,2.2555309482648465,1.2867686019160058,3.7526198952008785,3.4932149425176875,70.15117907410827,67.0636059468581,Feynman90,None,17.56807048561176
2.1531986786066666,1.976168362817133,1.3643987454796613,1.5046305624367453,3.0128086491653447,1.2219736103113177,14.342657093531,13.51434331626307,Feynman90,None,16.18219060631511
1.3657333039656891,2.559785001896784,1.8562070329459601,1.9088398128681345,1.8232311872610651,4.1701973534389065,3.035356134121209,6.779199797225513,Feynman90,None,16.155883705104337
2.2470284633330815,2.342785041024284,2.6692395224128793,2.657933194370032,1.2828011783712805,3.0785960756295463,2.6573870052189954,-7.769859165715575,Feynman90,None,14.99315936490571
1.770407807544397,2.173341485740935,2.1059061344034307,2.13224340524152,2.545166572204839,4.836753217096792,1.8183263238669085,0.7072844522634263,Feynman90,None,15.432551615946684
1.3971630048461137,1.1825752984449516,2.999303516442062,2.5443618867047375,1.786556790106404,2.2828336161028644,10.138593593561387,9.37836396554912,Feynman90,None,13.487719406952253
2.4894780090302397,2.495751943512906,2.6930811028575676,2.82057316944039,4.856174277251771,2.122098137911515,0.726821287343951,-6.208179094511253,Feynman90,None,15.00688928477463
2.1192972828174588,1.6520369601120697,1.728555406344937,1.018427739159167,3.7717511036279006,2.1250198223981394,18.03438209162663,9.780897388658028,Feynman90,None,16.46910673536217
2.016520346154418,1.2057274716063733,2.00951823012755,1.4889583684852743,3.307717030397158,3.3500845752604205,20.60528752146084,19.326538234990657,Feynman90,None,15.193830490319582
1.5621295415617824,2.0794522609068906,2.0126743253341433,1.0628333798635659,1.368301153305309,4.04092973390452,1.0193782406719443,3.8447642497496575,Feynman90,None,16.82015894869324
1.9373475450966537,2.1291949856033874,1.2855464467979416,2.3304100144866426,4.194230162174527,1.2811310995662435,3.717885938979742,-6.3628507692380945,Feynman90,None,15.126623769671768
1.055549432326886,2.1780376297108477,2.6359176435146026,1.2678703810802843,3.032310149601895,4.691532066798885,4.183727873573887,0.17637021147984555,Feynman90,None,16.531111557519985
2.074069861535672,1.5043818110369498,2.028544291191403,2.5050175958314664,1.7325079376661021,2.081315583122408,15.224373279647702,7.740716952293629,Feynman90,None,14.10958131908818
2.129125830079392,1.3064601508938383,2.2467624433754154,1.675231764930133,3.2765938351788484,3.5429643079068525,22.748783993715488,30.789365003382457,Feynman90,None,15.076961229280215
2.833672190229054,1.3625820348590132,1.0202381953846213,2.9866638597850335,1.4683192224394452,4.2836641068927355,3.945525032622593,6.857308239074817,Feynman90,None,13.4033916423923
2.228023868689598,1.7986057191311682,2.7610836153575855,2.928961723629594,1.4184052560459324,2.002866068571136,19.011620363529783,12.948765453221139,Feynman90,None,13.90271542067687
1.2038574719784632,1.5491205199710223,2.7231989164169486,1.7685467557598649,4.277917138215987,3.1557225606399495,7.71385497861324,11.847322551779808,Feynman90,None,15.037434883256674
1.1835017372709986,1.2610124783050813,2.1182998957977364,1.8285241940103734,2.1632810764220323,4.145911971412604,1.8358517137025265,-1.2972141920669646,Feynman90,None,14.579174272921033
1.226924317606302,1.207320743031878,2.2772079032547534,2.7140673003064295,1.2586722633741423,3.8411158885149854,0.03607735783597114,-8.454328221609378,Feynman90,None,13.233364247159349
1.845300929818186,2.1288390537566833,1.3170240126647608,2.872946983714847,4.792230395214714,3.402298303496428,8.487900409922814,4.144297649955909,Feynman90,None,14.316236787073164
1.6509743022389198,2.955882805483194,2.9712910723452683,1.7797932526605134,2.3579792246294193,1.4632630539113038,27.314229863476925,24.353221880945632,Feynman90,None,16.912713028485346
2.8518265792836406,1.4432469379947408,2.953012799377257,1.0324970833355838,2.390572561161477,2.0249778616094907,67.05328207611298,64.69019272148228,Feynman90,None,16.35132534000392
2.2202466025563896,2.4297420211071183,2.97308718422925,1.1658866869215927,1.3022668555807946,1.4827581035462765,84.38124249907762,88.91116476724319,Feynman90,None,17.266895309300047
1.4738872560735554,1.1532215949395686,2.016216710539326,2.1319613200354435,3.7313574494566426,3.2728891276477152,9.400858636326697,7.969624126902875,Feynman90,None,14.067600043672877
2.5086295523296345,1.3421334455862908,2.2107631602865263,1.4509530271569977,3.257795992090093,2.295240199219014,21.76433930990403,21.358865319508904,Feynman90,None,15.535543103151593
2.5108745230443654,1.1243578730577515,2.307391392623242,2.1892861114120734,4.688655848188217,2.3674094580030274,0.5212149762669844,3.9081368456830576,Feynman90,None,14.185644246541026
1.2226528277299613,1.6043175547186468,1.1115858065022781,1.807422756611906,3.5684857097984506,4.04197613758264,7.406409764808218,3.4335946330254945,Feynman90,None,15.055421630805675
2.158985453121542,1.3162026994613651,1.9945308260018408,1.0610525703046252,1.0755385985768755,3.8457446960277086,0.6018818769522105,5.769219954992625,Feynman90,None,15.989168538460143
1.1094456267658814,1.1997257295359267,2.1930504083150826,1.440493363652295,4.002557490132437,1.2019361249592104,0.006725849468742349,-6.051130223894137,Feynman90,None,15.048394820106857
2.0166080067409733,2.1667234037145198,1.2950727434907627,2.411425373297087,3.9604990357728505,4.484444938910496,14.18722099807433,17.761829655443705,Feynman90,None,15.07475787831931
1.6871650535337919,1.7912441957692866,1.1159532109786527,1.4578756912268063,1.4986704111194604,1.0630781082587166,14.25112226083439,6.697777741578152,Feynman90,None,15.90799855160983
2.1975335930559807,2.5895530280102337,2.869044776084296,2.180133839147247,2.6130380918659015,3.9817721397017007,10.417846031886489,8.593184418749937,Feynman90,None,15.990285983654962
2.7261319404906095,1.9725897451567265,1.00832306254774,1.501070777936049,3.56934261914262,4.566518522709675,20.847794914778706,27.52821177117577,Feynman90,None,16.3143624261201
1.1528579872081244,2.3700689834250213,1.1066851640559725,2.832166262963791,4.722869576283092,1.690798788290044,2.3560011236467697,3.646532693158206,Feynman90,None,14.523311721395277
2.7513941498292884,2.9935289896229165,2.9481115892333403,1.4373779855694477,4.10208611841714,2.505491611120086,9.633908796754833,2.1546072341443017,Feynman90,None,17.711088241144665
1.188680413744226,1.4876882970122247,2.0112433578311357,1.0086520059227935,1.4816622829614459,3.3726492494051947,5.480376299639853,-0.452869817755281,Feynman90,None,16.060646606219148
1.502660347515106,2.5184275975259744,1.413029169348009,2.487274772581763,2.2443073710247177,1.6134358031207898,12.637022049688516,13.167786578192374,Feynman90,None,15.29373564435764
2.3977506947342024,2.498294931237611,1.6364241110672988,1.1973626679193998,1.9368757488735953,3.131052534554375,37.01728569248439,36.19605421626051,Feynman90,None,17.34906562521504
1.2044325514527388,2.368784653662754,1.9888076260926404,2.69411698326214,2.3186302691916856,4.158457199685602,3.6947174891766865,4.9843775087214155,Feynman90,None,14.73423187088729
1.6834103831948481,2.115802474097655,1.1184935225763168,1.3679410280886888,3.72901938783004,1.5827857006874742,11.035980874713209,9.83535546515919,Feynman90,None,16.45063198304797
2.0358413756539244,1.0715058315640194,2.0151113478544667,2.453346927696475,2.6549909771611993,2.142856143811324,10.293552136068852,4.215385599013094,Feynman90,None,13.625442920228569
2.948700066049878,2.8280109576246177,2.8641937085842417,1.7827724042718311,3.3241333283360976,3.798868811651663,71.98178817873128,75.90625348378319,Feynman90,None,17.043729416638133
2.1811922023836936,1.0775262778437278,2.5886895223567894,2.1501176005208125,2.9646234616921188,3.582966473813875,14.293036185048937,6.254528193797659,Feynman90,None,14.107340520666249
1.522925882246818,1.8717638749175516,2.424892403007871,2.32395883982786,2.243414973458139,1.0475729594744343,8.760671768905711,16.093004728701224,Feynman90,None,14.713477654218586
2.1403018458337697,2.725689879545458,2.7848899249928625,2.1345236069776963,2.477583528475262,4.002301374320364,7.68944196079505,10.961625400274272,Feynman90,None,16.21658295369085
1.0923252862656865,1.0654101775211733,1.318733901462482,1.771930721088931,1.3783394180313104,1.308677110105545,5.4381812407475465,8.588995062477782,Feynman90,None,14.391775310659066
1.7553163088685393,2.7014025309496477,1.2253667157868362,1.7760892447850283,2.9005764435125734,4.665357243190524,13.69455632642273,13.840929806794659,Feynman90,None,16.618434491895023
2.8502913118108966,1.7700526335646525,1.7371649156312654,1.7092122265258816,2.5876461434540796,4.637594217850999,9.721727992605741,6.529223941032232,Feynman90,None,15.782685751500889
2.861285986796596,2.2352323069566786,1.5570107130259818,1.755609180956527,4.601787228765347,2.1866772309071996,9.147050917763291,6.055289977785883,Feynman90,None,16.309318767500137
1.9124386545295773,2.704457717507602,2.8763658982693516,2.536463833393825,4.631819004236249,2.8209827415664512,1.4232367364540246,-7.357170895793486,Feynman90,None,15.552878806436842
2.381007702182675,2.1989920398914222,2.1025811055588974,1.0870477245210468,3.780389402849315,3.10967332037682,53.760187876144705,46.93691750091973,Feynman90,None,17.12498802493999
1.3369225856376437,2.865795888034996,1.6940208686799614,2.1603012374515758,3.6957499318184435,2.145985999550465,10.241474302731186,7.405392475520065,Feynman90,None,16.172818059846364
2.9626007719671072,2.55423880345613,2.7583443357691984,2.738622345904786,2.633364918453279,2.197839810414836,42.39914644383988,40.49882053412615,Feynman90,None,15.309046294223066
1.3131095466231995,2.5566147954245215,1.7814961879868645,1.6215888245265477,4.441477250245402,1.4374408921741573,0.6527515795536389,-10.79584790221948,Feynman90,None,16.55740668813318
2.8142285899012425,1.485389667617572,1.3630470260394405,1.598576075717736,3.4477758957065157,4.205640124820508,20.47331774873983,16.23827558811226,Feynman90,None,15.573256652052278
2.202309249179213,2.2188509895869046,1.4682228229438452,2.7496426211036775,4.603689095242046,1.4038127734890034,1.5067102148921268,6.275257306766269,Feynman90,None,14.691947925855116
2.0130128293836007,1.9370994236752173,2.1015436776305396,1.3143091652829908,2.445078616227305,3.7012801221676486,21.099476771017265,24.664215655355857,Feynman90,None,16.37703042089135
2.115094853049051,2.2398324050056084,2.1009624466047225,2.7925308444173034,3.5174392069970026,1.667662958685622,5.146001803687342,5.709039716959984,Feynman90,None,14.63624973103672
1.8893650217656461,1.0021870318548993,1.2490980731152226,1.8050595393184348,2.5693135594660252,2.9310603194192626,8.093708796450363,2.9083878817354947,Feynman90,None,14.446211158090275
1.3659503606943357,2.1773552303607833,2.351209471956559,1.7380944660511213,2.4657883151016446,3.296389553082226,18.1995145121461,23.895709499428506,Feynman90,None,15.917848692005114
1.6602131375378544,2.712787745904757,2.3775857015305935,2.0526670344566478,2.429456766146698,3.388645239766818,20.81827360001877,22.498942029122123,Feynman90,None,16.20895776776403
1.6015631193271067,2.161840183485096,2.035428186892111,2.480608435393906,4.4213133286286626,3.6802328020855213,14.712221007445208,21.888010372322707,Feynman90,None,14.872666528152036
2.698127676618164,1.6595063963830796,1.3915020288434723,1.040438416875472,3.4498374315376013,4.924976249837105,26.137094825746264,26.99482900503212,Feynman90,None,16.57950514749392
2.8895253703080104,1.5814993693075023,2.704226966145954,1.1042919754468064,3.479814842103984,3.4066363268864914,70.0836772009343,64.38595932248033,Feynman90,None,16.43141236523343
2.331655263855067,2.479368583127338,1.961869720471133,1.3094356033572485,4.664994016325677,3.9984588277315014,47.09547135308454,45.169861624112514,Feynman90,None,17.14687730518054
2.081106971346784,2.4244636160501756,2.962314008114493,1.5601458783030722,2.68901906411277,2.4757307628206786,58.21832915973347,47.96171393027477,Feynman90,None,16.655018156439976
2.540936637635519,2.1433590210878766,2.522126849740885,1.5136241848525709,2.4728321226758387,3.5382431441629647,29.983778128062454,41.87832722066932,Feynman90,None,16.47075591908605
1.754718495365101,2.125635058892003,2.036655065181977,2.468802080007616,4.407334511619111,1.2213866068509756,0.01932210459833981,9.685235342239425,Feynman90,None,14.87895489662638
2.9055240041327197,1.8085899222656772,1.8259253414488883,2.34287490829028,2.202184604107603,3.323815503783762,17.90564088127019,8.769804102414279,Feynman90,None,14.92308594527901
1.9132451017029206,1.7133601337704074,2.1561005037048835,2.3491509617741837,3.421296643446987,4.782994784711937,8.679971495899022,13.385694515965563,Feynman90,None,14.565028033792723
1.9569942414347687,1.0677791720071916,2.496377418505644,2.2834743987049873,1.959528259252894,2.015796571129856,14.330150620340145,11.756896316369025,Feynman90,None,13.84957978973066
2.288344905288932,1.2474844229926316,2.1786077645156126,1.4921908222794815,4.062612696773873,3.938861109147943,26.0290862346497,18.891841945457827,Feynman90,None,15.304644525118622
2.188158387475175,2.6586401865206115,2.6396417259462344,1.0268429789974507,1.9364240024231907,3.1927731450469294,33.91484532216672,31.363272773440833,Feynman90,None,17.752773264152154
1.5586607764486922,1.511666373056277,1.4026303316594682,1.9704876183250501,2.221122824017757,4.194523417787557,5.311941200135071,3.2634842181859804,Feynman90,None,14.777664476868269
1.809073931659547,2.24311762233377,2.703034999001339,2.9875943313630664,2.5760261403336475,4.652072604825732,0.3181452916756184,-0.37633257473766973,Feynman90,None,14.286559615815737
2.121656560123884,1.0094313177908958,1.2166166562751317,2.1806470500192248,4.838186399415555,3.174296967030682,5.269535502330745,5.649936641581188,Feynman90,None,13.962687602799878
2.698006869363736,2.2557517165566914,1.3275114238069998,2.750758925899479,2.9283616219127997,4.089131859437841,15.079850131484655,23.555047598402183,Feynman90,None,14.851065076443245
1.6592157800325935,2.427120062289303,2.495612029296927,1.2874490972442045,3.2136213183621556,3.869488443342328,39.03014816876358,46.01147056045466,Feynman90,None,16.958005757479278
1.35278921598285,2.724194234460871,2.6724657105191163,2.6869212506172433,4.7451695784807,4.790094935276845,23.00294937726624,23.696509591558485,Feynman90,None,15.230728922802607
1.3404056768109032,2.031676371812826,2.7770969284190827,1.778465109695165,4.994665674604472,2.758679654680396,0.0037555465495112315,5.90294593081473,Feynman90,None,15.668029316704741
2.737834195761868,1.4515731984670848,2.230527736883331,2.1055487216940065,4.028658060680547,3.431615782976187,22.767106097131215,19.591508310640933,Feynman90,None,14.775619178814015
1.5597123608956378,2.4516670526015956,2.1378895796081787,1.962257336718061,4.142951994242004,4.739971146172591,22.810479301831904,23.200470994792443,Feynman90,None,15.985264628087798
2.653776612994726,1.8846827706730744,1.7431290337824523,2.936727589140836,1.532066732339675,2.479879926029092,14.77780047695655,12.676129155312044,Feynman90,None,14.098642082236195
1.4503888020181839,1.0853870114046895,2.2614940353865585,1.2099739666966558,4.795415573493477,1.0031948245856417,0.8349885321922549,-3.0164331977432863,Feynman90,None,15.316427149151973
2.758231704331306,1.454499589002046,2.182693647885419,1.7721286267882335,4.20885560356651,4.446426594555996,30.357671612974162,22.933137711344433,Feynman90,None,15.268787066292901
2.9545592435009125,1.0879326499947697,1.465261922692358,2.8183633465630473,4.867833254438301,1.2096335011944253,0.2898315558841721,-4.376187609862015,Feynman90,None,13.32657135871458
1.6872634833714797,1.9530038733162696,2.5419364456525164,2.9338986392881043,1.2491181385286723,1.5059372421268238,17.310382547922732,14.620224013805668,Feynman90,None,13.967724534107877
1.1117261146507005,1.0302270670710616,2.433039217242259,1.7084398441436457,3.753920305568755,4.746934247049632,6.138409670733451,0.3907426589686631,Feynman90,None,14.44379801474033
1.26789589025766,1.6507535197292456,2.380772556963488,1.6854415704703714,2.1939660891291033,4.7082969739869736,0.04543391686147794,-2.7010948588578767,Feynman90,None,15.30221191679622
2.0322490874858907,2.7622776043520627,2.709340569076754,1.2137925356036396,4.9669340673420885,2.6534030148295344,0.00045337234816000246,4.3928642900201424,Feynman90,None,17.57696285769261
2.8494811830431654,1.756634945097416,1.2442887769175257,2.4764013664968356,1.9275950871637582,1.5450694119865895,15.506460795545506,7.866419577469399,Feynman90,None,14.650011840344144
2.7939082303800813,2.351672065032426,1.014228947183726,1.7235792114222124,3.148568540546524,2.790922802828843,24.027377839604394,25.756890137817066,Feynman90,None,16.488493023677535
2.6500099600659666,2.8352303774410172,1.7973324825552008,1.8964291936786233,2.68720604049746,1.1254799386780228,22.084339536629198,16.02542899947801,Feynman90,None,16.819083097622848
1.5541057181542877,1.9278945850650275,1.5986436541273,2.1989994713860366,3.6012749225834484,2.558050399113443,10.7936231647185,4.367773035194947,Feynman90,None,14.973697351604036
2.2295477172675833,1.450479082608275,1.6567805376745328,2.4756307417825134,2.4380100617098126,3.144129647615933,12.116502613206068,15.901615796245315,Feynman90,None,14.119457553507225
2.261555334391592,1.5053389786620246,2.131403245747169,1.999704760810796,2.8741531397814857,1.1376554502061538,6.1496479554547925,-1.5164216226440956,Feynman90,None,14.888525406572086
2.1164982282496947,2.5840877681443075,1.9857179026570688,1.159017001256177,1.7960524553457708,4.690390522743829,0.49964687676700315,5.839743823342685,Feynman90,None,17.449342727591322
2.5291695196663055,1.9496781718075766,1.672110500398371,2.3051713590047473,2.236023259660563,1.595247109142572,20.40469207246835,20.82188905353259,Feynman90,None,15.070912367092234
1.3444257173762608,2.901687101809646,2.0362338169717904,1.9742446295828202,1.2015557659417344,2.9691681765534272,7.404236198635778,3.7423621137898064,Feynman90,None,16.49069331722414
2.0686646723533535,2.0791425963087358,1.5651033920448032,2.5482837955357325,1.624440397404621,1.6534646639909027,16.594906119418457,18.524835004583053,Feynman90,None,14.776354434635406
2.56848023458386,2.232380978842504,1.9991006884666875,1.2776317238773789,1.9222808225561794,1.5990700656748196,54.436624306523235,54.81959155123222,Feynman90,None,16.933400554230975
1.6691540740327726,2.180849906306998,2.018446148021087,1.884592784258223,1.9489300100008813,1.0760017897560568,18.779642370695434,19.220340258248484,Feynman90,None,15.778913678317831
2.4121914220824214,1.8142199225034015,1.3355882131583616,2.684878407929081,4.9479579940267,4.83304453160545,13.651389729700963,17.858534797750877,Feynman90,None,14.319732322503441
2.136603858859573,2.234169765878728,2.286132098504412,1.9556109635136878,1.3998130046497792,1.8882820167684904,31.566679372594898,33.639232694701235,Feynman90,None,15.850793959063997
1.47514134744678,1.134213246846118,2.342487377900307,2.4133653172342893,1.3196746962172905,2.5967588879299415,4.5350528413693985,4.333565922744165,Feynman90,None,13.634579015240014
2.301759592260278,1.4232205273462903,2.8565708587905942,1.7400835130378787,2.223119135566816,1.8199990303416267,30.217179688681618,23.14238801067804,Feynman90,None,15.170793200637027
1.180505578552579,1.754650480197545,2.1672122728156635,2.316772740035181,4.303747937236162,1.4351352913159365,0.0013838313642845043,-1.345289635402107,Feynman90,None,14.496372482462574
2.334842014942199,2.9041517355797337,1.922937676918303,2.879886610818745,2.6784567698549933,4.108709988916349,14.47499091100848,10.690956383100962,Feynman90,None,15.404507422967818
2.9078712041375088,1.1558431755084468,2.517584069246137,2.9181019743453414,2.703941007972904,1.1433917663137496,4.026955690159798,-2.918581442590596,Feynman90,None,13.25720240725823
1.8342648405140627,1.3067209753925444,2.515528549993844,1.2374965502669755,4.7916504938191755,1.1683012059619013,1.4388173905156878,0.23424842982600036,Feynman90,None,15.646019827379106
1.3400755865160425,1.5250122845766245,1.2093796577420612,1.7333876231176701,2.7141594155293256,2.324491486088656,8.794215566499,-0.7288441958363645,Feynman90,None,15.089170731889425
1.7247734268066428,1.2579323012365542,1.465417861766856,1.9760862722262709,2.8326401798965333,2.082042925528175,9.130365359574204,5.011119730121094,Feynman90,None,14.484992450949282
1.5936134925572367,2.9752849444750797,2.9988150573001633,1.7702252560051532,4.041882514301436,4.707006639787281,35.803985290311715,27.513980947812776,Feynman90,None,16.9381274801333
1.5684816414309255,1.919212520426117,1.6816090828063233,1.164488832386293,3.1550462529873036,3.808413609260175,24.67376331539129,28.758652138454053,Feynman90,None,16.470043509244736
2.3674279529959636,2.958577838628152,2.7118188167013217,1.4157051308682844,4.219210728090092,4.274022123554984,84.14489409666257,80.3096080585599,Feynman90,None,17.60999178882781
2.0088565331198196,1.5810150348346041,2.262264888877718,1.581491142818084,1.8084127037271749,4.2482187403318665,0.5204458077152109,-3.8647389979529274,Feynman90,None,15.534787245107964
2.1970233256786713,1.0543951214374885,1.994825914004911,1.344868944199965,1.32748509726478,1.1194704995546099,21.281506991732908,26.769601713960427,Feynman90,None,15.252319276656126
2.0969593665778743,1.9158374003443748,2.2903561040513725,2.375533047118554,3.397165401490872,4.436354757123501,14.811397863074825,9.966633159480548,Feynman90,None,14.826341139005418
2.0894192139068624,1.0613484279232364,2.193992734440656,2.101646050691955,1.5333128234380737,2.8445334821080324,6.907845165704819,11.03220394066691,Feynman90,None,14.13616919464132
2.6367071068740726,2.0114750013893667,2.7817248810506583,2.1766171496390907,3.524263748498426,3.4901258613473627,42.55613086114301,37.8922555879186,Feynman90,None,15.361096411615026
1.1548918096372955,2.7400136827688595,1.3205327456660831,2.4830557197472096,3.9156944879440734,1.5131669888206596,4.201041924457082,2.857907161857316,Feynman90,None,15.501810527395012
1.8356021787524286,1.8597676699304213,2.4636403044385133,1.730430003695533,1.3914163161016986,4.626511669036481,1.0728889091127674,-2.1797518910048383,Feynman90,None,15.632951617621249
2.5407458043862245,2.0755298299365075,1.6864138167818659,2.9480805026421173,3.188073387702219,2.8843066325212274,18.542849151648575,10.600087844972332,Feynman90,None,14.298882639302544
2.372319089502035,2.6893102360812327,1.9034017686581408,2.884395977103625,2.6915972562033996,4.478858477544662,8.989095687099514,18.470980658161054,Feynman90,None,15.133343525651084
2.9974187685164138,2.039539419580361,1.2132649713068053,2.4712945807103255,1.938814499453303,1.088712596857769,17.24422773880344,18.184133793620198,Feynman90,None,15.051171217723901
2.320901224090769,2.7957399827740916,2.9204551289560143,2.0187367546438035,3.927846869773247,3.198503444712222,39.79321465921422,37.98397666637401,Feynman90,None,16.515475023267037
1.4394773786256374,1.270760702760073,2.341089873595453,1.0074456896890467,2.987684759449199,2.7211652090828213,25.85290672563841,28.244925142558856,Feynman90,None,15.84411876100028
2.820410688673455,1.9020193565027435,1.5459701042108953,2.1858615607203316,3.427730259242916,1.151719846234339,7.431336554287452,9.114959452347508,Feynman90,None,15.250640453961612
2.1387053016443582,2.59377701512809,2.380480315921184,1.9270272782017202,2.8713656559765517,4.381150465528328,12.66267384980605,7.00317563582358,Feynman90,None,16.35014476287617
1.8732225606856578,2.070038314127534,1.2163934828186151,1.4278692113833944,2.6289439895109035,3.8394262302617306,17.266378730999456,18.569105825466316,Feynman90,None,16.348885335203196
2.401277503938484,1.6486045250470462,1.7836610251483815,1.306203981330458,3.5478524359490207,3.5901296854312648,33.94956546044392,37.17996081837792,Feynman90,None,16.111084197216165
1.1441402823308475,1.270659422940199,2.8599225815518743,1.9960962130851545,2.4041977158490777,4.052418132272402,1.1763762020015458,-5.478523122463076,Feynman90,None,14.338770034810896
2.3624727366794787,1.1606830137024526,1.7448525344422738,2.1665276635783925,3.4502625566199754,1.3525702494927745,3.870645860610718,-0.5884086364957262,Feynman90,None,14.230853914628662
2.0934329813417314,1.7213828158963849,1.9718305778767293,2.9635848907093365,1.6294622137314452,4.038830218694295,1.2835633909545399,2.4043629565653726,Feynman90,None,13.723270109873855
1.9967058790616363,2.8635259250356895,1.4239203962326292,1.7905433160629194,3.7447358208689048,2.969655030048098,25.7843938507045,26.198912363084116,Feynman90,None,16.85901449864207
2.972981052112276,1.4652811186476302,2.832952628661605,2.351704168222253,4.894178564511255,4.99609017679776,32.74393050387829,29.08557632000515,Feynman90,None,14.489153852925817
2.975083301159777,1.0312897321571557,2.643049624516573,1.7619104744964789,1.8824301235546441,4.416044760112134,0.10859154117681426,-4.891547090540224,Feynman90,None,14.795240085992894
1.9082557108331542,1.5010353860349255,2.3923623300322987,2.4626146314255744,2.7595108021531725,3.6364765876831613,11.941170446408007,5.146171150270216,Feynman90,None,14.128904482480745
2.957092584919658,2.751442059258535,1.935370378873002,1.0979717807775349,4.667491468843192,1.531370681355218,0.11120815139335191,7.257120310783548,Feynman90,None,17.94392297986118
2.2376525860241614,2.572378437524385,2.518374483199757,1.4242079581924114,1.4517482603165903,3.44647044168791,3.517148806109558,6.037452443877125,Feynman90,None,17.0767054206258
1.1088997858275405,2.660030725163697,2.5066912748504038,2.529883966226501,2.0352542698547778,3.999936915288858,1.1949552755895343,3.2942981637155793,Feynman90,None,15.321453166789517
2.296664810604348,2.256820235392323,2.418429244765798,2.9224491061576616,4.371642778784439,4.775704620572261,24.872662764392288,27.423724747548686,Feynman90,None,14.510652597112449
2.4787225927690866,2.476592508971336,1.5470713215873129,1.2703723094026604,3.526573406452611,2.8693876751591563,43.062867775013714,31.926262344284705,Feynman90,None,17.23390856962956
1.2457478144785243,1.509683906110956,2.1256748430057817,1.038285132859057,3.519603018090174,4.9305686336794885,10.703063466843982,18.042084890773353,Feynman90,None,16.058637162248043
2.70241131198133,1.7254187486780126,2.4250114899916113,2.281328861641441,4.611378959622821,1.224939706299089,1.2473332065264386,2.270294833435328,Feynman90,None,14.860164774008508
2.7709930534083833,2.848032711034741,1.2661227375673603,1.7820884037212763,2.5161050145832307,1.1700575133078095,27.486589770576725,13.258439877256604,Feynman90,None,17.029383013606186
2.3343375251984555,1.629321956655653,2.5166246657188793,1.1399008729688243,4.169843199958406,3.742235630909739,47.860636472383995,51.07578619030582,Feynman90,None,16.312983078324258
1.1862897299442112,1.888843134028833,1.052073745195954,2.3367512846930656,3.654376931570972,1.0189209477881715,3.1871051869433886,0.38298767737311046,Feynman90,None,14.639305208729196
2.5447593641147153,1.9980127594356445,2.438053124979196,1.8240091682149402,1.4627455261209814,1.9318169997375465,38.24553685110356,38.41552867998953,Feynman90,None,15.835525630665467
1.6847061569650796,2.3411929196695866,2.283942836600758,1.0942471389831325,4.789780801002051,1.4045002051768627,1.5196023562043501,0.6938695522084755,Feynman90,None,17.135483680175376
1.91448881794748,2.576900039162326,1.0693313131094877,2.9717218654108732,3.0247557278096378,2.818621794444315,11.109007257384377,11.140131618329297,Feynman90,None,14.75830885356673
2.8714796846718524,2.3322705162017368,1.5608650783011049,2.081593381872169,2.1951093106123283,1.7166079006934258,30.112790017054213,25.726267645508567,Feynman90,None,15.96111026764401
1.2650301740118914,1.5721701022428165,2.7488743797322703,1.192963881393492,2.320942797646568,3.515367845038082,10.630591787278979,11.698493705057626,Feynman90,None,15.917638656334177
2.4733097061611513,1.915250540967523,1.6993559933554179,2.0607396717601114,2.126212583896687,3.6069440796335352,14.038507941094043,10.934107973953918,Feynman90,None,15.369687333854282
1.542518837647338,2.7176926392319007,2.0655621443231773,2.5955607742780633,2.5730654064299836,3.411864755029267,16.215160433252453,10.611172089074419,Feynman90,None,15.398853297577057
2.1005811746871244,2.1768740595409635,2.7602723387373223,2.03150119017132,3.8393866180355265,3.5426143282385714,36.90322776722033,50.289451640155804,Feynman90,None,15.659322891371598
2.660008466703835,1.856633016916394,1.299562653942597,2.527213825403255,3.0136848536575833,2.5552069257953396,15.490234768518821,23.322834163156674,Feynman90,None,14.659798497602786
1.2596702898907493,1.4463771841044404,2.733816223257994,1.0943958683376462,4.7720442558155245,4.090757573317461,21.228754038628516,21.639150558107104,Feynman90,None,15.89974701883538
2.834154486645071,1.0120288906732262,2.932810424032463,2.805678370165314,1.7095141115960306,1.8804683275131517,18.44699333105668,19.00449114387174,Feynman90,None,13.220843150896453
1.680214409063797,2.5940747249705174,1.8570761092074184,1.7959310424655868,4.149492952394667,1.8546187871858826,4.476451167542575,0.4113786162425406,Feynman90,None,16.435854582006083
2.0384914058325725,2.704486184955522,1.3795561225950108,2.8617369131220958,1.1646287140950253,2.4887587257756483,12.542082923319722,10.552152282331669,Feynman90,None,15.108939037853789
1.7539396852625715,1.3037632855839234,1.8348916613664428,2.057644415831714,2.747441607543946,2.015666773637671,10.999533036255649,6.405980602047504,Feynman90,None,14.431393869120171
1.694165182108326,1.02531645401112,1.3756125899936922,1.8186094259175725,1.9730814093539277,4.509467716854158,2.6315419642994384,-4.149809574288531,Feynman90,None,14.41110602912019
1.5173973326040109,1.280725745446031,2.943103284990128,2.0165729000392365,4.884559050666303,4.205390395792257,12.623558267825857,12.149021197207766,Feynman90,None,14.407500801462849
2.701861944045894,1.0508141922407976,1.6655809249174813,2.866090548462882,3.4007008080064525,2.410606118311137,8.220378411529053,14.751885869290607,Feynman90,None,13.151957288212566
2.597029110161257,1.256147654533491,2.8412677811436824,2.671114901685063,2.998713242441977,4.444506241162989,4.0527936410450724,-2.575114574037613,Feynman90,None,13.672486008226299
2.95218736037952,1.105189394013843,1.0586343093826822,2.3290127699994594,2.592043889172981,2.4079096183454785,9.288786010760813,11.86213962310108,Feynman90,None,14.05944427076574
2.1108592077520756,1.057092672459094,2.113090883108364,1.6288396274501447,4.501872696967018,1.7952322749047065,0.17211634934314382,-6.70568584780516,Feynman90,None,14.823098035483378
1.5493796506741153,1.28281944222645,2.359091598868105,2.663231156129477,4.881334385793766,2.79980556730243,0.7369190555596402,1.5926620087850296,Feynman90,None,13.477323116191508
1.5407953478955534,1.9207388485754544,2.870294150274196,1.1392610318955392,3.3705476296741885,3.3886873721987785,46.83798435493008,39.49459011069849,Feynman90,None,16.502306785990772
1.132338787407853,2.573737168845649,2.660922956167364,2.8572530096852296,1.8866363848023986,2.366340534847722,14.859844845579838,17.92259966828579,Feynman90,None,14.741130545610298
2.534448276670802,1.1493956418476525,1.0565158769895815,2.5754963204686145,2.753773321059928,1.3432986076369056,6.217810691331906,1.7206584275202674,Feynman90,None,13.661381872139481
1.1771350555093614,2.146395016168194,2.137875920429438,1.0437352158969362,4.276468586876935,2.0944423207122296,3.130361589838538,5.70152410773478,Feynman90,None,16.844660630898716
2.2425896459130295,1.2539849310500868,1.0257775755049567,2.018982036480544,3.056154288695084,2.2045912168660053,8.420737310579089,18.44562538726875,Feynman90,None,14.536497953739696
2.8770526020540803,1.148173037263821,2.219116776010604,2.086972391466298,3.09926508734092,2.7307428299062284,20.86689913189542,24.929042087995224,Feynman90,None,14.448760480047028
2.279500224374727,2.43242822407165,1.384614981901956,1.0742405754869333,2.6187722918161365,1.463348416451291,36.10761077768956,37.81938162268725,Feynman90,None,17.417161167731194
2.319199576618245,2.8742027287597947,2.145202873516011,2.2730375063854265,4.678848289672427,2.4399741660963685,3.117571277538624,-2.093142455701688,Feynman90,None,16.245134119066794
1.014244460246599,1.4219511107679024,2.877493815587772,1.9748385081580098,4.663552188313344,1.366275283954892,0.5861081407158395,2.0426805023975536,Feynman90,None,14.532248737495816
2.571683392853646,2.302353081827172,2.3717796607122184,1.1079007945022354,2.3139300555297146,3.536689257640964,37.3272233599206,42.505014145219526,Feynman90,None,17.269892852962613
2.458042369827321,2.103481231066837,2.5524826730090164,2.1821313693555258,1.7601607027662083,1.93389221844684,37.38189101163298,35.44385506625323,Feynman90,None,15.429060986240636
1.6263736096992845,2.149946156611655,1.821983205733019,2.3142741684740464,3.074657656073649,1.4918000303472279,8.181203702846632,8.720358531434263,Feynman90,None,15.105072646149802
1.7343047060854464,2.780747841360473,1.696360896024799,1.5138909008289105,1.043895444325332,4.1039918265927415,1.3594016167131067,-1.6772103545205652,Feynman90,None,17.09572622330134
1.5809052239217676,1.8443118245115322,1.5147927105031167,1.7384037158353585,2.123138876043987,3.8389273230069154,8.773878884351793,2.9875090699381897,Feynman90,None,15.543224163618609
1.0043976995645532,2.3384568851172327,2.8017621634079415,1.0204216172162202,2.848340389263066,1.7053671552263943,15.79032925519993,14.76869668576217,Feynman90,None,17.083139480499547
1.38441512317206,2.228248320302543,2.132297393993049,1.7807233179353068,3.0702650620478025,4.403093102385475,11.238144523716793,10.936420178819796,Feynman90,None,15.924830086028436
1.0210354484266126,2.9067216490757266,1.2392807172595643,2.289012709455569,1.4796408208150575,1.4964692842568135,10.09554760568565,12.863755555046417,Feynman90,None,15.965199441180753
2.071413241630948,1.70580608073073,1.8438142807275149,2.7867624217060594,4.615119052183069,1.6152165772842184,0.2588996527914036,-0.7108043570047613,Feynman90,None,13.955489286480029
1.1737577517607285,2.2903385671249756,1.3690264835509385,1.604636178882155,2.510821082325862,3.184153100663539,13.418986133084296,18.67467730951198,Feynman90,None,16.211437173847898
1.0564707468039145,2.9517914398549845,1.6787121673120782,2.033178006473187,2.291339775763071,2.968639524087619,14.508518536661338,7.041887911072192,Feynman90,None,16.402611431057057
2.7606666775708772,2.1953864426289043,1.2308157740949615,1.3587372110405407,1.8188238583547491,4.820322194393691,9.357557090020407,16.924162477955058,Feynman90,None,16.81256121015982
2.415532110604275,2.6280698985276025,1.7856749946293993,1.866170155394512,1.785715824591339,4.450814377161532,3.2133443923100997,1.0575080082427366,Feynman90,None,16.54579579346407
2.1743033954487783,2.363058257233152,2.4356039119603223,1.2587127763481885,1.0471747562425486,1.1578438793098829,62.090247767220674,64.77880706844522,Feynman90,None,17.03658437775909
2.035613938443158,2.915100702617556,1.8861247963517893,2.8261667937592048,3.0330051862681198,1.591969759616195,12.877747179076623,13.760460852652045,Feynman90,None,15.427831211969398
1.0591019532064492,2.1393790800632235,2.67800438635951,1.3280155688559456,4.326944478454996,3.681419167903392,22.234542593021636,28.131341062167756,Feynman90,None,16.395319561845927
2.6741207932065487,2.577479967801196,1.902776369507589,1.212300370790732,3.850856165443831,2.537203990641312,39.18465649112803,38.349934252612734,Feynman90,None,17.49150192806134
1.1891948971541142,1.5775701411410015,2.3089175453837587,1.2438685927364637,3.177853335037176,4.714867930514099,6.665148963135899,-7.156055025970638,Feynman90,None,15.833082882194631
1.4594352529070094,1.2110762788710736,1.6402853549132326,2.374658314448852,2.4079114539610007,1.339721062478874,5.8987306954907135,7.487297636131129,Feynman90,None,13.784995386066898
2.0680505870165105,1.8521794404036551,2.860858144594898,1.5840734043538327,1.5689277264619177,3.869575956898705,0.08882316794177887,-0.7095461058173401,Feynman90,None,15.889461997655673
1.2891901657000038,1.0628832752757156,1.6108499337281939,1.9749920828662928,2.1207194718242484,3.9423676930654707,3.227184069944267,4.780337252168023,Feynman90,None,14.138529690365003
1.9618944950646986,2.539136831328956,2.8785980014112327,1.9187125651851884,4.2004274301464655,2.0511140690630913,0.011338387547065093,-3.825929304292435,Feynman90,None,16.252151711562142
2.9146949271717073,1.8041643045451579,2.573264946888683,2.0952798281932132,1.7105179470458691,3.9336251304012504,0.3821445878849843,-6.5630909867476905,Feynman90,None,15.279544853670352
2.4189361918883554,2.026630420563742,1.3337024096725623,2.5063340452937837,4.529686694110457,2.975428565364092,11.300655539371315,8.244035498425411,Feynman90,None,14.850989461377548
2.3023963722540333,2.0435166582593833,2.8556936182357564,2.8973927819873655,2.7662135695500254,1.0581386662593935,2.0461207549931824,4.7699754607334075,Feynman90,None,14.277141479227064
2.42034235366675,1.4844904867322872,1.4597442932528677,1.1751884909930432,3.9493025235841657,3.067565752504364,24.377933901435835,23.47365178144381,Feynman90,None,16.0972435876848
2.8688990752903347,2.423677464905645,2.4787146691230912,1.601833522887714,1.8928911855698316,2.4816069204631566,56.428249527137964,52.380040077267,Feynman90,None,16.774287595728325
2.854451273653912,1.3869088328097727,1.8640009055508069,2.714474541328736,1.8164736354867679,2.696435977546608,13.578753239770222,12.551016270220172,Feynman90,None,13.834837822777624
2.7369184364330605,1.5185359904023792,1.8968179585956668,1.9411389849709817,4.4275260143733375,1.2408973376005767,0.03961639301900817,14.621912036898271,Feynman90,None,15.099601947537383
2.722745742736466,1.1179989554702212,2.615835722459439,2.3103602569682637,3.766476849831296,2.3998374954269766,6.4646225381623585,10.055928617423069,Feynman90,None,14.050172985006856
2.4782491274331644,2.4705780990269677,1.3431189211473262,1.787433185834173,3.338422893312619,3.3005076051939204,28.901089183628706,30.124186289556466,Feynman90,None,16.474390906461228
1.6449951713072268,2.928743468859321,1.8390117098986571,2.6791994139151836,4.100577211843193,2.6751242965408806,11.29473249719894,14.06524997315739,Feynman90,None,15.569170869007396
1.3485787937694986,1.064126080346248,1.2922986485038934,2.7023100911272833,4.227660612057355,1.04162696737006,0.7938996276407801,-2.813132317552215,Feynman90,None,13.096290148342435
1.7025533086356326,2.643522572746382,2.8961664597383017,2.611991734547141,4.142433287707105,4.387073121528296,30.065666121125798,22.12952039970819,Feynman90,None,15.317386988940864
2.5405971641488794,1.61918622901387,1.5796614730604823,2.965660162833961,1.5781084346362508,3.577329712892563,5.521229117166868,10.482910561205149,Feynman90,None,13.692960225803144
1.9686914955291337,1.9778508456845874,1.920644375414823,2.587487533569065,1.672151650575623,4.463592363549293,0.49990481595278424,-5.560584940785256,Feynman90,None,14.567589675320995
1.7472880157059902,1.9050316312185827,1.4582419693439328,1.2908182856973753,4.104765396888162,2.503590580595608,14.664814170372567,16.48389253782627,Feynman90,None,16.309392307584837
1.0516914788693377,1.892790099992831,2.950751994162833,2.2907521595970612,3.8571121668307837,2.2208233657435414,1.2223677477365718,11.308281103082455,Feynman90,None,14.68029937441542
2.5304955231693405,1.4155986148460986,1.9508525905017544,1.0133705631568728,1.8597603789027342,4.310436435851784,3.531751331312126,6.531424519304846,Feynman90,None,16.270194828131277
2.5253205611511853,1.8578960907205717,1.0771793104084058,1.4547924708244473,4.810841881789209,3.892945948012262,20.106260631377516,19.000399777110427,Feynman90,None,16.189684882227414
2.2522593811519744,2.1152264231059688,2.851930672064003,1.5043479580910284,4.260264034036556,4.521988151805688,54.161131252163074,48.295092774512604,Feynman90,None,16.382185564278263
1.5673177743178266,1.2260959196920105,2.4469319503928997,2.3093740722814102,2.1964297112420423,4.415492232763528,0.29722615684182896,1.1008166598128617,Feynman90,None,13.923783601721754
2.293298434372436,2.2938111932619947,2.5905003287820616,2.028400307680948,2.422092800717587,3.488692812390124,21.333590885948155,17.95353539721946,Feynman90,None,15.85678792091354
1.926741674109407,1.2681995909774268,2.886719323034943,1.2757010627490175,1.938107501849752,2.562381281159014,26.30010209019991,31.978917994581547,Feynman90,None,15.562719695794636
2.800962921389541,2.078075799358129,2.3161678418079505,2.8728977927682777,3.3594002220352923,2.306099564674848,17.473364832217765,17.453950562529336,Feynman90,None,14.471175906695537
2.6150192219242427,2.5033212328108663,1.4081465842878862,2.3827401676739504,3.055991433871173,1.3533904645640917,14.680078233144929,9.432251159290065,Feynman90,None,15.681909644096201
1.7826813783005262,1.781433349032802,2.954698823292241,1.1855474263502972,3.4858941409934423,2.319254860507009,16.353346418407945,10.715657867991354,Feynman90,None,16.31339429395189
1.16458171361072,1.5356893994037182,2.2248890164101125,2.981448941451993,3.944814406717371,4.205236453823691,8.153612201575559,8.018244057350637,Feynman90,None,13.247885380690226
2.2186547346169814,1.5033820457594693,1.9511084143245407,1.4218990698102796,1.6181744301856127,1.22240614584123,27.35668727375286,17.049537834598127,Feynman90,None,15.716264679103407
2.981611777969035,1.1882841260028738,1.1089003641319204,1.2015701063584354,2.078179159494468,4.64956149096,9.896036529332205,14.420704535957853,Feynman90,None,15.811072504203695
2.4400398320443806,2.220925010284204,1.5920919064050492,2.8606261707829876,4.9736421049307875,4.80452384879167,18.83616049150569,10.15897480982066,Feynman90,None,14.58780904375719
1.7397279733879922,2.124261710516408,1.9680460477322554,1.7366436725154144,1.8519482122908921,3.1144609555473233,15.27535972208625,20.28464428914772,Feynman90,None,15.938259701135062
1.8711774933835643,1.3120465061002435,2.159595946477036,1.021543911024912,1.3667588228968923,4.43659186190812,0.0881510951321384,-5.744534441497662,Feynman90,None,15.97524372722507
2.059063143096595,2.9569782305248262,2.1132532316644883,1.3153197432688883,1.5125434867089989,4.2440103135647425,0.4711232128251347,3.377780597410084,Feynman90,None,17.683107574734294
2.4282520480462786,2.9416241511082513,2.2428246955603606,1.9095860573348762,2.436594334828796,3.7574620337857585,23.8330454473481,16.477670220644768,Feynman90,None,16.88433841064147
2.4344160786896456,1.1113061774278092,2.8111175927952785,2.9328337359679217,3.2543620536020845,3.6422062478784913,14.741615280170386,14.186533065698029,Feynman90,None,13.070439845280879
2.1056793498684074,1.9937627248078558,1.948701617386482,1.2830101032220769,4.277385664933618,2.735708112314298,17.672337518410156,22.012544871045048,Feynman90,None,16.515871185331235
1.9176586143590224,2.1162463234429127,2.166240673129633,2.07769440040422,2.849725340656764,2.2040750881080995,22.52447805165971,25.11645189416856,Feynman90,None,15.473062599790325
1.4475363718904517,1.3143942953596555,2.4496488414701325,1.9156822320000002,1.81424429905034,1.3692604786444744,13.831787760051794,17.581250091921685,Feynman90,None,14.580962610496597
1.63781795934156,1.967556905307047,2.0449937737866692,1.355763433113488,1.2990386059652872,1.634233959329054,29.36354839403526,24.490163251240055,Feynman90,None,16.269346339407022
1.6223311342838076,1.0846940682513189,2.889422167432894,2.2109742362818494,1.2343333893221313,4.301349456447015,0.6791987379537417,-0.9977368057249888,Feynman90,None,13.899659657576276
2.2773420929691115,2.743438625621411,1.8874301899500054,1.6659944856014275,4.674819002251784,1.4058946091123445,0.014986068321564813,-3.8135861769514063,Feynman90,None,16.95181796523734
1.7557561701535096,2.608875210663945,2.4558442486192513,2.456533019929986,3.211226119881437,2.3220862277011824,19.010207643620333,23.34233238295443,Feynman90,None,15.51156470054349
1.1590778217938713,2.8389345185679202,2.3846239705434655,2.074217625312535,4.1217140448505365,2.5070122702237296,5.640400864013434,-10.885963821159514,Feynman90,None,16.222982950429035
1.5254499023254304,2.4606112160039926,2.7236666949554156,2.8061102748204814,1.1563772294055448,1.4173651977028672,21.943455333995217,19.058594627831518,Feynman90,None,14.76188538283392
1.0063049195579066,1.7777417804361757,1.016305715511624,2.4499570359528273,3.1698875456741757,3.177276836119501,4.662748618290332,5.375396633807879,Feynman90,None,14.292102419390238
2.8537412324434683,1.7786551869437963,2.3163180693005265,1.1702064470159235,2.8884666093991864,2.78781400469569,62.84255503133373,58.353423365398115,Feynman90,None,16.57808412016153
1.6963443288731115,1.9158936969203428,1.6496950853170873,2.7766452085870794,3.394868635111513,3.9824918915517973,11.21161200467239,8.550770723857516,Feynman90,None,14.151249072001352
2.888330945534049,1.3884284346197537,1.8207608955229921,2.723928246711689,2.948894426995387,3.8739091741519704,13.21917048915438,8.036136283163025,Feynman90,None,13.830804312740296
1.2078532236890043,2.2044935760219246,2.6927859209001506,1.9343543942554522,2.8175787408578437,1.6134228687287084,8.837976225141732,14.625640500213368,Feynman90,None,15.630716316287211
1.7300988120660723,1.2405064928611276,1.315407693944509,1.88931994417228,2.8657413373764995,1.633954384658903,7.506183298844089,5.9555307774168895,Feynman90,None,14.590205330774017
2.3726695866883425,1.2108977312077172,2.581403913344416,1.1676329506259784,2.377743899496295,1.2204627144824745,17.78119312966817,16.21490737261199,Feynman90,None,15.749356925273384
1.628770576878352,2.543969271920464,2.753990220431513,2.838325268420483,2.7567735855330273,2.4720929640179126,23.993368657148512,20.49104025105511,Feynman90,None,14.844776271110701
2.5062907924518196,1.2231256351415376,1.597679730831317,2.539381435434466,3.5739877890540517,1.6708098280003942,5.229492718685567,1.0565423383402308,Feynman90,None,13.801186721767591
1.0923358077734546,1.1701657662708465,2.401625576762432,2.530887436046595,1.4251988596644036,1.0583062870401787,7.140568345759173,-0.71522869242881,Feynman90,None,13.421539604083938
2.5544687985427457,1.7848828733596416,1.6117059082825915,2.3669600604873375,4.947281209390212,3.5134532249176065,12.232101761977209,21.273041319686804,Feynman90,None,14.7773167618838
1.854743034207622,2.035515094573012,2.9537363072479765,1.4598298017637659,2.5829180569045604,3.182956305169243,36.67654897231816,40.57549175663956,Feynman90,None,16.25427179712033
2.0412906116995737,1.0725288181028192,2.1930665722887857,2.9359933782086474,4.448592280030633,4.484435032576971,10.269913586161325,13.195448842822657,Feynman90,None,12.92627026041683
1.2007977910074767,2.7121613007859633,1.1592091950349686,2.9448445077962946,3.87035893163512,2.554537179948381,6.6094824787411675,9.138738964258014,Feynman90,None,14.805531417384076
2.504569988738117,2.3782919061450087,2.3223955450580656,1.120983172812052,3.7867111532649718,2.691146501645224,43.76299795393983,33.41464083875944,Feynman90,None,17.33203360524802
1.458272062701152,1.6396627632050222,2.9871550681313894,2.887799822130381,3.847311117856861,3.8218825705086097,15.532981171513716,18.76677717430073,Feynman90,None,13.58369726099382
1.5795487510623138,2.5133721688285817,2.9841560958057576,1.868715642648247,3.5098103827539058,1.6984019120029248,0.9843865784268736,9.470865969837268,Feynman90,None,16.20429038984606
2.7404365822196675,1.6591348196645777,1.3230074976111306,1.836495717110397,3.7742424171778963,4.242585859640215,19.930308576833536,16.294288703315317,Feynman90,None,15.431350377269364
1.5783554842358751,1.184350697122141,1.2781251768202027,1.3471953383375037,1.8076824792257695,1.704044703035008,11.126862454970842,9.81292648140452,Feynman90,None,15.272152562530197
1.6469288523365864,1.0457501232644764,1.3981281193083663,1.2829662628183913,4.103066821138086,2.4986034104595682,7.606476944318517,7.950588811961992,Feynman90,None,15.205023067679
1.8901782810522394,1.6438332972142127,1.4075526008259116,2.1623871472306027,2.8783206825020518,3.5398057333496102,11.815921263737398,15.285825311205823,Feynman90,None,14.742852804773426
2.1160454670059385,2.2031785981232694,1.5958664708017898,1.16456494689538,2.2528693676541036,2.7362433196579543,38.18947691980829,27.901246544737234,Feynman90,None,16.956772779829713
1.5899770971143425,1.0592751949582504,1.1885754552413386,1.8536892423124023,4.466022828241681,4.718393906297387,6.73458032623167,2.8359953287648674,Feynman90,None,14.379366184276202
1.7081996744528793,2.421959570011774,2.12735594215639,1.9611641065589949,3.059114613496897,3.7751693512600566,23.149688409108077,18.543295355454706,Feynman90,None,15.983168403154059
1.9722761067092518,2.994094664238709,1.605555786617441,2.8964636141127924,4.439897882637039,3.0283286339012774,13.140271736623946,6.799597922094044,Feynman90,None,15.411539428215123
1.6142849998153896,1.1050945624715507,2.0427344383442243,1.3715265190270536,4.568685726458143,3.440579955341182,10.497293027370697,13.168777879293504,Feynman90,None,15.14423729439538
2.0928424345300685,1.015405876418441,1.108364754407833,2.2662311747878814,1.8478404542364926,1.439240249076453,6.419468599040084,13.762186826416933,Feynman90,None,13.839237963462748
2.307451043280594,1.6033811206037951,2.2519201646516738,1.085234701298285,2.92403979560657,4.4726757545688045,15.395177277476847,8.506840272365924,Feynman90,None,16.35330087140023
2.3830882365166803,1.4372554653262442,2.1080073805660433,1.3187152439259826,2.782353914604211,1.878938364200477,25.182912278990546,16.719713081466907,Feynman90,None,15.819946455323576
1.3786944009606366,1.9986617001798317,1.4353333170719436,2.357704270706347,2.420184068700746,2.4377589399487234,10.539683661025698,8.22795875212896,Feynman90,None,14.792673882478343
2.7312710379786838,2.6689038592701344,2.06996622935176,1.1081976259086324,2.005341915730083,2.4515568217470287,79.63891737367918,78.66524858188946,Feynman90,None,17.772243205426538
2.8378132087227588,2.1501556761069143,2.1939537656264196,1.6700282802761048,3.6304021166008535,3.0574858405979937,44.07430185439849,37.1667821185216,Feynman90,None,16.320165174950056
1.2468933479878028,1.599442252339468,1.671580111121336,2.774342673530758,4.420916203925771,3.2215990915578505,5.336826276821206,6.4333737843597945,Feynman90,None,13.648972266976378
2.916151193857641,1.2454081728965964,2.987332317835606,2.643960675276551,1.5319047418033969,2.8486825687155024,5.673155057355948,1.5251416927148709,Feynman90,None,13.77157985962839
2.9223499711187317,1.804526105848546,1.202173909110775,2.8831464888987695,1.0161867200744101,4.832406922417286,1.4760090514121662,5.357404982078332,Feynman90,None,14.136274698876383
2.0544971369264267,1.9586626380891103,2.340273573007673,1.723636246244632,1.6553564632567666,2.4994860639097527,24.520348032853168,33.4486397833155,Feynman90,None,15.818852033837075
1.3533705154306426,2.042262562022467,2.961658311154917,1.6268136651771068,3.6435083393409187,2.3773080545444807,8.185745623230776,13.951417006945675,Feynman90,None,15.904956230768898
2.6097931060502146,2.5437581111074667,2.042493377409441,1.3210473946299908,2.0416096357688875,1.4970961235848619,58.11229121824542,65.85778520361185,Feynman90,None,17.27573980261062
2.8135948900063257,1.942274473296134,1.2141110687944263,2.205118466043925,1.0067217671781692,2.197551199054804,15.83300850019523,10.113453275082286,Feynman90,None,15.272269944663906
2.70525180387364,2.116586563105235,1.9976347482671837,2.262711312373799,4.577752051027968,3.1425278539586374,15.16664993565987,6.896388161075253,Feynman90,None,15.385330755658137
2.203370129662405,1.0836967045998833,2.4413030592268568,1.8700623021665541,2.6366067984579056,1.3664943339387707,8.145010225390356,5.174400597432703,Feynman90,None,14.527454840378367
2.8014745931680567,1.563448207581981,2.221417011039795,2.7236177754538122,2.499493091520485,2.791343276494578,21.67047633405893,18.1359642766035,Feynman90,None,14.033884763408555
1.4957512680296732,2.052389286604152,1.134519466194042,1.5940763139980512,2.0769642957482146,3.8028158345463074,9.865700419581545,5.990139665428239,Feynman90,None,15.998122388567184
2.5373629813858423,1.4113210727409498,2.265193243681093,1.585781694669208,1.8728348969151614,3.743664262221303,5.2150129117369,1.3032864672337832,Feynman90,None,15.434097054545255
2.767117194147544,1.2591354115370017,1.301517845900586,2.4901514785776726,1.0149161452686424,3.192981079007685,5.562399758590674,4.311141205969691,Feynman90,None,13.978442655199443
2.6071195079635063,1.5904067070765795,2.5887029640938817,2.9900289879853914,2.568471815116443,4.580533672109825,0.8710987956841773,3.0536075021056157,Feynman90,None,13.63620527352548
1.0913690654066048,1.8954994283738038,2.030972238571127,1.5497211863351397,3.6171671272118777,4.758209516312758,10.652175386562456,12.626176904777067,Feynman90,None,15.77024783364384
2.2766484029407748,1.5998326115511368,1.8603218272841975,1.580169341456337,3.966570344592732,4.248792321140197,26.329081582756963,23.922648070947925,Feynman90,None,15.622124863908349
1.5720367302277787,1.6508766273766624,2.347546399773434,1.793181902805449,4.688228507927914,2.422007839362209,0.6472120941851498,1.5960828845765451,Feynman90,None,15.215555055341252
2.5814516456162804,1.1293224310684007,1.8078139946655192,2.136908240863809,4.14297543929925,2.314061782262872,5.63178061691645,6.4596784009759585,Feynman90,None,14.284315060173412
1.1657419159315083,1.6269775980302585,2.9265805678261687,1.937863818002451,1.338333757046147,1.4809969135900953,17.737119048913286,25.54518037463969,Feynman90,None,14.881521922634812
2.0939532094789524,1.767090835782614,2.8129654709937713,2.1682882309978124,1.804053157645595,1.3545782882162438,26.35159906903741,22.877289878620907,Feynman90,None,14.937806370720361
1.6047828631060885,2.333760444543978,1.6256131587859084,2.7445910418628143,4.338549805427494,4.071927734020257,13.720898480181555,11.680868497669103,Feynman90,None,14.708228475567898
2.180497306630861,2.7005580906417492,1.4483792479094098,2.660689421000148,2.6768467906097078,3.581630200139311,17.41848096756382,16.99169709199168,Feynman90,None,15.428853734354139
1.2946780479506668,2.1758698447636045,1.9680890115358562,1.2863998312622924,3.3608326594420705,1.93613834731803,13.388493569254386,15.6712915953356,Feynman90,None,16.5563190380064
1.7508970583031145,2.5565400175338473,1.9441575905261452,2.2563840403585287,3.2763140725266173,4.038533514310803,20.110835876051823,24.997876482218615,Feynman90,None,15.734893442966214
1.1194600990742258,2.673258179625609,1.6101827419261345,2.566729567489163,2.756745593263271,1.0522750378728767,6.020354179649802,13.927203146058527,Feynman90,None,15.287128581450395
1.0349443576580224,2.986344378803062,1.748765714654173,2.141163203076208,1.885343968678483,1.864969389546947,15.8588857575716,15.411836718668752,Feynman90,None,16.284608788811273
1.3846405258256853,2.192411262704188,2.5799774814024587,1.4156566561429453,4.42849202562094,2.074050660477293,0.04091545180701779,8.118965663466017,Feynman90,None,16.410082393410537
1.4454214532095973,2.603956630649254,2.1079219366832214,2.245025894308033,4.022848090471131,3.6038165929496886,20.79788844782851,21.01397689024711,Feynman90,None,15.741568481834026
1.5447116990546217,1.7541733371210062,1.3433287469530524,1.6759062369349773,2.9172821245220284,1.7379380056746383,11.020950931489102,12.67721765731661,Feynman90,None,15.511151154600233
1.9097540504181654,1.672184175162455,1.994375158185968,1.4301963281201737,2.878359155593058,1.3632789338298021,12.214183188652692,15.733065813074251,Feynman90,None,15.847941246813358
2.630074010559422,2.759951924990907,1.8449351345234943,1.4017241165737595,2.7977201304569386,3.275444885113995,56.24316628190085,51.693607939074255,Feynman90,None,17.438031843140834
1.243883980863797,1.292333215255439,2.121694215602425,2.288688432505062,2.962242911406073,2.2800504162655537,7.838646710815033,3.1558083193349535,Feynman90,None,13.963830749735038
1.8821841578720195,2.1494051614247374,1.7121543678042725,2.4955434145410127,3.405813526747296,2.572599560018033,14.67546856803536,16.38051956985841,Feynman90,None,14.899570218081498
2.49423963520389,2.748703741731047,1.7584770681033062,1.514104160379536,2.9676823026434045,3.13160031311526,49.6841511947272,42.82559026111002,Feynman90,None,17.229149034959395
2.9420801000232015,1.5434843002596264,2.0028437367774448,1.5857399958910023,1.476203077031475,1.6532632515355354,35.66116670395982,27.733756486567756,Feynman90,None,15.695152892886199
1.9696573763899055,1.9132807831052505,2.518600988153742,2.7885848645483673,4.865141825684436,4.373269367147762,18.78684823863886,15.88913504097588,Feynman90,None,14.193320553850432
1.3633941783569183,1.64186853822682,1.8588055112942148,1.3754184740231143,2.1973368632337906,2.6474520518405016,17.92480658187825,19.6659873730864,Feynman90,None,15.763585462466626
2.8328972195155866,1.7724480034781416,1.0810707275414142,1.0561222024968837,2.600053767200114,4.23210640448001,24.739192494505204,19.809262634152596,Feynman90,None,16.731272825537133
1.8104337556784285,2.5079831291223407,1.094200974747483,2.7448789472229556,3.190485108795672,2.257037610916563,10.417704330257491,7.230472047160497,Feynman90,None,14.976585618456125
2.9021597593343644,2.2223720843640025,2.6930027681582507,1.1855856148923722,2.223375192437437,3.3779312833562107,38.07714560360501,42.18649181361428,Feynman90,None,17.131113111043557
1.5726270358225207,2.2519617030395764,2.644662653823045,1.4260659115033805,3.7276335565355843,1.449836841597202,0.07596297488202348,-2.1694645854357812,Feynman90,None,16.513840410806086
2.089440157738732,1.4571571834282318,1.0149057958689789,2.57662565092412,1.84673670751243,1.1862720435984886,7.257182548642307,6.46545281987052,Feynman90,None,13.948943180750796
2.468211473593575,2.6104941299695157,2.589980299124745,1.0355903962057236,2.0273326999272054,3.2712366823066583,38.95740875696482,40.07724465760147,Feynman90,None,17.743129260602622
2.432643308676438,2.9481991872097324,1.6258696179208791,2.217606825544435,3.3646812674586553,3.2734296369585034,32.977635707918864,40.854527543198365,Feynman90,None,16.445873226428986
2.8884640020778285,1.1321078125155266,2.5168627738333766,1.90589304653642,4.798698687494952,1.1936999104472141,1.2780353519478227,-0.522844220409052,Feynman90,None,14.694223530375131
1.5738191761161078,2.735562527263488,1.4023793504062323,2.1350528878384334,1.0391133339710357,3.7648553838024474,4.321672214715333,3.7197904297842226,Feynman90,None,16.09830222833093
1.094069018958748,1.1293784159277493,1.190660773263303,2.491453283820979,2.7492613773573344,3.646098412200986,3.370797573187285,1.3820768153726812,Feynman90,None,13.427402142660798
1.7578276195033262,2.4255951619846168,1.3193100283341304,1.4588762410808003,3.168100245042565,4.729569262300146,16.783522932170825,19.49806203188689,Feynman90,None,16.729468148753607
2.9533644531679,1.3729443098011582,2.9695096293446914,1.6779554834675277,1.6283079471985094,3.412427567399836,1.4371073922459128,5.8813657507218515,Feynman90,None,15.346796323644863
2.9746899298138336,1.2060803268777653,1.175021862740241,1.964072413912276,2.1365774624533977,2.445207946261645,13.338942664292395,14.188876777656633,Feynman90,None,14.723504035648377
1.000719434467381,1.1933354097338025,2.6753267669855996,2.8881669264607766,1.612663543306022,2.2653664237835844,5.3543563793701425,9.441063173507112,Feynman90,None,12.910516602915978
2.5509571210354847,1.1233797991486807,2.4867333716381594,2.957776619614468,1.5535306040514536,1.2974737820649414,14.633562684032288,9.331142411158572,Feynman90,None,13.076287136459936
2.6733991448232777,2.5053252107391786,2.632019571366814,1.437305008745336,4.915206245735426,1.2611200976403771,3.3016267887054824,4.198339311024278,Feynman90,None,17.072440714470922
2.787327710251351,2.3794736371706606,1.3072251147292604,1.174141699985868,2.6649574627590695,3.6710887614776957,40.08159273050581,40.555006421504544,Feynman90,None,17.321170532540542
1.2942323861107976,1.5413764533630987,1.7517616405219363,2.535365209526441,3.3467485422309498,4.455931445783472,6.256408713886684,6.407346395155005,Feynman90,None,13.933451531878998
1.6645357462297088,1.702523776896676,2.6746217219287827,2.252106427192169,1.7572126501802319,2.2680233848979894,18.05523301364645,14.302666672838633,Feynman90,None,14.635237268781895
2.0578111148102742,1.734734115004473,2.1657597576530385,2.83389541417257,1.8678366811787734,3.2396840490344028,7.7110314996628695,15.280412472248445,Feynman90,None,13.920626868802639
2.0684405921364237,2.185323072098619,1.0361242345320822,1.34653659720754,1.1754845043360116,3.3297049410075634,14.160820702525083,19.601879990272195,Feynman90,None,16.658565159024846
1.6572330870085266,2.558611579267349,1.8148725844392144,1.319800910259444,4.630916359246248,3.7565730584397867,29.56538492383985,29.493806214334434,Feynman90,None,17.077730595405246
1.121682040531636,2.8232788802731483,1.995223140324213,2.3850631349913396,3.2903074414194786,4.684123931308044,8.33228672141784,11.907218433802525,Feynman90,None,15.742546058701777
1.5465578915444558,2.469219998043177,1.9689315567466368,2.7225884902530173,2.109273241703292,2.3011393762887344,17.14681277556684,13.753561745867408,Feynman90,None,14.899112693035685
2.3860539374825533,1.5365604938159612,1.672853633295919,2.214740966286591,3.526097577704351,1.0312857717555648,3.0233316173274396,1.4312656318233756,Feynman90,None,14.644171271294438
1.10435109084959,1.0514231870424178,2.141961142636573,2.2175413991935065,4.421614776030754,3.420386175133543,4.727823454545703,14.01365500364604,Feynman90,None,13.728871273483042
1.6410399675496552,1.6243442867963187,2.6329302030511563,2.7200287899093216,3.3107415690026443,2.601827958877486,12.019302228645055,12.89222224520187,Feynman90,None,13.850104902172193
1.9052152335311845,1.3288601822391835,2.2919436349210667,2.439280810553136,3.912560106533132,1.9176269547004337,1.629614173049631,-8.043769784890468,Feynman90,None,13.943177484446387
2.609113421435162,2.8794829405676916,2.2584025667380443,1.6299163406129318,4.147965641535703,2.144598668481676,7.584632179259996,10.493368808404117,Feynman90,None,17.253454813189006
1.7866945250178539,1.070050419002919,2.3701402785870487,2.03455158113737,1.1294684550963896,3.1089676030497797,1.2978000558605183,-0.46484684172563484,Feynman90,None,14.175278428518686
2.425065088796692,2.3710628403087233,2.276336823310206,1.6010917227822687,3.374803707676291,1.2531911964720188,3.889796083305526,5.970580768890908,Feynman90,None,16.606550743079964
2.36311768402624,1.4880919614025856,1.7331053839212345,1.5222043136552008,1.4640527597239479,1.4944749202625025,25.150487167813548,20.452575139243233,Feynman90,None,15.584154574463374
1.7401152030287146,2.912984893559341,2.931725546371087,2.3057529061655417,2.924901849409109,2.729829695831405,39.403722888292684,39.879193647205646,Feynman90,None,16.113928665710148
1.5413668462199017,2.35406188414879,2.8654505291367967,2.3413120879295373,3.5284655807437475,2.178154747517529,6.510901620951938,5.935946782379565,Feynman90,None,15.305816859025494
2.1223548403406083,1.8510697013572057,2.0348409937432512,1.626793019398021,3.457222777395841,3.927457155283838,28.59083373410587,20.10370205417791,Feynman90,None,15.838408509356368
2.924105952968018,1.8411746476748747,2.1889382827315496,2.6360068705006254,2.2231120351373623,3.1472999010533713,19.72586225865908,14.71382021260632,Feynman90,None,14.542602565270208
1.3428071318140893,2.194796074874821,1.9837850002616235,2.0653263418880203,2.2549702460566388,3.68581676432807,8.62909398325439,6.491569720886907,Feynman90,None,15.458948359036773
1.575668259333488,2.4659116665469853,1.5977012717993426,2.20228978143242,3.527490029428742,3.6822730142922793,17.620931238704717,12.548728624775883,Feynman90,None,15.658057097934766
1.2086184619315747,2.386172462760647,2.5434368806348244,2.1520785567162215,2.8351413945528674,3.003898330691088,21.088996709442874,24.088562546282066,Feynman90,None,15.54538038147979
1.7579371550931564,2.0638793120045706,1.1373973489319733,2.4341103435533924,1.8307504035485875,3.963150406220002,6.353484274094888,1.6181147848302002,Feynman90,None,14.851598289453637
1.6978214586828504,1.4923082240932493,1.6346823734932239,1.448021272591165,1.971303110007629,4.36363346680238,4.038939189546728,2.771921001407388,Feynman90,None,15.544618071999453
1.9989493696744678,1.0265623744243537,2.6543503281564442,2.4559293590276052,4.386783904852786,1.4608015293697347,0.4217092970389639,-2.4919175985947013,Feynman90,None,13.556063416461411
2.6737289294906708,1.4463660897607415,1.9279312387309315,1.3270454315024833,2.89661406172678,4.08353156998095,22.348131645919437,18.964551480833304,Feynman90,None,15.886153001815403
1.5270315919061284,1.7374693535653507,1.133054378473173,1.7046137026300148,4.502921021950806,1.502686264526469,3.7720705896237936,-7.003049598002355,Feynman90,None,15.444111153040406
2.4731971307829017,1.2402095589547593,2.1102384512961097,1.407717152711166,3.746710725177716,3.1008027081478544,24.68540051380718,20.75892789024513,Feynman90,None,15.460652892754661
2.7955661461015273,1.1252057273276617,2.3306975327621187,1.9802969961799985,1.3655152254833895,1.1562919733995867,22.804164997526804,12.55294263438284,Feynman90,None,14.55594008033324
2.9098153579438883,2.0623725611968853,1.2062286603583787,1.3351635278602254,1.8889722386895484,1.5361712396595024,33.553934362094594,34.00621569007363,Feynman90,None,16.711927238122517
2.6053390125368248,2.366309497614815,1.8603403323970722,2.0877805936469214,4.226386797720399,3.033645317838198,22.485025818765322,19.699965711634174,Feynman90,None,15.934295120388438
1.3597219359231016,2.7216306011498754,1.0804325234939778,2.2427902824534893,3.5446607359859676,3.660866452160681,11.186585928417024,14.15597392810222,Feynman90,None,15.874787049325787
2.8914770310741975,2.80142600209283,2.3096727698914714,1.5084823639430127,1.167051547695284,1.2871669697876635,77.42865395203113,83.28228056337599,Feynman90,None,17.39557611293275
1.312716106046879,2.4362532531364653,1.9968858243454466,1.2616469578406326,3.217517211889845,4.431933093137006,18.972596243427198,16.10599954356066,Feynman90,None,16.927577039858
2.297142855065122,1.3671117358202964,1.4828803946925382,2.3926157232680003,3.7503733105285146,1.9272951182373337,6.377146476232137,5.815854822565951,Feynman90,None,14.149656171813465
1.6784990367811095,1.4152720685236853,1.8022927409362413,1.9875976872836418,1.7470997185888129,3.127471944904032,7.8451209687405825,3.662126309423206,Feynman90,None,14.65771922123409
1.1942344217832879,1.8006769148207895,1.1274226571188661,2.1094258972146243,4.1443513129298974,4.888128623554546,6.808138971770854,4.0761078133004816,Feynman90,None,14.85951993593226
1.702160953465732,1.265015996891893,2.6953955516074255,2.9417709031639974,1.0379776251028234,2.731167102003057,1.3665211430613344,4.066137990706915,Feynman90,None,13.084789955398307
1.463572197025892,2.8115431692584236,1.6800078484143022,2.8956374272572862,2.6173308887647173,3.9484767292547027,9.702905558502387,9.937076757508166,Feynman90,None,15.063791379807077
2.005533731750783,1.978774278004852,1.7401244090911063,1.365261423432962,1.4748508993598146,1.020365089591912,30.158876890033667,31.930176458524226,Feynman90,None,16.354230666862218
2.1104712135005723,2.624420754911173,2.8081332777666694,2.5070890450587284,4.983107332427339,2.3690973392747727,0.7361195250892757,3.5572191272822735,Feynman90,None,15.539273426420705
2.440356113783567,1.777097049735456,2.3555522940269618,2.476094629487033,2.2062238478837455,4.3178066289532,1.5536769989245383,0.2484779388602103,Feynman90,None,14.58254331642274
2.556366906945752,1.829363777766199,1.1544240440643128,2.9922015061539464,1.9686651656299161,3.9233246699235913,7.272437835141582,5.234501827698234,Feynman90,None,13.92527356289079
1.379498857688796,1.2828802135948658,2.816717714859169,2.2479676416763024,2.503283589350321,3.5799063872168215,6.042198609846902,3.37033289530895,Feynman90,None,14.042151532440744
2.1630417972339235,2.134344337916592,2.0542514227027455,1.6062041817738633,2.0477431016976007,4.4140635124394345,2.675074426208027,8.977507023330203,Feynman90,None,16.23792318410495
2.6090804572970967,1.6276817404157895,1.7270564833820692,1.6297604543136293,3.9016553216904146,4.33578656941941,26.97605285105134,21.31573541147503,Feynman90,None,15.661766679289908
2.6654892443822797,2.1989171433647887,2.6029007262036603,2.1774816982303955,4.428802099004411,4.9630549737470115,37.3696370249046,47.59634323937892,Feynman90,None,15.604816786545605
1.120857960498977,2.758662551402668,2.8237454063165606,1.0669741457259148,4.0048752820764,3.438150038257269,41.338567864449686,35.29025238173769,Feynman90,None,17.576568648041402
2.346597781844724,2.26615504290952,2.5403403944197245,2.8136162112477976,3.704303052689304,2.6844487886007977,16.648268616023625,19.871600661013275,Feynman90,None,14.692221628815872
1.9070915546453986,2.7218253929191,2.236935613656816,1.0185494068628063,2.2804952882158442,1.1779014109700259,41.931734108399176,42.248916026794035,Feynman90,None,17.780649696672103
2.1721312894837967,1.635664596493494,1.9324014164859595,1.5466986249145365,3.723264040060649,4.5467103266117785,22.480203846867234,15.23830665533825,Feynman90,None,15.69235820091271
1.255126543768494,2.457585026169471,1.7039953053373924,2.0296547276884436,3.880021773939635,2.01516089687899,6.443336620753813,13.251360556024077,Feynman90,None,15.82486676541782
2.1284732094342207,1.8378072016081763,2.5660958006181662,2.9725387069743126,4.378805165539292,2.0576140699598704,0.06329741619070059,8.775268759128823,Feynman90,None,13.866353400701163
2.486104546026703,1.4396733582466597,1.028330545510931,2.5883779408561693,4.820912995104658,4.182381204993953,8.618028069948897,1.8515099741411438,Feynman90,None,14.000697582959404
1.7056476207776747,1.1960009674920917,2.447086280148954,1.9269192830348174,4.914850608588459,4.980544057136085,16.242429151309675,17.2634877023381,Feynman90,None,14.473327991579344
1.0988902379684962,1.0405909944793232,2.121014453966411,2.1366285876581634,1.4257424750286667,2.15846811110659,5.807462012465822,4.395629343120987,Feynman90,None,13.831482309438508
1.9365615883308154,2.184441545962647,2.109326817497889,1.6763803000481157,1.858414655735943,4.528993739255526,0.4299173200057159,9.278003834213958,Feynman90,None,16.14760116402671
1.8154872387211374,1.4614997837762242,2.205192525293944,2.6269739249146573,3.0834615733947115,2.882916961595004,13.76806410794185,12.899714926900446,Feynman90,None,13.818363642844549
1.494368955836917,1.7969830559655833,1.0944393924851634,2.141431321692622,3.420834726530452,3.6244106838236574,8.587602992728085,11.912407213241902,Feynman90,None,14.877201203900043
1.0393052586498175,2.8660917901877894,2.8666148855207387,1.8441395578430757,1.9881111988629843,1.3886947836707502,22.60336065159241,18.35624169463007,Feynman90,None,16.564531639862288
2.2661474949222806,2.645407287395439,1.6286435290432693,2.244667756716146,3.863743059732107,2.826561774872807,21.418734332596937,6.57558089523315,Feynman90,None,15.983242632875905
1.4490636468852005,2.9327183478550403,1.7193953314934678,1.6820107203436783,1.1822945476914666,1.2883550834907282,27.219540616904002,22.552862383478924,Feynman90,None,16.9790626304953
1.4584804172947796,1.4934281859762768,1.8467750207998141,1.1278676170683537,4.499710089983205,1.9240313746991773,1.8930534764579232,7.139410793623062,Feynman90,None,15.956563690310757
1.4135902626564423,1.8143790136590119,2.6541425430969467,1.8640209247601123,1.0181078690517742,4.523185499542942,1.056596909848069,-4.096731466336833,Feynman90,None,15.284106785499077
2.1350551570410534,1.1271757399867326,2.2893336142324445,1.4747319127361176,3.135698154821553,2.976782609857283,23.215663944506755,21.61737383761497,Feynman90,None,15.141836726588204
2.8988515157215846,2.52796545184767,2.1995799116603765,1.1809214758534983,2.5427482501074663,1.8022153071528173,68.40005004587356,69.96411783064562,Feynman90,None,17.52575567985243
1.519984596375772,1.8204390866129176,1.589985526686811,1.864623795148888,1.9208618488908806,4.978704959497444,1.0674557008645338,2.8122623519184704,Feynman90,None,15.315365114217556
1.4256455430055786,1.9615079017823878,1.0551975518132988,2.7547374109552036,4.889521982164197,3.9486961032990266,6.1953891081591825,10.305247548049916,Feynman90,None,14.178954900498686
2.072687408653633,2.6422456078340373,2.3036837937496824,1.9839838314226594,3.084873084893515,1.0128740840643222,3.2940714033341747,6.727987719219596,Feynman90,None,16.313814167572584
2.081334765885961,2.7719255675495087,2.9871997475257857,2.320282823767546,2.680228664240275,2.7890095011781204,46.25959428454464,49.718417613701874,Feynman90,None,15.991764226182243
1.038275280895258,1.0757572545557494,1.8487111884955987,1.2313784147247229,1.7127360084550975,4.150881293648734,1.2482856538217193,1.7604787776023012,Feynman90,None,15.178438758731854
2.834084514918378,2.538651020650788,1.7348071817366377,1.7360902046297662,2.9389312952490703,4.469698976219082,24.138588806107542,24.749658160897226,Feynman90,None,16.717307842196917
1.2729164533835338,2.9412893031405964,1.5647554298864355,2.3117419648232445,2.453795087643707,4.890450322231846,3.906131455155814,3.2625435943646157,Feynman90,None,16.033945389676312
1.3840880726461267,1.7106940889520914,2.807692322932036,2.3619614430010776,1.1685257036984544,4.216175399088932,0.7953051230305445,-2.44899793519929,Feynman90,None,14.421516520457951
2.4690233605677636,2.284616044418395,2.200363950208457,1.9689717648939298,4.687484970097361,3.738284188406544,27.147396980867928,24.43305393939494,Feynman90,None,15.971845125992127
1.5083743114661723,1.7295452273463796,2.0861077624214914,1.2432380562695688,3.70281654086687,4.187700699012366,25.23785850323349,38.035530633948625,Feynman90,None,16.100549756735454
2.605998664833349,2.442014147945119,2.0018526771933565,2.5953643637139177,3.3919678826925304,1.4430904429923226,6.990688089753445,5.164520476859394,Feynman90,None,15.292738199671334
1.6899171538057,2.9870919077678493,1.2063976991590997,2.940744005414354,4.7763975283035975,4.755292256856901,13.01079055367834,8.518381646162439,Feynman90,None,15.273423870876783
1.150543796728998,2.503951185835297,2.5237432941558957,2.865076114917744,4.604110183330226,2.220846772628215,0.03156961063158287,3.313490747779531,Feynman90,None,14.645189819878867
1.8448697387127069,1.7314112686623235,2.5123073354551004,2.7877866028854204,4.08917348821412,4.987065354411207,11.606235002485034,10.152687140760397,Feynman90,None,13.934547377022682
2.400511112980773,2.615630441443879,2.1913705453164454,1.6695156070908892,2.8804528849395177,3.2846951148697343,48.48386819204285,45.499368882200365,Feynman90,None,16.812445933669057
1.474324161926897,1.7567890174412613,1.5668095928662766,2.5994409760915578,2.5702550270677365,1.5745174927877348,7.974067136728846,7.79820589686767,Feynman90,None,14.155579294830815
1.4903990741334605,2.863710532081999,2.063851602643318,1.2153494309889241,2.8363023130481055,4.423971863981171,16.88837465629811,23.536304323577717,Feynman90,None,17.579280672341707
1.338252810524008,1.5015270005246693,2.7665580735596325,1.560431875941201,3.044895270665945,4.280720521330855,7.513310096609729,13.687629801437517,Feynman90,None,15.310348659741491
1.3190689398053426,2.8826479540372056,2.0647524560117665,2.583706523730626,4.3939160458456055,3.6567245258473124,15.679539272459863,17.235218013701267,Feynman90,None,15.57455609739694
1.1178332182539046,1.0650381096513644,2.8293371621592227,2.321637048481003,3.7114444294228153,1.6686013884976738,0.06767510680003858,-4.848918328098292,Feynman90,None,13.597935070033289
2.3136562670940872,2.7517023521052737,2.828992014024811,2.6769748341781914,1.5630176899114225,1.683411708887863,41.86635969105012,51.507100930902816,Feynman90,None,15.5007898458155
2.032592545757473,1.5107626700105121,1.1384357936310514,2.718333377933379,3.882866875577576,1.2615859159766374,3.6070672968602793,-7.729737778619402,Feynman90,None,13.798030130750758
1.9672626454325264,2.995336697804504,1.3420158437389305,1.1162620276179305,2.0175726935317964,1.9493636851134513,44.48115761239175,51.10470429510633,Feynman90,None,18.000222114397445
1.4221336194962446,2.1772135629139995,1.8762513560861707,1.2532199199001344,3.856742236931737,4.095562532963511,28.64219499701572,26.916277393266405,Feynman90,None,16.635532680762832
2.433431760737011,1.786537118601472,1.7936265373726712,2.8566939130765503,3.7062234266594096,1.320599169753998,2.660335816859012,8.325437916797647,Feynman90,None,14.039600776518395
1.5797921729963764,2.8976261354552677,2.809205447785918,2.0242829106114355,1.281079441308652,3.705248524387174,0.2333845325200362,-2.073575487653488,Feynman90,None,16.466818732862855
2.9646314535682294,1.48219204653945,2.3317462523245034,2.6134521073844317,2.672423496924709,1.1576149204543635,7.600394784760751,8.642473207261654,Feynman90,None,14.128184069178548
1.5807106768619628,2.593596465646837,2.0910315034857376,1.1891384386532786,2.573601501986225,4.057676886705346,18.807457580680172,21.617797714930433,Feynman90,None,17.2946226320784
2.0646273762128504,1.3688775322021494,1.7813866044770073,1.7107922093833248,2.168214726263405,3.093453449552503,14.665725766740321,13.656674420370429,Feynman90,None,15.089826214343946
2.5237944320166705,2.809010899598139,1.4653340021974166,1.474714997237431,3.2833171588991097,1.6545639148277544,26.858813506845873,26.939215739620703,Feynman90,None,17.369895313897917
2.544195558739064,1.068005367860691,1.2478917961681066,2.1350026410966865,1.0534405706809458,3.7627266702680378,3.4422802684415634,4.151259163938729,Feynman90,None,14.200555082660893
1.175464143947796,2.655677176356464,2.621833087410667,2.4183059759061685,4.939429471129607,2.361788869812439,0.10307053455680049,-0.1111213649887387,Feynman90,None,15.493424355684706
2.508021350688873,1.8463783091291188,1.7018948932856064,1.8953300416148227,2.078933089248293,4.1052348152808875,8.582133528079796,11.672456471894076,Feynman90,None,15.530563728331579
1.9180150442605046,1.0893597458959223,1.9936168428938275,1.8364182128351816,3.767340221800472,2.4453336935424392,7.692724637096496,5.301941229863356,Feynman90,None,14.518053615084252
1.4513824627747798,1.094826066842218,1.4772315229973734,1.5704075828779303,2.6724781419060997,3.1368903723420245,9.029050839170758,11.733633127861218,Feynman90,None,14.80462066281836
1.5642614201560958,2.267597607766753,1.4513915777565447,1.5862716570927164,2.860429027256574,4.588563591543835,11.708235417390968,9.929433036323298,Feynman90,None,16.298878818270477
1.0139274480220914,1.6089579188910696,2.310664368708623,2.3161525361304998,4.6182953097374675,1.9943083243644248,0.013412915114864365,5.609736663078327,Feynman90,None,14.273751143744093
2.4183783856893055,2.325191097576777,2.9440403093434404,1.428903536167803,4.812642452708413,4.335903662675415,61.602946806483345,62.2285014457166,Feynman90,None,16.797027072647165
1.1875774046721805,1.772843464807288,2.937688747810517,2.4325419836019453,1.4651684192838976,1.010813624626207,13.740272864307704,10.02502948371565,Feynman90,None,14.352814139356509
1.6891532807992493,1.1395335212330788,1.299989012514195,2.4625079995055286,2.7507676759859647,3.237188846984663,6.174733859348141,4.404406423783153,Feynman90,None,13.61903326027836
2.3506378917862336,2.2305724024065974,1.5037672509493547,1.3101609355356008,1.6225298111682593,1.3158512613560762,37.14728203762856,37.83193133355279,Feynman90,None,16.833788713236988
2.631129333040203,2.6761442988783575,2.242555445437681,2.3232546648170755,3.122459770545376,1.3734716783803549,9.496574357987356,23.966733860223044,Feynman90,None,15.991873255087894
2.0608430134377826,2.280313527088725,1.8787182112097573,1.4932336452529238,1.3719080250611744,1.7195557750916937,35.84754849180961,43.890106092257405,Feynman90,None,16.564335108930536
1.8783262240601495,2.9840700270922786,1.8567823711724503,2.957710592427114,4.605557273542505,3.2413295642412705,12.545533744516602,20.868064608996676,Feynman90,None,15.288172426788462
2.862617377594489,1.7679383284816432,1.5178047894643818,2.2152025426404647,1.9587332395880108,4.0233572193853835,8.874669933191983,11.98564244380024,Feynman90,None,15.04716229355497
1.9348621376716402,1.0040286938082348,2.3038143394953705,2.151730785323428,3.2624894588519116,3.435739647590965,12.896215344920622,9.228372387753469,Feynman90,None,13.95497056642512
1.1884525210105836,2.9856009397956944,2.159002272038628,2.4308611562871,3.6223556318244743,2.4454381009523534,11.193782250446304,13.671033337819788,Feynman90,None,15.89771434404865
1.6287411594732266,1.990595086697152,2.948508608999811,2.5819390940563154,4.2140106420115675,1.0271073321527289,1.0536649979549393,1.7963803817559039,Feynman90,None,14.513809698368371
2.8262751806421003,2.5079308854516076,1.576385607347651,2.5339139297994233,1.351506703691563,1.4026304403769911,27.691431641549073,20.14955289367333,Feynman90,None,15.51648363253423
1.777064527607249,1.568030318841051,1.6756489020360124,1.788941104397579,3.0365872493743105,1.7229370091995087,10.759328999266481,4.538611120110441,Feynman90,None,15.163440627842046
1.7358647333355954,1.3607798095015433,2.5927128142516507,1.43103910903085,3.0381704341486215,4.977564470474318,1.4662221700406244,0.7089106135696476,Feynman90,None,15.410779768906135
1.4806620231376282,2.4849737651254804,2.9662583848500956,2.9915218556107916,1.8296156646813007,2.451913541960581,17.11019926250681,19.0071692495479,Feynman90,None,14.513011873439963
1.1962560674470644,1.7755091539807426,2.396321900960334,1.3001200837137952,3.5971329623964445,4.434666117892507,17.37307972700582,10.035723420900581,Feynman90,None,16.00463718431034
2.778470538825541,1.9151465243917731,2.778841708497669,2.766044808912347,2.453635300644412,2.114310762430586,31.172545575346767,25.876695886604708,Feynman90,None,14.414170281712986
2.666159853473162,2.726074575787168,2.756628720761401,2.937097687793305,4.142744745047886,2.215271013243782,1.319567123580664,4.381479482380646,Feynman90,None,15.170939552032754
2.2807189441551663,1.0273015053602421,1.8915955646229372,2.8925278462486324,2.8522726602189272,3.3525661005286858,8.929818850105885,7.153434260080242,Feynman90,None,12.98692339025856
1.697144273998833,1.5331709050497424,2.983981216437562,2.719517540161142,1.1923622027936713,4.402548125192972,0.7773407413746759,-0.23859256048069033,Feynman90,None,13.747785482001673
2.1110467641350956,2.964485783362564,1.759502770504228,2.9916847302970355,4.147822913467867,4.0152851733486346,23.021422965971166,19.518535313514867,Feynman90,None,15.26730526126797
2.309003791239564,2.5147974000598587,2.752293599897901,2.643486235495727,1.3776585665551448,4.895577270515643,1.594047401904102,4.22312252445732,Feynman90,None,15.247140677232332
1.3379488505032653,1.9303613532938821,2.6829248275540682,2.7699302557179974,3.2288711436250326,2.0236671829372552,6.000710460950703,6.29920320495233,Feynman90,None,14.09712188726727
1.1105354635650446,1.83814218678888,1.9928384598973887,1.4970697986621893,2.672930096795669,1.039306032049974,6.422768984986313,5.93388898059826,Feynman90,None,15.77825798386835
1.5476048383191476,2.0433090452099423,1.45219288363179,2.2725944612180538,4.550233414766086,4.861547626104594,12.481501367891495,9.266109966975545,Feynman90,None,15.011975968844716
1.1300624852741097,2.579332910322343,2.297167225142739,1.1719635223149623,3.580348907963703,3.8481260519758824,34.78008541506293,31.82813197927569,Feynman90,None,17.19798445352369
1.9351497861792888,1.4203313302328486,2.218621287775953,1.0393262623893582,4.085233300165905,2.2163568037044836,6.588656494211633,15.737093321693727,Feynman90,None,16.101782908103967
1.8339283141779876,1.6573630564833375,1.7003562075667853,1.7399544628545425,4.211769455600221,1.5543737888731761,2.180396183238639,5.839459080430052,Feynman90,None,15.361322704219239
2.4872654094126276,1.1945114403099284,2.6460502347403976,1.1486648053474429,1.8413200277030528,1.6457884377935184,42.05207222628399,41.0741548889598,Feynman90,None,15.782408167717486
2.4735408857058654,2.8363891648457207,1.1123270020871987,2.8186377796390376,1.9844970273805065,1.2549527872047292,16.46240298588839,13.952286660851502,Feynman90,None,15.439229898017064
1.5180496317609748,1.8020291597235667,2.7989248033130387,2.346867650176861,2.388092368414628,2.932704976184284,16.82464722760596,18.69329820068524,Feynman90,None,14.590369631349795
1.1294464409883884,2.8262843345527617,2.8782071166133054,1.9218757903822659,4.759600865925533,4.978392375499871,29.05751714367365,23.69036252581168,Feynman90,None,16.421583893611725
2.2891584354453025,2.162378504785411,1.6643542306298147,1.0417044052464304,4.919970148376393,1.125200082344147,0.0013283782902830886,-5.156420199485071,Feynman90,None,17.12326287391657
2.3155441162933927,2.818359466957304,2.0400059858620248,2.489827551472023,4.228717201522963,3.707807854318533,30.55140647569631,43.49209901437173,Feynman90,None,15.858086016057694
2.8123183942595915,1.0073088088787214,2.2561829308386647,1.7054857534462335,1.6757893425634323,1.2761431722398693,21.99414829689677,26.901635896643064,Feynman90,None,14.809408728742692
1.658651874779356,1.7595805087052478,2.3622502067025297,1.2531329412346661,4.702478215008574,1.5842225149914007,0.6768963025012458,1.8758947263618069,Feynman90,None,16.158863159753672
2.3072521436850453,2.0886299647380726,1.570070536180415,1.6564365065867677,4.2103541706798016,2.2179046682075105,11.730285821408275,18.674954058762353,Feynman90,None,16.13986609324913
2.501895070041241,1.5296288614875702,2.4102942340355655,1.2260313980018194,1.3153350105111308,1.8075452600610658,41.981120735890535,39.7336074375868,Feynman90,None,16.09944962746643
2.8205353473858104,2.6033001267200646,2.2939381045541287,1.8463637826305686,2.937256135458445,4.072412650338103,31.42815853548668,32.411955763153536,Feynman90,None,16.63608287793724
2.394134546616725,2.5075492969043425,1.305150613722067,1.2802764235476587,3.422958368910061,2.2624661983096597,31.641874278768665,29.067797297819684,Feynman90,None,17.2394546866189
2.918351524950171,1.0158267835731574,2.900132338936673,1.4743092148373875,3.8872039452648397,2.513635075156814,7.693775226625418,6.322519909083129,Feynman90,None,15.180696631872111
2.9798172583872597,2.8752717175823914,2.0351328801084714,2.932960254305573,4.317587036726815,3.6275276279528352,31.60430153515724,32.758565660084365,Feynman90,None,15.438704647988606
2.1264734778600793,1.346436444372256,2.1866999487756935,2.341998703715814,3.3305910407322763,3.1753036634361793,16.636086607013375,17.42632099367174,Feynman90,None,14.157770176037488
1.6878833499061983,2.315863114774036,2.5630092680927437,1.0210017217353813,1.4763348338921776,4.028647554183472,0.09567773985242999,-6.308788460880609,Feynman90,None,17.210494059950463
1.8489819703487909,2.9064934174281394,1.7251868752619064,1.1522193413685498,4.691660118019475,4.856537920268282,50.217224158501836,50.59189128543629,Feynman90,None,17.807804440225294
2.3110035896565035,1.934914673337402,2.46034374382218,1.5854992191000248,3.7687805363656426,4.004543832583201,42.38971987071603,41.431637714977185,Feynman90,None,16.048385428235452
2.328805492569266,1.253093209124724,1.9511549585781374,1.1396330146548885,4.689520027123155,3.3437593072331993,17.02752096579766,20.602554336488243,Feynman90,None,15.83365462949381
2.6373664790144336,1.7857942274660177,2.603243646695245,1.3508543056392135,3.3759962953149985,1.9207046888961008,14.287935996793566,7.641019745772066,Feynman90,None,16.27483657423372
1.9500106970884459,1.3088085592154421,1.074734083867745,1.4615027290146356,1.3970357347567814,1.280218483321292,11.776706543528888,-1.0314970956114582,Feynman90,None,15.349565074597876
1.8091293533097526,1.465230018712813,1.458881187272021,1.2156465177668558,4.64061723539483,2.3581685863040853,7.147160914554949,11.390928383099276,Feynman90,None,15.873591499080241
1.8208569277445068,1.8824805973306413,1.1098616390270277,2.3371460998651994,1.7231834672835262,4.074259264290754,5.592853372874385,3.8641652590438076,Feynman90,None,14.776338669667782
2.0379679682493963,2.6500462256384334,2.1767651334784803,2.556871645391836,3.485328679973864,4.8902441941556525,12.334284084415625,21.087199660576353,Feynman90,None,15.482834869518996
1.7907453178104173,1.7867678136487906,1.4747376014294218,1.7988649443216878,2.9473972070528767,1.7021832468781266,12.340339505192961,6.078923714388578,Feynman90,None,15.43032037456801
1.4051962001051708,2.6963530598182333,1.2567629815729648,2.8912728274477937,2.6690077905999403,3.0561275292877537,10.145524306979278,14.632264511735539,Feynman90,None,14.910247199089252
1.5522619189794145,1.7240057043291936,2.221250347580556,1.2670189429128038,4.711771363395995,3.5647147889425437,16.609195364493207,18.751879936521952,Feynman90,None,16.069006555124353
2.4488490993715635,2.8746772386589274,2.589647296485046,2.9518907909842516,4.777876250999235,1.316692097350964,1.830901531571923,11.092143935256386,Feynman90,None,15.288513416197974
2.651325607737392,1.3282253537806996,1.0016686293655996,2.9152711909734195,3.4384296701165846,2.9752703010094637,7.467173592776316,5.282747216339299,Feynman90,None,13.421631597071068
1.2199564466114654,1.9308746500592202,1.6913571493531891,2.69627712451446,4.706959900352162,1.9891061428267385,0.9800236970260574,-5.653205030193784,Feynman90,None,14.177768079547706
1.595741141830728,1.341135977510109,2.57721655473145,1.9792336159609847,2.9272729641892594,3.207650177129066,16.76058514020487,12.988465902590034,Feynman90,None,14.556600079244657
1.6354668896388096,2.3802418652425157,1.7123383499593883,1.9292059045089158,1.8059271585718832,3.7443654021680057,7.81985679549716,14.81284584244684,Feynman90,None,15.959880975226989
1.2726994689616564,1.0327979668485878,2.264586201231608,1.1001037680334722,2.908130348265404,3.055215743048471,16.84446701241309,21.17217854628278,Feynman90,None,15.36849381730955
2.0475592032890093,2.4879282135022747,2.1012604912524298,1.919591676267,2.8889108118935733,2.4918096064663886,33.05060608768164,38.33047001744144,Feynman90,None,16.205420759754396
2.2626332961506526,2.345146893872386,1.6150527759163322,2.039816346223577,1.033716612997202,4.59477897055012,0.22049285114082484,-5.911934064985025,Feynman90,None,15.898432409973253
1.6690170046173192,2.695795584878101,2.2193595162927595,2.386870075391079,3.664088827093953,4.644209526493353,17.424985699108657,27.143777946761745,Feynman90,None,15.703468930957428
1.278842112955457,2.3679573163238965,1.4707376991811327,1.9374462419336718,2.019362561006328,1.8225797795101673,14.343088604882894,11.157849887400214,Feynman90,None,15.850395911731837
1.4297709979057116,2.906612061846263,2.783973374924896,1.0841696417745161,4.764086206073772,3.2430924221511956,10.91932512045675,11.06782364335852,Feynman90,None,17.810641595359247
2.695469404102065,2.905193914991055,2.7922853783510764,1.2311838045445982,4.7352707227303785,3.2859211573308587,22.039361448328407,23.21934820776256,Feynman90,None,17.88570058968015
2.6005191833514805,1.2113148218051657,1.5867184461514392,2.9357838326269325,1.5357957850161914,3.1623969406500354,5.93182647748919,8.365479817430078,Feynman90,None,13.23146862078596
1.5898549592467894,1.2136903906185892,1.2777577165231553,2.352558088124029,4.729142545675958,1.1801953978658681,0.7536600897232264,4.7547361623608655,Feynman90,None,13.85039597999676
2.0016375704409413,2.24351803431908,1.6336763611486804,1.5056706346977027,2.356002348909127,4.2025420456742655,13.404342268041681,4.19617575633734,Feynman90,None,16.4858665241522
1.1162549568487963,2.3324061277134227,1.4674407958753735,1.840608761467645,4.3151216366418685,4.92653936178846,12.190304597562537,9.982363619057173,Feynman90,None,15.908648285117172
2.7094424894575138,1.7127072452735888,1.9471936634729012,2.3259620509370125,4.185695614874147,3.710098880659993,22.713611037932996,19.37253060168803,Feynman90,None,14.780721446729883
1.337855363915328,2.7540763378795545,1.5656967620260493,2.6789861579061847,3.6815983814386932,4.288963326652358,12.540766456474298,13.500716087525767,Feynman90,None,15.276837743121597
1.48017085751486,1.549153070470608,2.6908059407374068,1.893848560707391,4.682059934102426,4.08678769213394,16.451265563423533,12.270373810371096,Feynman90,None,14.918740976618361
1.374697580623452,2.4632312258513256,2.6242166651303904,2.763946443913605,1.2220982016533721,3.915293274889735,0.2362971548070819,-7.3937686361812105,Feynman90,None,14.791906592825775
2.92549394684411,1.207672949776831,2.4346967894856304,1.75847004646153,1.8565253584436272,3.3120930670625723,9.398404988011652,6.474941939368046,Feynman90,None,15.013161614864986
2.533610022903714,1.0439313185768335,2.5390960924613846,1.1269064851847608,2.991729777827051,2.348921127957729,29.835731921471908,27.23574088023207,Feynman90,None,15.633191906188127
2.9511037837861327,2.991010817768736,2.1837696278465484,1.2931380919321132,2.376379475830744,4.618140948580365,6.392820441289619,13.268193455470374,Feynman90,None,17.963451893022068
2.2080677165297846,1.2566653161216519,2.803607221269656,1.445306570264157,1.2855385735390792,1.3293985796847463,33.77705438060896,38.243850138468126,Feynman90,None,15.366053531860514
2.9801995684417375,1.9267461618560848,1.8225610443015865,2.42206457437626,4.175896196066839,3.4115437394495296,23.03237652192981,29.559842979954166,Feynman90,None,14.975355379468786
1.1730341618914402,1.5433009090741063,1.6339563340697087,2.3891282616932776,3.1544335576932223,1.2939089265196033,3.358378550322737,7.223252874650563,Feynman90,None,14.120686695670308
1.8662779629133577,2.8753512725689734,1.0230577107388967,1.50440363918265,2.133553761805234,2.9940057693630773,21.48594307513724,19.288661420593133,Feynman90,None,17.26012766029041
2.4305316728337116,1.4209414919994807,2.60358805612816,2.4529100506523,2.309070570165164,4.763059957345127,0.00633284540138733,-6.224156198876452,Feynman90,None,14.161075298897739
1.1579288517701778,2.22566515547714,2.7521249739317177,1.7333281824552105,3.6460047055079734,1.2786894839033613,0.032444872301492,0.14945692299104552,Feynman90,None,15.938451415182078
2.9764297473378187,1.1244771104038864,2.4961020304762482,1.8330103212855824,3.6495923471366396,3.4351458148924183,27.95947317527414,32.26306313561749,Feynman90,None,14.810682039525041
2.137028381131488,1.9655535040750471,1.0085885914336539,2.5068792505468886,2.3520446291453854,2.20304398409901,10.598347652998408,3.766040898210181,Feynman90,None,14.70779885044508
2.7182814366540486,1.4139588471767177,2.032810463094216,2.567280914119456,4.996486472887501,1.2009979132668889,0.5537671790284194,6.410902785687539,Feynman90,None,14.05197827224545
2.118909379539552,2.4545196712235735,2.408390287084667,1.2564060894238127,2.6103782400823166,3.630390493899746,36.83634190663388,34.94469006036812,Feynman90,None,17.143530379526897
1.7053660092443603,2.468200689775696,2.4923434725359046,2.485159926727075,2.7561182576891414,1.9736638737728356,19.113853191872135,12.794654763877007,Feynman90,None,15.279479169366537
1.4258070327787629,2.253646073406049,1.0492867202495249,2.3236630257173614,4.400990288657314,2.5145244843829233,6.502824142487643,4.528766806425448,Feynman90,None,15.177245739001872
2.318696557548268,1.6583995807587335,2.9581890611514434,1.3180084545733726,3.349952320459019,2.1927950153914386,18.147299749526393,11.763482357823207,Feynman90,None,16.08741712676272
2.479418225906339,2.1536421821167395,1.9491080242959578,1.959988102339086,2.295919344681423,4.414950855596453,6.062541440143634,6.6637249767643665,Feynman90,None,15.82073475234128
2.3523963764746356,1.5397672929972963,2.7046778947694494,2.2461616783110463,2.5425782889766144,2.229081609758848,25.8013683822164,24.497220804414454,Feynman90,None,14.594838790307302
2.4747744728628716,2.5478344779669655,2.482207719756037,1.985617728971155,1.2525101957431066,1.1895714903264585,49.42488791246393,52.59135769156493,Feynman90,None,16.283697041310504
1.7151180474227634,2.8992759080966914,1.5020859142186147,2.7982560084256787,1.932081299191605,3.968924703467723,7.154746704134798,8.964891424450514,Feynman90,None,15.374700022041448
2.5733372191925312,2.4233801197077955,2.3456973147010522,1.6809385175368983,4.23295105685843,2.9203661927940545,23.049052600516433,24.09247777926777,Feynman90,None,16.591035897561472
2.2817112324443105,1.4199984983622025,1.468064560650252,2.95196189382225,2.936616383014562,3.227478327326329,9.971349814078058,15.911608956277965,Feynman90,None,13.400129554579157
2.24006234255294,1.1045235418990638,2.8315047958959756,2.791764502581607,2.342055229785688,3.3995420214850705,6.996335542562609,10.476207089101527,Feynman90,None,13.222292305680845
2.3969758698518984,2.980709507760353,2.9284756245960186,2.8373369612054518,2.647839747771133,3.9104625205654298,12.534932194251232,14.640769279623825,Feynman90,None,15.577995069024155
1.5590983703622698,1.2533188596111104,1.5326502194856366,1.0716826509210768,2.7970460711418808,2.8113068318109757,17.55797891566526,11.074294545641266,Feynman90,None,15.75600844845525
1.8883477687211148,1.518514119911483,1.1238019926262304,1.065892069694293,4.3832103051549804,4.4728399623695285,18.97973009053973,21.538371836479666,Feynman90,None,16.17727098273115
1.8044570827719395,1.3759204379223489,2.545028660756577,2.362168065946821,2.0047388288872336,2.0677583261825783,16.771443967714358,12.191645375052946,Feynman90,None,14.092004497079476
1.193793427718547,1.2932326486518138,1.8960507537123124,2.8326674883842937,1.4260074874867805,4.139792144853757,0.2846377816120744,-6.244088737771065,Feynman90,None,13.162576793666053
1.4451595227916023,1.5042469885305563,2.228404066319193,1.0515948997684363,4.18848959947159,4.659571884899027,26.381822036268627,16.007260765744675,Feynman90,None,16.078157320007925
2.3540987423690565,2.7364302155689426,1.9237270723107172,1.3173239824902547,4.4003167952930955,1.3190346976330511,0.21053664239592315,6.406044343641323,Feynman90,None,17.467464834458713
1.3881120533823437,2.0044474003757777,2.6026809448514676,1.875044974618315,4.020976092222778,1.7060407692109005,0.044300701896976984,-3.8983130113389834,Feynman90,None,15.503937427380801
2.2621246092408316,2.2119365159952675,2.890702393825064,1.5414155969332095,4.257700627358348,4.3388096939911645,58.689748748395125,59.40390663686301,Feynman90,None,16.453543177847784
1.820600450079624,1.174515383386089,1.6218346056352182,2.017407313350293,3.2724348034755724,1.5913445365368117,5.565230335358642,10.975636277744542,Feynman90,None,14.340836732292928
2.9029974931137135,1.4277453594191094,2.5438130338936604,1.3899868927076753,1.345242614685513,4.774467906876568,2.20948943747526,2.2942877604824665,Feynman90,None,15.82360273755825
1.9759669364397279,2.651320965516523,2.4720645960285275,2.0044828910000465,2.900907069132635,1.2768848839412041,8.273703961430279,18.598421315033548,Feynman90,None,16.273344186301735
1.1864372497209537,1.8032022800056973,1.2090579919910402,1.2259289113875909,2.7518108967718544,4.395129126688502,9.431111149404048,18.897327989064113,Feynman90,None,16.14546711927676
1.06873599407858,1.1933635016602533,1.966471321313641,2.727253768281116,4.40810181932145,2.186094197504319,0.808758611264291,2.3768906778684387,Feynman90,None,13.16012217962605
1.986338935847251,2.9290172070347102,2.374894393060294,2.665260680605921,3.0254510981967004,4.8585665511792,4.644783789165988,11.186772301675774,Feynman90,None,15.6681583507938
2.9573646378942366,2.635833355355336,1.2438522389255904,2.2853786155449614,1.2906795878426656,3.008554465944896,17.938418244420173,24.86130868989589,Feynman90,None,16.070583018936507
1.5699966905016676,1.3401110483215448,2.0532268280165824,1.4054588593405344,1.081155661997741,3.3081074399614443,2.1051608415050955,-0.7200025102134044,Feynman90,None,15.383603025265945
2.5883955359140005,2.8432642800575807,2.230123876534686,2.5981816522411565,1.647796761427533,3.690800332992412,4.419057712004811,-0.003084540026091709,Feynman90,None,15.794867720594494
2.2710291380439447,2.8950497424681885,1.5668872651041195,1.084827020555323,4.45298922439791,2.21422857276964,18.752340119299717,20.649617351789754,Feynman90,None,17.98813712563188
1.2912010828847704,2.0212506264465837,1.3091385638799766,2.9008922745427164,3.9597882235186175,4.80850804982678,6.669604995789811,4.56571204480602,Feynman90,None,14.011564541373842
2.6068027931390585,1.2122088010325671,1.3796008486199487,2.3579171021785568,4.590352743136959,1.8339407225380473,2.8747778071479373,7.503515989643748,Feynman90,None,14.074214505766813
2.2975966017393548,1.1207041020304174,2.0351611965740997,2.1351718886165787,1.6538378566818293,3.952654087697401,1.4568731714795826,2.637472606972705,Feynman90,None,14.210705966775622
2.7236381228963067,1.5749426200317702,1.0428664190573742,1.61407754878532,3.387321025241852,4.6728101750499444,14.957290009628093,16.338684927883442,Feynman90,None,15.643802897304473
1.8528261785997173,2.490712848743211,2.1875750208173805,1.0608115881563063,2.729451959679763,1.469024466631097,30.312771565041633,30.20608389595523,Feynman90,None,17.41284045154787
2.2576613346097716,1.7097891832846248,2.9462723400885054,1.4873568442773042,1.5905794113460567,3.4743018097550102,0.801659868933372,3.8950013529715743,Feynman90,None,15.892537690546346
2.6270697307604562,1.2018579652866583,1.5682314710090661,2.788433329826511,3.126713649822086,3.2360426285468895,11.129877151083539,15.030288114580665,Feynman90,None,13.439772860173727
2.730175619540793,2.659537879560509,1.059384876800161,2.680520393844972,4.720066482314422,2.1392574481913527,9.253254337572459,2.4488772049859007,Feynman90,None,15.474063539734537
1.7595414730016987,2.503730195456983,2.0395708667338854,2.558393663747978,4.872441923263972,1.9756074088352227,0.0878050710255032,0.17614996016328793,Feynman90,None,15.230625163164072
2.6158230882900346,2.3545083780152565,2.375678720735027,1.2524065172320267,3.9798487845921637,3.08103702523524,49.42566091093286,47.236755897914655,Feynman90,None,17.136254435369676
2.2348679348972738,1.1264838125404748,2.7400587207465428,2.471298857822653,2.041596272176333,4.809838611255497,0.447734906777661,-2.969952225788686,Feynman90,None,13.71495480922053
2.9480777618901195,2.7930434941146776,2.082075066160572,1.5146224696992714,1.258971340325032,2.688600007825673,31.889667982043825,35.93280798525967,Feynman90,None,17.388984689530552
2.119001291303701,2.1560598298582017,1.9678196467526323,2.850445533376303,1.6521819980707226,3.550335426861437,5.195588759871515,13.301455110852068,Feynman90,None,14.446410977616804
2.1475183305031083,1.0009988526542422,2.076434437695152,2.6733903987751644,3.0460364006470266,4.915245279700578,2.421597214080213,-3.421020336093926,Feynman90,None,13.24149754592084
1.6183254242003913,1.3051158143579453,1.630777116200568,2.0228008813719596,1.708374878941041,1.4252034610184592,10.510048812004923,4.221266593264189,Feynman90,None,14.452635809879828
2.192780564921152,1.462825950679517,1.7213715242155212,1.0444303436470406,1.5903359281133147,1.4564587866347836,33.07043655169277,37.47954236806854,Feynman90,None,16.20755490757889
2.27569289197573,2.7901962249698107,2.994523215290421,1.4134964763788413,2.9282743570105296,1.4094178607175598,9.506751443435425,2.4421302041393584,Feynman90,None,17.378010492196754
2.6268040083408732,2.7846428554120415,1.4757088201720918,1.4308302497604597,1.7758473601701121,3.6479430292880988,23.9612011430071,15.321919622160907,Feynman90,None,17.426362588306645
1.8745920743785884,1.1248950347900484,2.65040015431466,2.147309967571067,3.78815812810622,4.880622018200331,7.685009585585152,8.394562650957745,Feynman90,None,14.101264859241661
2.277870978416745,1.9322152167585072,2.0162020208224862,1.672478347419176,3.7947241621156955,1.700833481577689,5.5039168246121655,2.361059264497392,Feynman90,None,15.910885171178695
1.8787564722825436,1.084618048035662,2.5964189713092303,2.2747851217191486,4.908622955065916,4.6237818795482575,13.959679759071633,13.869756274343576,Feynman90,None,13.86566346730129
1.8963433255973774,1.3710941135854717,1.112623865305889,1.8698645166937902,4.76085100175098,1.9930298785441534,4.096108590892273,-3.8170363057273375,Feynman90,None,14.822729278710959
2.3761741508983887,1.1184421157864,2.363630936808211,2.9641514228482944,1.293113271758597,2.5840692153814793,5.708790696842923,4.991778020679842,Feynman90,None,13.02060892406699
2.9889071228311366,1.0438539046985307,1.7275154831031436,2.9523871533410935,1.2394663786565343,1.9451529878632794,10.118407731493566,10.907756294768964,Feynman90,None,13.08354486477439
2.7342665399725092,2.660063925964619,1.1333477821743805,2.593635529319573,3.245047067181536,1.957303551864496,16.667185173040593,25.215657597343622,Feynman90,None,15.601994749725902
2.111805846552836,1.3297361953252864,2.7035999074591803,1.2358078900541354,2.688889319974493,4.469517960688094,2.992860537607694,-1.3426384423121687,Feynman90,None,15.741467784144808
2.3757159928579883,1.119753050540864,1.4756231114514635,1.0009147171587696,2.7767699953955196,3.9946540256432574,18.684026533621232,26.16828198393629,Feynman90,None,15.876541723584756
1.1636026904389336,1.0337096412378632,1.8245118106510032,1.2973289544185898,3.3296406122616613,2.2088964635757504,7.404615860047609,-1.9611894133846528,Feynman90,None,15.057856222650422
1.8622956276050657,2.65437038412178,2.435559559829063,2.175996792563338,3.1282892063382666,1.1681119971260685,2.8622923095214263,4.5714179731124,Feynman90,None,16.001756932124636
2.2841392604485997,1.1947907579100543,2.368594818605896,2.566742431202523,4.263223942938447,1.5488010742312923,0.008165528096140583,1.229328589103578,Feynman90,None,13.67436645081073
2.577857690432622,2.776257038664803,1.6384911645172882,1.4825646228738572,3.8000359029361324,2.9814987758264127,42.68018344459406,44.97936817885414,Feynman90,None,17.329242939564338
2.271319282421284,1.574686979048131,2.410948794497506,1.716793594470133,1.6280243182686438,4.5301274080945815,0.31460426761664523,3.3447451976897886,Feynman90,None,15.39028440672295
1.7541335873277395,2.795647054490531,1.2793799129225516,2.840833905046202,2.6978131723209864,4.413220160069734,9.128045472623079,15.478997902765453,Feynman90,None,15.189969455649752
1.4189265381582667,1.051479422820235,1.0518468017995524,1.444787917151685,1.408231909424177,3.418837133938421,4.631480192343286,1.6418274933246924,Feynman90,None,14.924684794154667
1.5242431018185647,2.986874114335079,1.971812261336245,2.996165604940834,2.5091519537326294,1.072070757434581,9.15757501134901,14.331013550904519,Feynman90,None,15.154529747780886
1.8218266364784093,1.628882652973806,2.0733436013636077,2.19061431730427,1.1429074119692433,1.9267341197682413,14.089689798353096,19.04391927094649,Feynman90,None,14.667106748442064
2.599936263105816,1.691754049809175,1.1623854185251128,2.6773615523553875,1.5728838239765004,2.0547247642957815,11.687997101751973,7.089342341401521,Feynman90,None,14.218028896272163
1.8532974095657777,1.5308043135113416,1.9824590130449544,2.948370186694958,3.0332914973674163,4.813443023440367,3.706805013947003,11.338348540573215,Feynman90,None,13.447897695013332
2.494620242477433,1.752578787186978,1.5142587649055672,1.3508446721072542,3.8147051864168477,4.602244075258739,27.312612317637715,27.99387403018844,Feynman90,None,16.199835704623556
2.6938921947607657,2.1161644343857464,1.9003001639184416,2.7004091433212283,4.562903137195859,2.0944722465005308,2.340660423896275,-1.171336731286066,Feynman90,None,14.74581214143631
1.917447849670106,1.9799266647672626,1.951506828802997,1.2905778020185246,2.68728877223973,2.0635148175723947,31.829616821554943,30.01364517066438,Feynman90,None,16.444054760160235
1.007009075193867,1.675570407041417,1.0918174686696487,1.230334193013209,4.887900294712141,4.1298926566845315,8.883238665156824,2.4594405279271534,Feynman90,None,15.935556222692547
1.798891742271389,2.5184259372791864,2.2827805002772226,2.660494463902615,3.986464893456555,2.808059710008158,12.824176560796824,9.099169120966438,Feynman90,None,15.109903268585706
1.9856046740138582,2.488030803398515,1.9291177939464874,1.4527850062482945,3.9185337012498502,2.7836309935333103,27.170735978857167,28.342134547021793,Feynman90,None,16.870021521739464
2.244389955909797,1.135895585505401,1.9696111293660086,2.0241211841213844,1.1034771177036231,1.4979410701308038,14.81846699622079,16.04386566075252,Feynman90,None,14.37926620583752
2.2958593653460246,2.4388154840472955,1.3746347976495377,2.287066110545043,3.244257438942343,4.044551394831883,19.09686203463908,15.181513554715881,Feynman90,None,15.665699740956795
2.0829552673395924,1.0019144977540229,1.6884393619582612,2.268832747877824,1.9341083479242163,2.343068154523775,9.37666858829025,3.8219903317968287,Feynman90,None,13.816028667800435
1.999172004247029,2.3890309555964677,2.796956231020768,2.152952457133085,3.2490851451748184,2.5490432771216445,28.017735418139257,23.691572187210035,Feynman90,None,15.72925825342251
2.507834701073471,2.293967522435416,1.7789229608089487,1.1172527854570187,3.156680439018434,4.268948810910952,41.06291853847663,38.257433404778695,Feynman90,None,17.230972088248567
1.5714022175869153,1.511294250553324,1.2103821860868724,1.5015853441823437,2.9593023186857215,3.2800114622329954,11.877593425569867,14.443223630070941,Feynman90,None,15.461858736469495
1.6327542227875467,1.1513582109616505,1.5793139231656173,2.7384784602487624,4.057070546931719,3.7332092833101234,6.664714644487136,10.503357981735304,Feynman90,None,13.219884890212551
2.6821707441574523,1.210866552774824,1.0189623494176525,1.8324250990612456,4.232527746342287,2.332821858882824,8.218241225210305,4.525543852665052,Feynman90,None,14.853830713087577
2.407859856830261,1.4822266106315585,1.6381771101130682,1.012289616638825,2.5946651959913742,3.7391974872783997,26.82899443835171,37.5158021906653,Feynman90,None,16.32833921453011
1.720166890757152,1.0221127737834272,1.98507563973498,2.282768445629382,4.710039367736584,3.832051610449254,7.4080654590140895,4.9772280891185146,Feynman90,None,13.738156167400772
1.706543641201796,2.2672621758211498,1.7490238854791496,1.180031742109057,1.1266860019349716,1.930600842243726,30.47424837590978,29.590395182111084,Feynman90,None,16.92175734234965
2.346455960808888,1.6340476933775163,1.9541425852366616,1.0766445830799765,4.78553195296493,1.2618937349270705,0.32478122770228096,-3.0409407675833338,Feynman90,None,16.41374396386584
1.1691508896407357,1.5652768084309456,1.6862061664540062,1.1558967084343377,3.783756518347495,3.7286886739090606,16.761819507198517,19.49263814851348,Feynman90,None,15.940750514472013
2.8523009787768157,2.049032719091647,2.984260009089976,2.2918438403544052,2.8237692158796985,2.9285343879676704,47.42804798187348,43.448480780820205,Feynman90,None,15.290829985240364
1.0002193068462961,2.2481079381840727,2.2328413807003895,2.9975472113544637,4.975146824129267,4.462230948565386,9.422910594472768,5.298883782826097,Feynman90,None,14.092719656843302
1.7104700996611197,1.7169678446528758,2.1465934136184415,2.6869220594256653,1.2156576204594178,4.23101162205227,0.012604916208329209,4.120738167379546,Feynman90,None,14.031969287343165
1.7694295759744088,1.3429645438727038,2.547292064337663,2.597040250022041,2.611923743390658,3.8815924656619103,5.588144229364036,-1.9165992678515282,Feynman90,None,13.70056916798853
1.7040888234427383,2.023615758172723,2.6920757419147714,1.6772331404554044,2.84958748934592,1.9129719405957126,19.843288731934393,18.008248974541175,Feynman90,None,15.888463703479323
1.5435493205200461,2.445995468248423,2.937936446759989,2.1999995802090906,2.0270311905471567,4.8741381721041,1.348125994887125,0.19955068640831564,Feynman90,None,15.62868518244478
2.6711976978875276,1.8075775475226308,1.8400649101184106,1.1705898415429778,3.398723586395763,4.082479430232106,41.72025134747618,43.60770183591319,Feynman90,None,16.572394494240697
2.27311519978507,2.6588344138527704,1.5905082329994673,2.6017328081812168,3.7698700415860085,3.637159653052127,23.12878346287489,29.90613033205765,Feynman90,None,15.482776967710521
2.2440228523751573,1.0130461623472062,2.768161915020414,2.673706360961354,3.68910729759382,3.811708174667914,14.646765029904357,17.685128002663316,Feynman90,None,13.278516388389702
2.578285645244814,1.1707370375048363,1.527035189659032,2.6122597805197403,2.0368929923333514,3.2392018342997835,8.302098406220015,20.47815578331661,Feynman90,None,13.64513623176264
2.5165218909508202,2.3623662961084024,1.3266927687078174,1.5008048465339379,4.379006920319796,3.370949610135109,28.38242582098361,25.934976522155132,Feynman90,None,16.762298223054618
2.053713054847301,2.0939273099568894,1.2505783732016305,1.7081729432372188,3.5813884229025614,4.685390738622681,16.832300084081556,13.52741560359464,Feynman90,None,16.013169281148237
2.9812586270248014,2.219169396877693,1.6745475061453134,2.283289931295669,4.95747197263891,2.9385822406769107,10.517743816793926,6.523419103036552,Feynman90,None,15.549237031253165
2.570676868884903,1.2473230506334154,1.1705306412291094,1.1032829737244398,4.57052572871227,2.1796446308129465,10.598501584260875,9.258883823691539,Feynman90,None,15.934700607228585
2.568534661450088,2.125895439177677,2.4150917167309034,1.0924480328755035,2.7011719637478615,3.103139839775119,70.07455478659791,60.441866465858496,Feynman90,None,17.067236814125142
1.5546071249021631,1.9915423187974064,2.450486395153346,1.653108424874245,3.692323751473862,3.3692518384958565,27.3613838598291,27.530140071573733,Feynman90,None,15.848429887138476
1.7738889393513957,1.2355947075836713,2.553403974230826,1.7680409868186142,2.1296550285564075,1.6566972716633366,17.586145297673756,17.612945548140416,Feynman90,None,14.77034238849916
1.5138573624002,1.2169044069171935,1.6338141994376578,2.2612467158530403,3.69390443020283,2.18886386867767,4.912763163004503,9.06784112610653,Feynman90,None,13.969792779790424
1.6933044006063123,2.8426472937152845,1.0551573537812762,2.3652859833439663,2.399300248232105,2.3427255473983077,13.487842395659332,15.259609365696464,Feynman90,None,15.927176842967961
2.17486384837843,1.275335072658857,2.465428064978238,2.857025219929906,1.2943533891322425,2.666719780762363,5.178238394823215,10.314346068711103,Feynman90,None,13.32965917214023
2.507171090395137,2.466426483339059,2.833553353197018,1.7608353698046022,2.1908086364707224,4.370309693154395,0.01890972013793508,-1.836844036833942,Feynman90,None,16.514423006454308
2.3291909418104146,2.0273850738937647,2.4733335887296306,2.833554974596324,2.9944311804042965,1.7884484264189329,11.570283660683032,9.660032990905691,Feynman90,None,14.355593614586038
1.8634821775222832,1.8302845649235304,1.6187094070864807,1.5921731630219214,4.219970299006738,3.701917164579813,20.540045214548076,17.539366516572553,Feynman90,None,15.802872388373732
2.7577062562186816,1.2184964088726842,2.907042896610915,2.6084943503429106,4.264866856927318,4.650485947282609,21.16641908427839,30.646243467816678,Feynman90,None,13.752541728314503
1.701277778878028,2.8220882220885644,2.859405272268068,2.1866848190827586,2.6084873620556164,1.2689881366913278,9.530360761093888,3.7207540136194357,Feynman90,None,16.162533078523403
1.754526355174607,1.4894649096311765,2.7879497644032005,1.3064771104191277,3.860364392453209,4.804927623449007,18.933608622851832,20.124655744280158,Feynman90,None,15.759814557996691
2.257954521782664,1.2509214257242212,1.493973987950842,1.92124905765202,4.959774166568556,1.7681872074586815,1.1463340629677308,-8.985246832185847,Feynman90,None,14.678224918324107
1.5820669466330108,1.5900871363708975,1.8833394919215458,2.7395664088309246,1.849537893644528,4.281657890841601,1.1720051550078108,1.6398605567771802,Feynman90,None,13.764593995520837
1.1977174813469722,1.3074895794943775,2.399744004319322,1.9274660397810255,2.4071249802385797,4.429113764234451,0.8955486733719339,4.197088214343514,Feynman90,None,14.497690288095493
1.9454316774425144,2.365484260905201,1.015574544917901,1.3169894262033905,1.1444000760340436,3.218648883439858,15.179197707711252,12.56822890011578,Feynman90,None,16.902390688534854
2.039890002282008,2.861763481721166,2.548782792942869,1.2801837521664414,4.991432649263347,4.569331909389003,66.24912664944851,69.7602857495097,Feynman90,None,17.60870591981861
1.0702505165228315,1.9067963341424836,2.9132690438535924,1.4125458728766866,4.740733666611574,2.901054921460114,0.7312536638320568,-5.52211973937096,Feynman90,None,15.979205805625988
2.492544126126103,1.2006734375675914,1.1293436050409196,2.635592147099226,3.6601275407846985,2.901585924164638,7.576559428972457,7.0485125633581855,Feynman90,None,13.629596317040741
2.061795995096605,1.9560024572600523,1.4080514723570667,2.3880347603644694,2.196913185424477,3.2604847956343166,12.349052737913654,12.768985389346465,Feynman90,None,14.851168671921243
2.4893394963071005,1.1743634378696008,2.8040423050490593,1.5304051627056343,2.4897911028178346,3.278506027399595,21.98854498613193,22.900130324870503,Feynman90,None,15.202245846312305
2.1639125571311353,2.5724716449587772,2.0155172195331907,1.9716539466391985,1.6892758188371477,1.599351162539715,35.65634298894936,31.057243369928372,Feynman90,None,16.263955231316206
1.579860087471188,2.587593539640992,2.878738488605538,1.4937244154237153,2.6887109149798634,3.286474936361592,38.43099570757206,38.2611340450275,Feynman90,None,16.84395261098999
1.9614353654529664,2.479796764800046,2.5678655773684205,1.1228572236207068,2.2360093487507653,3.8744625416647236,11.717321121269686,10.383191884936451,Feynman90,None,17.33368682810612
2.335050678160073,1.0333393500592936,1.989853490002086,2.6214467307964613,3.8842330474439684,2.34693744301736,4.9109018387877414,15.170849621402546,Feynman90,None,13.40120400522148
2.1821980819637945,2.316973109717069,1.565559289859154,2.9143014981891078,3.5705811709884547,4.216390646291533,15.660803303956033,16.496585290647367,Feynman90,None,14.572712515591816
2.3945448853090365,2.520990609649676,1.821226608507096,1.3590390411616424,4.0366549041946,1.6935839510087427,7.986322143778678,21.13370024732308,Feynman90,None,17.142128324029002
1.1895530055353019,1.4325216943204513,1.3390732521442719,2.328664089630366,2.2926028017758675,2.1183506822033205,6.129019568007135,6.685508396580334,Feynman90,None,14.071511810798192
1.632438037828538,1.7968044146904463,1.1989538268524027,2.4168917844566913,4.433420928183447,4.917243586734347,8.8889441309107,-3.1616821162623836,Feynman90,None,14.508180168554661
1.8008484300257748,1.2681836839100689,2.744248506664082,2.9003156264967185,4.457900271656532,2.9775862952728933,2.6413551702834828,-4.226498479817163,Feynman90,None,13.171749338974326
1.7569964809532734,2.7851493292151197,1.525570564363858,1.5525037876679406,3.5261577595407982,4.366628825043708,26.294340611859354,35.259507522325606,Feynman90,None,17.050393872506806
1.8906889777439948,1.1690943989811682,1.3467240552045054,2.3497986546460146,2.405352443704864,2.1027553689467733,7.850168095015102,13.06771975100761,Feynman90,None,13.866768097091452
1.9796528953070087,2.539994171395465,1.54454323442908,1.9241123302130059,2.2409984504072757,1.6218565535054297,23.486522672382524,20.66167749151942,Feynman90,None,16.249468488391905
1.2347463604490785,1.3357392109875328,1.663731950320299,1.654433925969983,4.252771602547739,1.350929659144188,0.7911406809331929,-1.1451268514692177,Feynman90,None,14.939081092537064
2.371337096976503,2.3411181834510026,1.4587111293826711,2.7095310722452166,1.6324226663006547,1.3173876595631104,18.450801959952962,17.14324736520778,Feynman90,None,14.944562307627738
2.8129657118636766,2.1678195968187404,1.0782774766729348,1.3017584822607626,4.552133996422828,4.3788535434739515,31.64490011596983,33.932161246874045,Feynman90,None,16.87235448419838
1.1844140556144083,2.54248126286337,2.4960110987139252,1.8954360980602956,1.658475285493398,1.330784984519918,23.557572156326707,22.98193338199572,Feynman90,None,16.111735033227664
1.7029106877060416,1.018149539407432,1.4151160868275536,1.3123404241233207,3.423227444937811,1.905951619742921,7.873340786400741,-5.180327027265665,Feynman90,None,15.140069766247619
2.4632292662093622,2.3644022248236634,2.778047127089712,1.374858404865055,1.0244197678579985,2.6564288882785116,8.47240935936152,4.655788412092919,Feynman90,None,16.935766375114177
1.0637603289228308,1.809215233306931,1.7746381137262153,2.8874981047339583,1.5352617512486528,3.5809098128866568,2.1236784199227237,1.16564875018586,Feynman90,None,13.709173588861201
1.1372483397524709,2.277237804049415,2.035287689923191,2.286394960632286,2.1761778544005534,2.7052389211717687,13.138387038024147,14.734143358254622,Feynman90,None,15.195178014416605
2.1107090651634866,1.1407204151769508,2.4652362894585154,2.7882347709980113,3.2212931721944105,1.1933583506156147,0.7674036993749107,-1.8701533147435128,Feynman90,None,13.24375548069139
1.3321555655124242,2.082078549419977,1.1701704602842165,1.092571182612241,2.1887868089291413,3.41326530558846,15.682469616150238,13.196208017388832,Feynman90,None,16.727459799442183
1.0155290904674519,1.3772069588845233,2.2661643849795094,2.7162315856805286,4.160012090500942,2.2823171341578217,1.1673344833128063,3.926225318672474,Feynman90,None,13.39772358937384
2.659698573332166,2.396780069307442,1.1625695162226506,2.5596985132186836,4.890029741669368,2.898795679334965,11.387837673514841,9.763860841454365,Feynman90,None,15.299398750415167
1.5642561553562375,1.0104358530374846,1.4669207298849694,1.9654263805806795,4.4271168861143675,3.028782290488397,5.1515876726136955,18.342556903699357,Feynman90,None,14.148896081277625
1.0657110291663732,2.8239289375014764,2.371402466131494,2.168019751593148,1.0804162613545953,1.3455004380264763,20.010882632068014,19.146295806092464,Feynman90,None,16.04608332066481
2.9526222848029464,2.1223965602495953,1.509334391471637,2.444856411425924,3.9045852196757243,1.3773301004956737,5.954183812721376,7.8337445846271905,Feynman90,None,15.184693404843836
2.6030230704007877,1.4574803993185297,2.6654032064900743,1.310637848529924,2.8791137071734396,3.0670993643900752,47.471790930981356,48.30137178590178,Feynman90,None,15.907907959429359
1.3143878312592352,2.3801726847611624,2.7118796258599693,1.833686417904611,2.3782452601804542,3.4683185947720396,13.192459067617397,18.48457861050459,Feynman90,None,16.024949257914017
1.8610822672552585,2.3295432918064027,1.0126386908554992,1.5589702771764542,1.9342113148253315,1.9640551630869911,17.692933810587995,23.765393804853524,Feynman90,None,16.48549926813346
2.635420271902655,1.5223571209106015,2.1334542138681423,2.0896964739339463,2.9434510287874946,4.54899301747275,8.598540652120255,9.334569587840264,Feynman90,None,14.865167908228798
1.2992533458126292,1.4024372461094639,1.6925144530132634,1.482123078681539,1.7040987690039948,4.132615730389853,2.4242715326713644,10.401956207873573,Feynman90,None,15.289236406487198
2.677506269986746,1.252696217572205,1.2568091188448731,2.72490174002073,1.8770271480695584,4.332703577147289,4.07870115763149,-4.665762774464162,Feynman90,None,13.60837316741206
2.693964041558306,1.7507301908130637,2.7372617909767785,2.505434042692955,1.6182076046485232,4.839235743305548,1.5166854640447747,6.967357166581473,Feynman90,None,14.564585041223744
1.1695772376265252,1.1973230081054684,2.6203511882700017,2.5035016479215124,4.976215778753622,2.9980132162764646,0.37431003908697286,-3.9618344144590316,Feynman90,None,13.513626579440725
1.5864072723120248,2.331787056878098,2.202894325803424,2.900629443871316,4.423962064653841,2.993750280580713,7.112921244289001,4.875049124493092,Feynman90,None,14.474634017115202
1.0215363066935894,2.699433366303783,1.8474475468296392,1.5815435396279807,3.453781131842052,2.7152389957834746,17.288016110873304,12.095687359722778,Feynman90,None,16.730304483940916
2.4625647797794317,1.3849062784703616,1.1699336441294035,2.6530507545609616,2.0830385798871753,2.5770228133709128,9.18928752290553,6.364222240916774,Feynman90,None,13.831617482811497
1.6753215573530584,2.4930015463450115,1.25785343459846,1.9427224018274052,2.754156622517566,2.5339041944388336,16.88263701845284,20.880670456368218,Feynman90,None,16.092775530088105
1.0947060999231302,2.8299224621428616,1.203283156649401,2.8116695135335776,4.5657615535072935,4.9027131235586054,8.21670943742389,9.398644068263582,Feynman90,None,15.124553115709336
2.8866927823124406,2.7873785040421666,2.6922346057173545,1.4714885017367203,2.794418620834848,3.485506441100672,68.7103058643199,69.36609823103268,Feynman90,None,17.43039939568829
1.793091046652332,1.233446196560405,1.1479993182740493,1.4017898233922352,1.1403253058229526,3.4610313538990263,6.0549615649010065,3.9880051398981378,Feynman90,None,15.30451542408403
1.5706379502528771,2.918503655671614,1.5753026133845514,2.1117044744988087,1.0128835983776914,2.974922933389441,8.990494071921765,9.28254415192114,Feynman90,None,16.364163363479715
2.7280690190978767,1.601777055991356,2.6338422786147055,1.3222199403224035,4.413388517172556,2.078587469250628,0.025809486630058182,-0.6423321353179612,Feynman90,None,16.103280497994874
2.9644428375955134,1.418350139860758,1.426660859274959,2.6140996542864343,4.975096279683418,3.6324809954062514,10.514933600096171,15.64426259669719,Feynman90,None,14.046011781250735
1.6513216335587553,2.746767686989403,1.5285149533782254,1.0519281116251546,4.148242533264318,3.5848608335274705,38.91449586215685,37.376837202912284,Feynman90,None,17.70511338342526
1.2549035703273073,1.0530209502105994,2.64761538866367,1.0286151453083763,3.57642189792548,1.4553525664429534,0.2908126916697813,-7.607518252570648,Feynman90,None,15.494063272935206
1.2937213596742196,2.988902170760041,1.7615873660986616,1.893821682222288,1.985737641592622,4.107733365900521,5.910756639796679,-0.7732514445338472,Feynman90,None,16.706890056559228
1.6197330718945961,2.7297453847218693,2.1375827149335174,2.439678387776992,4.568240481867822,2.2620027661316087,1.5711109770861962,-1.139354901786535,Feynman90,None,15.658548222418299
1.3215928501213652,1.3435902842406449,1.721054138499992,1.1212234979766043,2.585932530350479,1.5726779797913935,13.202458996926016,6.039249152834106,Feynman90,None,15.744246071385282
2.5746771893999822,2.8360382340342865,2.841186563508301,1.8064444455651392,3.231918652808376,3.519180136751779,68.24122798372042,66.19076179159181,Feynman90,None,16.93364385477236
2.1414139696935064,2.2790984563331027,1.7115184365826737,2.228961168420731,3.8755847419117773,2.94688456758098,18.988056292710255,18.517622223392387,Feynman90,None,15.51160696898393
2.4560203439821873,2.285436189604517,1.2760918250157836,1.7578928339540647,2.6634354530145736,3.4143475090718454,23.701797568934012,19.01391042093899,Feynman90,None,16.27679244121256
1.4244150926681984,2.5817702969418126,2.616445460937287,1.904349511893294,4.097713592704785,1.125683917038887,0.9683855181086342,5.282008029997042,Feynman90,None,16.203844131337075
2.8093542569991765,1.0603279682666313,2.7770995313383007,1.1163488505739827,3.4287040379881577,4.130741220609783,33.559312863618445,37.08526962023662,Feynman90,None,15.732705045756113
2.5711460099292553,2.1088965873533265,2.3127982913976886,2.2783248033523718,3.84845119291976,2.8895580974635493,22.540371427115083,17.3941338803796,Feynman90,None,15.32205984546888
1.4375005545144497,2.155903159958811,1.3732899688547453,1.5680911244533515,2.074634800966093,3.096283867234909,14.43312486755737,13.242408752499125,Feynman90,None,16.154165933889143
2.7216432143147262,1.1542481333982808,1.1636538127241793,2.3264683990296513,4.992548124748902,3.4518431047739226,7.495873090778097,7.892899383726628,Feynman90,None,14.072597584125937
1.980463894795806,2.4446942806844953,1.5356832309732464,2.657538972985042,3.386680720676376,4.970154229383219,10.455052280512351,2.825246825312469,Feynman90,None,15.062125685503796
1.0845516755148024,2.63545064727332,1.7485402240679493,2.713408043373822,2.5206752952287443,2.521375942317729,11.572987148879015,7.611820579126629,Feynman90,None,15.017776663857392
2.3471233081923124,1.9849470815672532,1.5292362307122722,1.8847766743261873,4.674565255092784,4.0406618143665085,21.948237963569923,14.81174238083845,Feynman90,None,15.685181589244191
2.80198489030285,2.169070030476826,1.8541756004734244,1.4692329969161246,1.0306330088556566,4.198821823170196,0.23016283967749399,-2.784493167067877,Feynman90,None,16.62793066630028
1.0386597230851218,2.70942711690765,2.2912200197896935,2.559080367140777,3.653594895599058,2.5621929710127334,9.121818048986778,10.847486479074341,Feynman90,None,15.325693795150125
1.5141250624530838,1.9294328585249607,2.789714429732404,1.560927790903217,3.1585351640468344,1.1344961006428766,0.4032105079091033,-3.2744798315150354,Feynman90,None,15.89417329363872
1.3152820112013055,1.8548501962259787,1.1428385666138694,1.2449797700279763,3.6738022279348503,1.2985646145178649,7.2954220626928645,6.454814134002781,Feynman90,None,16.213032099168124
1.0638894105940357,1.387442467763286,1.4106783904051667,1.6692554209299033,4.99641766938714,3.4287707615222422,5.121222421885146,4.350851945578731,Feynman90,None,14.94405339946284
1.287733720544502,2.119135915635638,2.8706689756599397,1.3308827760859525,4.865129968510959,2.492585428180542,0.21683654906256317,-1.7045777114157477,Feynman90,None,16.41790223433313
2.8045704310288277,2.678886693954241,2.0643913323650303,2.037284114123005,2.6894027043400484,2.3573096461370313,45.99003851801678,51.59615808856804,Feynman90,None,16.450959011526344
2.3187587068300948,1.9885109601706248,2.969487234433907,1.8958388437976699,1.3745113700154543,3.046205365067927,2.7657693243005648,3.8594003238000925,Feynman90,None,15.66711800360281
2.0973604456121597,2.308760996865308,2.1831673936627682,1.837732546479058,1.9499491351182927,3.33778814072394,15.699608884234909,9.641197639828007,Feynman90,None,16.10802544845308
1.797462811129298,1.659795121024181,2.0779098766220447,2.9696936987799254,3.8225867214748757,4.618035926831212,10.389186822190151,5.964277834323495,Feynman90,None,13.56811216205173
1.102005281962463,2.0943589554225914,1.819617211916749,1.1336800684598665,2.5048877740197564,4.755962130195446,4.378303280863765,-0.24985135455003782,Feynman90,None,16.630465035438007
2.4326782538325444,1.214133512932875,2.813746601889636,1.5882819618215072,1.7293172161407955,1.7825377575090275,32.81531940365129,30.78137866493957,Feynman90,None,15.15566386070221
2.5277867314302878,2.1014793111417243,2.0932911860140173,2.234970375047037,2.801872168102593,4.753925343611391,5.938915304863417,20.356644129436862,Feynman90,None,15.365705457700413
2.4675157815956927,2.2237936443635036,1.1691790190153906,2.294555532534954,4.702782179248784,4.134240611722772,16.930349363690116,14.003388226875053,Feynman90,None,15.420781645275806
1.0065509487377597,1.7016053734622782,2.44639814690344,2.2061175631473806,4.75094950732921,4.305471213338647,10.798289507734824,17.29589099680925,Feynman90,None,14.549857767823168
2.9781648495965234,1.7999798335523678,1.2681661932839885,1.4225442475810446,4.989138014098668,3.8386828864770033,25.064316211067297,27.195494446628295,Feynman90,None,16.266893559595932
2.666362803099473,1.3667726937484108,1.014859176369568,1.8948931018446478,3.7453638454186504,2.8495486747316403,11.441824677273647,12.040201014407645,Feynman90,None,14.957643147495807
1.4537899225338844,1.9497422175338748,1.6933083401803481,2.5086735442351524,1.6192618308221318,1.0980109648757126,11.260832368758066,5.588114154340641,Feynman90,None,14.528209619774733
1.6168774917833277,1.9890357925547522,1.9762424894363626,1.0196438267049226,4.701734772640707,3.731007179100104,28.533697346003056,26.073350454262368,Feynman90,None,16.78054085078106
1.060356461807266,2.838846607312354,2.340028289973321,2.4508047114714198,1.4585109651745913,1.7828437041902658,17.208336851031127,8.115078530009123,Feynman90,None,15.652680536750776
2.612727245297297,1.112828415122266,1.1482466176450388,1.421518097850219,3.872835281419637,2.1596716989933586,10.57118183953526,15.730960361589467,Feynman90,None,15.310634035377463
1.5459211126925816,2.2929547583113736,1.5429962629557212,1.4743907259517297,2.4412622133383697,1.3746031336136522,18.499757083019784,22.343381586443698,Feynman90,None,16.48957917929569
1.680145116457414,2.5676396618238053,1.5689504915484689,2.458140067755675,4.468302202922535,3.683219670299588,15.220951151301472,14.084182026379464,Feynman90,None,15.43942857618605
2.1648464065437896,1.5417099683199549,2.487864336468287,1.858450694406184,1.4165074083647364,2.7050361397974974,10.91585112003355,15.993224375110252,Feynman90,None,15.117944469255844
1.6759262374431765,1.39151930531556,1.7661197292640207,2.4310809855341304,2.4417389479629588,3.0844779412942036,9.54989020940801,10.263523632196533,Feynman90,None,13.982137124445972
2.214347287379579,2.450582170706295,2.12820601541614,2.8117444350188565,4.7279562583043795,3.5186020240464844,14.360486444807071,12.373436794868553,Feynman90,None,14.899112604323198
2.6715639537490183,1.372446203156822,1.0471774680255703,2.878747569261515,3.2186058570299485,4.28828328003145,7.5398589203757505,4.780207362504746,Feynman90,None,13.535615892883287
2.8840260247729788,2.232058014217417,1.577056922956179,1.865070235025977,4.543245658317913,1.5036796385610858,2.7354043164836086,1.3579038884198402,Feynman90,None,16.151356565126772
1.667050712817577,2.8613836547008917,2.667056060367396,2.147201650380614,3.717788194105594,4.164596449410536,33.02540356733223,32.0084634943873,Feynman90,None,16.26205125481359
1.407426718183108,2.6720077017462263,2.154995563903838,1.2505119771626303,3.430746719447188,4.795043712883029,18.65235902840548,16.32266124328197,Feynman90,None,17.265319530225373
2.7683367630343363,2.2518331757716457,2.047007890765507,1.2109278503495347,2.206403268637355,4.452882829730614,6.973397968964965,1.801256458711248,Feynman90,None,17.101007008304773
2.9120661747745427,1.1465501671967315,2.0223679987400796,1.235412135918431,1.7326368101612295,4.553361688582506,0.343596070308213,0.22832193646317706,Feynman90,None,15.692828738880092
2.6076898016506735,1.3067118436021425,2.4898596933365944,2.5427628331369614,3.9245397101970028,2.2566073795783383,3.721422669780115,3.5408284424512653,Feynman90,None,13.925848148858792
2.6397964528425266,2.3718239453942926,2.874303784417867,2.1136139319916283,1.0468482714866107,3.3416226603472667,0.11925876760743084,1.7562900056123176,Feynman90,None,15.91166019613635
1.678847254679151,1.6311389140720414,1.3988760291898779,1.7600982395497757,3.6324060422676485,2.0380735727785497,8.867325822062217,9.535602682468621,Feynman90,None,15.263079337138024
1.2818974877837594,1.646615846942,1.307641452750492,2.3187271861424286,4.526225821309779,4.667011563580626,7.458260513601454,4.132984319000386,Feynman90,None,14.37942382698242
2.2677841751708705,1.6480047754283935,1.4757879321192966,2.5282935904486603,2.8927664626359584,2.4840265790732516,13.296201221746339,9.848119881641207,Feynman90,None,14.302861715762047
1.5879173501573913,2.831358161933059,2.935286045819998,1.2740648527055078,2.6920652405347085,2.809116114816005,64.44437862545746,68.83612399929461,Feynman90,None,17.475161900321112
2.001785400223543,1.370659653752075,2.531360718929109,1.4599485550707416,4.653122870751261,3.862901803814763,21.16263689758205,21.2032762590096,Feynman90,None,15.442368173577458
1.1523925141950253,1.5842613449908414,1.4554144833606284,1.2790941360827623,3.617394048274495,3.5911593673928457,13.050842353687843,12.230207586089191,Feynman90,None,15.78192711159919
1.7200478860227084,2.297564453909147,1.5649933533440443,1.5235656809321692,1.9160727560725728,2.9469179733291604,20.43222118347032,18.849634725605632,Feynman90,None,16.46392537546872
2.570216713771173,1.1194230113895478,1.9323635545106024,1.0186295056231764,1.2172772483201704,1.177514660999531,34.27699603125142,30.025059217223607,Feynman90,None,15.89502422482151
2.213271799082162,1.2922326163981532,2.938287764374256,2.1886265146874724,4.785760079929958,3.731338692394187,10.048850832859804,15.947734294195843,Feynman90,None,14.331758150121972
1.7833411425159247,1.9346525915603467,2.630443599523787,1.3889970944325774,2.10207492296466,3.438188763756533,12.837119272356706,6.481724213251656,Feynman90,None,16.21259599751091
2.0954596038262134,2.2256325259857386,2.77606122471903,2.7308715047472454,2.200155378240427,1.6095399269322557,23.684944105966537,27.721141569595222,Feynman90,None,14.703330816268156
2.618127192778966,1.3966975099596275,1.9891495211482164,2.812078126140877,2.16014962323654,3.1817555951197063,11.374996106415939,12.976168811091943,Feynman90,None,13.651118484469533
2.5701342245114183,1.0325329121405897,2.38978741555165,2.0051073442155958,3.255145104648685,4.179778198726012,12.994137983967184,17.263857654371936,Feynman90,None,14.350256895169759
2.643002601231387,2.694897164714316,2.9322510621074547,1.3379662404744788,2.5199784024732725,4.962261223638729,1.3825338094913262,4.098758875607742,Feynman90,None,17.45096905251468
2.402352861849539,1.2953450032471987,2.7242701570552725,2.534996970012119,3.1779480864568295,1.072860543337801,0.18734960735503453,-5.552094324568684,Feynman90,None,13.875537934385028
1.22841139374892,1.7479863430184304,2.513675443529606,2.0785450800899703,1.4208075226204309,1.836537820656198,14.884111682428196,14.33336184205208,Feynman90,None,14.845259001597253
1.3458572884346751,2.493071453921724,1.5389642920783146,2.668555851804097,1.1797584177542157,2.3124840271209797,9.374742311900567,12.92283603675136,Feynman90,None,14.961921579365384
1.7457504383570446,1.3407386417843208,1.4170068227068393,1.0809815512991088,2.8037226084031928,1.8105613257157485,16.298966600037623,11.230974710419803,Feynman90,None,15.896515609201286
2.1836742422027173,1.3167822122415076,1.6895490783067708,2.003719944805277,3.2031084627439923,2.480630661496518,13.433962985359978,7.185213618748623,Feynman90,None,14.62501956700928
2.756276588104995,1.6139934928595459,1.8550260986133482,2.302682362278074,1.7565711546451364,3.8707401751508876,5.009046935132012,4.665663572639418,Feynman90,None,14.699787738981184
1.9297751485784516,1.7530988977125337,1.291581346410525,1.835779513460266,4.225689362292995,2.2276023792775055,8.294041713774158,14.28611593125213,Feynman90,None,15.365754920383347
1.2015338829214832,1.6485908382124401,2.519214979199085,1.7864747258709788,2.9550249397594928,2.3021795773754703,13.934684149451186,20.130885175725957,Feynman90,None,15.137331461826424
1.3653567894213618,1.1588927440442751,2.348426058822144,1.8669949019604626,3.2291737721303395,1.6654666715223612,3.454289366738786,-2.7332688803116554,Feynman90,None,14.435130621941758
1.8067140881404045,2.533895887736888,1.9669758044010717,1.796552705084589,3.78028460679275,3.4150015933717244,30.161469725308105,29.422874998387723,Feynman90,None,16.38746649654973
2.8240285726763936,1.2657070512858841,1.4755225730979558,2.855308755092817,2.107615439321046,3.9527055424031015,5.992313644929071,10.472726061656392,Feynman90,None,13.468960798607517
1.562149715502018,1.6056325376898393,1.3214700385821405,2.952988994521652,2.720489363633845,2.335552910222067,6.901748941714496,-6.923207093436682,Feynman90,None,13.469492403607436
1.3384922120079477,1.6143506621939157,1.4306862619315108,1.1779867509010122,2.7829041536947496,1.2118584911543642,10.616425025157163,18.09998094258786,Feynman90,None,16.009921580696556
1.9527522229901362,2.294581173047659,1.9183055588261495,1.0934367858681544,3.0074040994391553,4.129940308588811,33.02389933840439,36.71482168275898,Feynman90,None,17.138930319654495
1.7805142546187305,1.5921524176157058,1.7576217226815252,1.4590959848868752,3.9989576912647165,4.898871757194492,17.33971454424345,13.359306208857442,Feynman90,None,15.674474083998106
1.1588226953074832,1.284097055101892,1.6116477544597938,2.398787090506034,2.3352275725252682,4.257865660499116,2.61575601263292,-0.11866769750174821,Feynman90,None,13.773752961857115
1.5687553303262471,2.4537150528142915,2.3390126209411943,1.9696464073180449,1.9455242595722315,2.2715628961082643,27.35601080266494,29.220445575226872,Feynman90,None,15.97920232986357
1.4002270500448923,1.4042585815202355,1.038447343536066,1.9638606648047956,1.6143058466798292,3.3462732623747757,4.951071820758094,5.430324456632719,Feynman90,None,14.614332781630083
2.77261116224724,1.5137993763038329,2.211383324151041,2.2316801098073356,4.758239993680627,3.2878314632853343,9.856204071257467,5.020741035244073,Feynman90,None,14.679352851782552
2.097517264709067,1.7513995019358057,2.0786937145566076,2.5394427455974675,2.411250114781247,2.307674015066555,18.82107416588697,25.566046871329327,Feynman90,None,14.37904455913129
1.6504073287438543,2.4778319003791607,1.8947388472046114,2.6498915229435704,3.779902554644509,2.249059514316554,8.608754335745813,12.30365288839631,Feynman90,None,15.039603325552022
1.7814365050024261,1.4243972635352555,2.9093507362104556,2.015847183067653,3.267625953410255,4.931818526184042,1.7099494733490381,0.23668308369851854,Feynman90,None,14.651886280528382
1.4795958199244692,2.2018521273608904,1.1427112348377295,1.9272169423907068,4.952662976529194,3.6413695833074495,10.029520823752058,0.2181531423738754,Feynman90,None,15.700127035595612
2.383497563908902,1.1529059165707556,1.200931266188766,1.1618596614931036,4.92829948214721,3.093488084621183,11.698209087245806,13.725397946586329,Feynman90,None,15.686488796771568
2.951525796758875,1.34057671142606,2.666148411724806,2.924767205867816,1.6571394938170618,3.9550971136040007,0.014755061240135193,-0.32159170967469386,Feynman90,None,13.492459626419173
1.8887757373320777,1.3433481630362936,2.787059425936979,1.5685709780171535,3.7098345265670583,2.918675458224334,18.55631569591379,25.822682575568095,Feynman90,None,15.223761708541307
2.9812450995928366,2.456320588196341,1.346333270869414,2.1545422573472983,4.564837519601941,2.8118928362782127,17.652269219020155,23.645945998743485,Feynman90,None,16.03800508635067
1.1237807242545612,2.917974641458258,1.465123990122698,1.7999115775248509,3.880233082327633,2.8951638168747493,14.054892538782893,12.66034967512929,Feynman90,None,16.714209842557125
1.1648689005690647,2.8718581746352765,2.019766291130799,1.647647158860887,2.820401327905057,4.289341277738703,11.619553681688602,5.535761065172724,Feynman90,None,16.886376905735265
2.5415890803113603,1.2878997894669548,2.1295193240417887,1.3236720543532754,4.226538645531309,4.23451166813223,33.087048551635874,30.19606487778269,Feynman90,None,15.659197338386566
2.308948590359158,1.5180560920066175,1.7062707068552676,2.9514119326403776,4.83147022690426,2.2501274789693695,1.7104594641452195,-6.905756241461334,Feynman90,None,13.531882001184137
2.6415384324279754,1.4843284036100721,1.0326884868154618,1.3633403535147404,3.968863978476939,4.198662052841666,18.57345706002645,19.883142308697394,Feynman90,None,15.87426858544824
1.8569278517465537,1.4393046004281569,1.012230829592991,2.0550853620946485,1.0646588666580987,2.1670787707695855,7.447893020057481,2.32382263270663,Feynman90,None,14.63112776381622
2.041579247533571,1.929872592131385,2.641238743717136,2.0734359644341693,2.8457484559009414,2.5398497214011693,29.8563566791623,30.76617240373477,Feynman90,None,15.270696355177074
1.6977724170837554,2.7170773703860585,2.001124595580184,1.496788981097142,2.668364295146936,4.610766345729344,8.898824975992842,4.484674250627024,Feynman90,None,17.031233674922458
1.8784797224447816,2.146813870045954,2.8117070063769547,2.993177491843585,2.501632431801765,4.367150724734497,0.8512231886357563,-1.0204288002876316,Feynman90,None,14.171909136992467
2.6869277997271754,1.1024331160928642,2.108678666365637,1.014631085848976,1.914703312256814,4.771855823119889,0.07074006232388078,0.10275463633693642,Feynman90,None,15.906028994850196
2.93879916753691,1.9671425004728083,1.1865232650513198,1.7231473913901456,4.3970872101897065,4.659698886100768,24.809769442934936,20.256538798485263,Feynman90,None,16.03338459315916
1.784358657193625,2.1882954793280547,2.665249257602932,1.045411022742428,2.785832676788648,3.9650184927703753,25.330187895551937,33.37446821831263,Feynman90,None,17.03492916979605
2.8036335686376113,2.4843966912227797,1.607529531601552,1.7478856844460269,4.038929369274673,3.6354134489636363,38.858520452402,51.24586388704664,Feynman90,None,16.624171676335116
2.570288426586683,1.5389419707445187,1.2163006557590368,2.5308072250802067,1.5340358774130416,1.8665109367330945,11.782552369912459,7.188806750834681,Feynman90,None,14.22996846131684
2.9280619627435907,2.1054385680755887,2.6004805727751976,2.533374408984278,1.7399547171201273,3.953924979535474,0.32405322974480627,-5.115930563442384,Feynman90,None,15.028792036055965
1.3620948706140459,2.30806477747514,2.9125233782863593,1.1421237559451494,3.248266340577567,3.4605813416838025,48.78745374154678,54.17245459102028,Feynman90,None,16.949674301769445
2.276733191582718,1.0878674682980072,2.4500203619222827,1.2995827258363846,1.4277768611154542,1.851266530659311,26.798922004498937,28.562680101309574,Feynman90,None,15.37902969065873
2.1845192121862853,1.177596124037287,1.2533362831853392,1.6422851018753202,2.7214623925058437,2.54833008062258,12.287015229722204,15.786461849833055,Feynman90,None,14.973705503187647
2.8665766030477897,1.4617315973866891,1.6502946834772065,2.272526050891664,4.716025287980208,3.7485834038144774,15.387525770911813,9.23237208481784,Feynman90,None,14.575326914424247
1.7590722127439347,1.0141399073561332,1.3839885220794828,1.9381974225865513,4.49844806492772,2.5584614525655285,4.2135756706259695,5.302666799990843,Feynman90,None,14.237925255872911
2.817181100973574,2.5352111606204115,1.8878253491125885,1.5442803067829363,4.498176208746039,2.2188953922631107,8.285343738113319,-3.522314367476657,Feynman90,None,16.98792667779112
1.5070701383653033,1.5820175433601131,2.814679488715048,2.213842010004173,4.218627671389363,1.394332283574982,0.6602608013340814,4.780589310946976,Feynman90,None,14.501468658083198
2.66765893610423,1.93181807880369,2.6981941870919997,1.5700414650773327,1.7013948294934167,1.3900097592886147,52.44923860254001,55.175554112711204,Feynman90,None,16.148810796092402
1.868251798258715,1.844233251513517,2.7491129489192616,2.164336725687906,2.822365271838188,3.420574328564254,21.83298174803096,23.626597329409115,Feynman90,None,14.989831354890343
2.5291811254370424,2.461419102703462,2.931009616107742,1.4698653121667196,3.4625446916080285,2.4801666189653555,36.98840200625671,34.392166318309734,Feynman90,None,16.936153170295917
1.0398156623155081,1.5292369392407488,2.1740008182889214,2.384079165308613,4.355247657208562,3.8166991490592674,8.116341973602651,14.69781028945266,Feynman90,None,14.079555358105623
2.304978872791373,2.364288696008665,2.0433261139345333,2.98969107779186,2.694121457996451,2.0811991106653567,20.498946279938004,20.650671245973196,Feynman90,None,14.551464588104757
2.760202505105465,1.3498421743675335,1.1883229299043192,2.538204441265078,3.642742801255273,2.499543934777488,9.374814756630014,7.891756334687077,Feynman90,None,14.022341352567153
1.60988735127401,2.716671908884672,2.228636353305193,1.8162560180181637,3.8899851368395417,3.916592242271263,33.70912142116912,33.9459192208412,Feynman90,None,16.546062762741037
1.2439871359179548,1.3754438760683296,1.918012011709266,2.039289727566347,1.2932122858779103,4.535772458397618,0.001067586069588023,-1.1470540696281355,Feynman90,None,14.432149261490643
1.8697337163771526,1.0565308496557064,1.8919141261781085,1.899922477053824,4.143686539614642,2.8561525738083002,7.33697667617227,10.15123706439811,Feynman90,None,14.37289023636542
1.8339772084004493,1.3906208561520923,1.4232900304466949,2.8171989914972455,1.6455837278263061,1.8143464066133692,8.056925736663912,9.305439079065682,Feynman90,None,13.455902376064213
2.8860625844880685,1.1044880546772646,2.8069792108407734,2.339985588630376,1.7847894179052481,2.97738985294508,8.484928445378111,11.062204020217902,Feynman90,None,14.027416827264231
1.753702643085316,1.952423478722923,2.070036447547362,1.1376605472350263,1.6584726213026988,1.5939983536803477,39.08682404378996,38.29093248347814,Feynman90,None,16.593810899257477
1.4572103486120653,2.9437922529470244,2.7459022708267034,1.0806721273801567,2.528549118567458,4.022355243858365,12.808162448658623,14.11793699120763,Feynman90,None,17.86930879324489
2.6218980244692838,1.2719580825855996,1.8168815850340707,2.6700732322540643,2.0110288320475243,3.9846658580476424,4.22022379714308,3.650374165682094,Feynman90,None,13.699816384212335
1.4582438015540398,1.6523705332535144,2.126981960940876,1.351818592815625,1.5382308321376112,1.1892279597001312,22.747178495928782,23.56892795129096,Feynman90,None,15.833030641406312
1.934685823409884,2.128290086674035,1.340945192098351,2.7723666687809865,4.724617656583133,1.480868363442657,1.7921308352685177,-3.37859214557517,Feynman90,None,14.48229638045171
2.3502852260788085,2.198570080752262,1.244466086325902,2.3103242436046254,2.332274209936196,4.645369590344098,8.297067326736348,12.600298050611087,Feynman90,None,15.338862371842136
1.1262448808628955,2.4817186865862277,2.575820603953419,2.3624832596005922,3.416299801641021,2.05932212563742,6.074886118645117,12.234272401381821,Feynman90,None,15.34206295262665
2.427298212059808,2.1190618250749025,1.4758671430080268,1.354818526792934,2.450782442429599,2.032010846772159,34.09917810582169,29.517270526596555,Feynman90,None,16.64465472616652
1.364964501438889,1.8703288116443282,1.3693569905597938,1.0609316223257355,4.430356984703844,1.8075194173171005,6.10038545254961,13.706131599123307,Feynman90,None,16.51171306372502
1.6604373869475628,1.5894040869665778,2.1959895064314114,2.3850288210385804,1.2397812329883204,2.7929459483723114,5.155243607485057,2.5514479893662845,Feynman90,None,14.297185410740008
2.824860755095786,2.335864278463456,1.3728253515984281,1.7494938402397733,4.388533573031442,3.2048396215161232,25.97548259711121,30.459880213480886,Feynman90,None,16.437819625060822
2.546669410905073,1.6410821019473796,1.414123630402509,1.4668938419791413,2.8084138685445823,4.32853299337158,16.950273650930438,5.278886749555564,Feynman90,None,15.901271607537012
2.150671977737538,2.5888516222228812,1.9973650934390492,1.9820244342373987,2.539695803611805,4.041080277753372,15.6011145525051,16.254194973592075,Feynman90,None,16.266667751089727
2.839183698287215,2.785556540139928,1.751825928178058,1.3395085579800163,4.180027822553736,2.121295916874845,18.92447241787585,17.211690220274793,Feynman90,None,17.60906098506267
1.338307602259843,2.912507788711986,2.4284278071880863,2.964823967064372,2.1747298757545623,2.7573886974854793,16.92868050250735,6.710734692284566,Feynman90,None,15.062835385312818
2.0681451895517933,1.001310460352708,2.8301881016312356,1.2178821603164875,2.19793225240035,2.477993708793488,28.686796911963707,29.060761506619357,Feynman90,None,15.339848713288776
2.7300656050885417,1.9606671670760663,1.4724146501759896,1.4679073851899374,4.120533058755379,2.2311375662411645,16.878140017435136,13.362492332514268,Feynman90,None,16.34832035332949
2.1274362296009706,2.0143141463085534,2.260647961724802,1.1234606443415824,1.971520433079426,1.8982947692453624,54.0563520727065,52.830845035023465,Feynman90,None,16.778972557028744
1.1571078000586938,2.9923037929727636,2.0091538343702977,1.3988655884889563,3.4079529759214493,4.850252584593183,14.663924245588197,16.63645004396384,Feynman90,None,17.399471091021823
1.0100178610560233,1.7295520401516085,2.7664992609376244,2.2027669620411383,1.2837032961131039,3.388111417549879,0.08503791379423933,-5.06113554752504,Feynman90,None,14.59106500604
1.950654663708545,1.5522898470278614,2.0580140295789175,1.1704985122190428,1.9993290871710623,3.0044124355483395,23.101180962537402,26.573420695656328,Feynman90,None,16.082440942886212
2.379758035273026,2.627160818207698,1.297878498478364,2.7314050788646274,4.5274625117545435,4.745019383655265,18.542140300739497,17.131045795611712,Feynman90,None,15.278451405410646
1.2460213985251167,2.299912445161324,1.482147356474354,2.9463235332492568,1.7849764989512487,3.0771203813943107,6.606552018304487,7.9724604485637,Feynman90,None,14.28951061388484
1.527543629683848,1.5398435051535617,2.3185909965766243,2.454351155436468,3.621890152098413,4.8132792666555595,7.058808304994924,6.755383655933132,Feynman90,None,14.102858284839943
2.9766268809692136,1.2853732337289971,1.1799597160367763,2.2775509505147538,4.011466417865141,1.7693590597301987,6.688929229389105,9.821223485975997,Feynman90,None,14.369015067501893
1.970264713159976,2.232303258673625,2.392111706004104,1.6284624283724172,3.1173230491858357,4.356868954717999,18.325170024762276,21.53836574674279,Feynman90,None,16.285873228426343
2.1907937704693046,1.5623716995166865,2.9092648119689417,2.7253430140319885,4.5806159341547055,2.056765615971555,0.43483234207284344,0.6209466470754434,Feynman90,None,13.889793317828444
2.534438397305312,2.543306681967124,1.2708121538350394,1.363121751538201,3.7189973035252013,2.5949070095515827,31.75819792158523,26.21227672215489,Feynman90,None,17.19669153441368
1.7380066842488864,2.526820164757532,1.4270954208168014,2.908132286527468,3.6921685001762574,3.0499189823728057,12.619023878299384,9.885353666664031,Feynman90,None,14.74655542619077
1.4897478652381722,1.0841566774108944,2.0892055603500594,1.9420625014762831,1.4840418646923328,3.2130025550334516,3.16492672715611,2.111441196956218,Feynman90,None,14.25950830348455
1.1934546796789771,1.9640233183382205,2.8643721030801346,2.026517094213927,3.825111971897203,2.521067091549853,5.4573908814412695,3.5249441472666163,Feynman90,None,15.187609628002367
2.5219897646838394,1.3616099096522576,2.7339994029497876,1.7057266769903032,4.760690770734099,3.1045219191633247,3.992209013822981,8.55376914096723,Feynman90,None,15.192960556655875
1.9913593703453112,1.0853897584442358,1.3153541781118328,2.1160473171561063,3.965966787360437,4.689048012944863,7.824261713765942,11.970901157035616,Feynman90,None,14.123289245553858
2.642395170654761,2.860869770002053,2.4263339306244536,1.3636272317193598,4.163166959275088,4.454628154433296,81.05039430465213,81.92692646764927,Feynman90,None,17.62458693503529
2.139276584021709,1.8482447853989752,1.316413733425828,1.7789708229391996,2.9982936926462473,3.6325184971251367,17.340203215126962,23.208838180071407,Feynman90,None,15.617448301224421
2.6164048522007786,2.9604274334244547,1.8307930487996014,1.3925182438018544,2.490906459887435,2.638625298946062,63.595880381875574,61.69370124747372,Feynman90,None,17.703221275707843
2.907465900142547,2.234223832482621,1.9539442110724339,2.1802035203290657,3.7497194448320554,1.1558463046011487,1.8556938960578129,-0.703759045786776,Feynman90,None,15.701317105544723
1.6455540072760342,2.232847169215071,1.8216664546844024,1.040813233491333,2.4943250531870262,1.9062550727200729,36.68672441284261,33.94358918989076,Feynman90,None,17.066399923542825
1.1370688242183176,1.4844044547438358,2.7123293914339666,2.637807515297742,1.0263889651399554,1.2989911468499669,10.416979045951786,19.070199857258046,Feynman90,None,13.67597353927715
2.8037812552177326,2.9812666698610935,1.6224991794401442,2.3980182636536385,2.5650106313839944,4.7246003865338855,11.201392047544788,1.813426230267865,Feynman90,None,16.310837227335234
2.8828203666600407,2.5776755614291744,2.866123669255839,2.4009129361029977,2.4583746434720344,1.7767667036385193,40.11833438968087,37.68906466102519,Feynman90,None,15.81153212973699
2.0298509927793162,2.231816495872933,1.2215463738019483,2.8606121425352438,3.03209617226675,1.7814855680826747,9.967449416888147,16.386463066288133,Feynman90,None,14.50749948641231
2.523890055956032,2.316124958453278,1.866350747807285,1.5387901172671434,2.269399548216085,4.41583332785901,9.155448469335921,9.0728163552933,Feynman90,None,16.64995817642634
2.0678458918949496,2.1911399048326325,2.183888537974214,2.910721147690556,3.5750780266812465,4.085433307122088,19.238223982895402,15.489433429378263,Feynman90,None,14.39164128628922
1.9479651303764196,2.6439318279726587,2.397107835681692,2.1493181566357333,4.033781072936556,3.662953749141871,33.77616866446532,34.666641042054344,Feynman90,None,16.04694066671714
1.8212005191816585,1.9058904852950431,2.3644155544294585,1.8452424808264325,3.5976342586891064,4.874653401051347,12.215225185277998,14.580022613762509,Feynman90,None,15.521371864780187
1.253414102518371,1.713376293458647,1.548289795413589,2.1274943072956765,3.329019099175792,1.5750134991079134,5.0881649594559715,3.98425931726812,Feynman90,None,14.73581830272256
1.675598827324261,1.044665217284155,2.9910399590384076,1.2977988114182006,4.948288769478712,4.430933501937883,20.676759308078825,27.961872883661233,Feynman90,None,15.188661159765052
2.5678433977028043,2.5168844368520555,1.6306718141293919,2.8278067014479755,4.974487196027955,1.6912706279260799,0.6562316516889134,-1.833264292363757,Feynman90,None,15.041239147443596
1.6921203252306718,2.728527274678541,1.499569375772692,1.85898484330551,3.9902746694934073,1.7033043932946348,7.794832872189199,13.733131483487181,Feynman90,None,16.51789596208096
2.794589845004021,1.2894979138559235,1.1087661795902104,1.1323026643841443,3.119696098810808,1.3723359626008862,16.048262471474462,10.690617117469902,Feynman90,None,15.997553135158634
1.020666803258846,1.109738692062198,2.5765343571502894,1.4201418531074592,2.830397608785058,1.6542761893186642,5.606960777208597,-1.2286244450778323,Feynman90,None,14.943164466331929
1.8238100176417948,1.3076706861639666,1.319359981288651,2.383746208235439,3.8768767280605814,3.4091139070807164,8.034020662084012,-0.05821924722041416,Feynman90,None,13.978282335152066
2.163540141839169,2.480137484894847,1.5671346843050447,2.6543742914426134,4.349612313604723,3.6680295648843844,18.083152387128898,24.05248365054483,Feynman90,None,15.153834489569684
2.3383223766074703,2.175522879591247,2.0983883703359822,1.081403453053945,4.094378965552403,3.758695154841781,59.499609298820126,56.38004248055612,Feynman90,None,17.093548055075875
1.6096242163061032,2.5346564753990712,2.342623147755731,1.3877767011585498,2.243822054916224,2.217964361951628,43.258704617777234,41.19703375129999,Feynman90,None,16.937505290164985
2.3165442754560375,2.9612607869428014,2.451979879426803,1.8165819815537092,4.537827986252612,4.375732924226832,57.41619069429533,61.81844541027497,Feynman90,None,17.01888136174939
2.703976746502021,2.0807105121515184,1.5790043393146034,2.641778742206353,3.413785063802859,1.0880690324405657,5.835981922438418,7.014540854046616,Feynman90,None,14.788284385127907
2.689551860321379,2.327224069985837,1.738994283554217,1.5145783759858726,4.572179430153259,4.431867659765147,44.93126229307296,45.67003745769852,Feynman90,None,16.737310873090284
1.1267587209528025,1.1672428410690445,1.631614903289876,2.6323157313587333,2.6317405852092466,3.0531712794810018,4.923479840823222,10.087788928962137,Feynman90,None,13.278258415203194
2.989442728756466,1.7122110132675596,1.595276551990751,2.7320004643264513,2.30912192402667,4.145377209819779,8.655730054046602,14.305189835226347,Feynman90,None,14.254035726557426
1.6237450169984564,2.642294346774004,2.547145795691219,1.9424537991748336,3.533514558147507,2.471730878638062,18.42272068675535,19.402525191652902,Feynman90,None,16.27117875135718
1.0809571223785666,1.086786199447679,2.109191877146398,2.4704157390609502,4.637078660375064,1.025430749015174,0.1663492240275385,6.06411221130456,Feynman90,None,13.400813937415421
1.0938819127265886,1.312261587380088,1.1725153788290734,2.7777185277201,1.648493616099258,3.5368371479090692,2.484915373603241,6.013142626278933,Feynman90,None,13.243726489919958
1.0091844588976338,1.5803868022671115,1.754089409170324,1.9641204316326986,3.201159459959654,1.434500176719093,3.7260635641862536,6.291038991399075,Feynman90,None,14.748151677382657
1.6175615151517637,1.5077169200951004,1.4647399889681458,1.3167117243729236,2.254506244814048,2.402563736094844,16.979603769954796,10.194464752161384,Feynman90,None,15.736697597789933
1.740948755512703,1.5327089931237117,1.8828604067564425,2.481374264751948,2.4605539664320415,1.8969181789265166,11.571819813774216,11.706845309807644,Feynman90,None,14.103494505287294
2.8441933617971715,2.7297460255176653,1.536261149689279,1.247325354978788,2.544285365424815,4.390322530708274,29.18879509359807,24.014767317906156,Feynman90,None,17.67326367910036
2.305944664801685,1.763292569465192,1.4641550542186514,2.8418522617665816,4.541155321078014,3.29498418593231,9.892880983900517,5.685626958550869,Feynman90,None,14.0023478673929
2.154567883278691,2.617293173523466,2.40739792068391,1.5850349263689747,3.6074226928267055,1.4061037341720843,1.709563957794924,2.0637154359328704,Feynman90,None,16.880918455780737
1.9404123254348087,2.351030348378867,1.9880701015204754,2.869526052621725,3.7823367563056034,4.280490431206456,18.287813799316133,19.933191429055878,Feynman90,None,14.625607733147717
1.555574701252167,1.9271593983034494,2.704958793956959,1.0804480190593366,2.4789628228049123,1.6566154793235532,30.65113168153486,31.165725113130357,Feynman90,None,16.599373983522728
1.9433625886770822,2.2791346912706016,1.0624030434282614,2.86976509352591,3.5124731964568254,2.2748574330447418,8.901260770864413,10.688083680367097,Feynman90,None,14.53450812855397
2.574729721974089,1.5926407919399757,2.3563206901664246,1.4285643732040505,3.369222660907557,1.697530799299753,9.304369367384064,6.8260389938504575,Feynman90,None,15.901839508235785
2.393614776766584,1.9311004501431814,1.9404278229864238,2.7005650811434854,2.82903423950725,2.610072642385658,20.55600236477963,25.191900209608086,Feynman90,None,14.441296379739722
2.6819970832301294,2.87234161914885,1.0906218648948376,1.5254270302220927,1.333948021512601,1.4379490840218145,34.56936149633854,38.9419182008626,Feynman90,None,17.413025552098414
1.6089772614983209,1.240610382428811,1.1283434220512185,1.1965953771394158,3.7440096334708346,4.96394457585233,10.073229069396358,8.839049975614722,Feynman90,None,15.569687433684928
1.8312558701013202,1.416763402701619,1.5429681351979578,1.4215020158467724,3.6225560503004326,2.371995810674755,12.842213056376828,5.708496269770614,Feynman90,None,15.517741649331663
1.480390202101919,2.1921784353069462,2.4478523019959484,2.5268599554499485,1.0689349304922011,3.3325296420733683,0.338474457094469,-11.40317205990625,Feynman90,None,14.816180408655349
1.6916010307050584,1.947393261592073,1.0334744003539764,2.7584207405967955,4.704797545436568,1.7911046336775205,3.406411716087679,10.598551187702672,Feynman90,None,14.21671422578743
1.0488754860365384,2.8155647451132717,1.9905357077351693,1.213684263930919,1.6414936425142428,1.033654213015045,26.896187471141822,26.137910613814753,Feynman90,None,17.419099799007714
1.055219913781972,1.85330709026005,1.2801812756517692,2.0787795549159025,2.9464263585171575,2.097259820017131,6.850696618467994,7.166510222170191,Feynman90,None,14.939088287702436
1.2845687807193986,2.824694987292708,2.0735051958915163,2.1704139902144286,3.673180736747211,1.5070834120760166,2.632711752467228,-1.1450023105041631,Feynman90,None,16.093826713890284
2.8463478938784825,2.6569378882579984,1.2273352807924682,2.278086338457711,4.353660965614532,2.8056346806342285,18.768419430581737,19.0702085102184,Feynman90,None,16.08253391291033
2.655093209450224,2.0303511905432137,1.3623359297913187,2.677247474519965,3.2807170314169007,2.9294089157388687,16.909109783991067,12.221140196599599,Feynman90,None,14.661450677119877
2.410771735879604,2.905710326037668,1.1831888818540794,2.610552842252159,3.827956403188074,3.1328032969206476,18.848939324253813,9.25738132413153,Feynman90,None,15.815510114838823
2.0210857358098724,1.4403201118993885,1.4742941897700848,2.25204802575818,1.2641490917850788,1.9892286831758264,10.876085489726137,19.707257329967227,Feynman90,None,14.3837442539222
2.4353248353803063,1.227828643498397,1.9446051205349035,1.0645507764432856,4.489884661738085,3.494233947838902,24.851996273376503,21.972111146778335,Feynman90,None,15.935145909475244
2.407674186459407,1.790087780985739,2.8907146189741137,2.85668986870649,3.986257486008466,2.538271887622577,4.700526914508377,0.358194926444507,Feynman90,None,14.03820817719895
2.007022827969565,2.8194137002760087,1.3126425082353812,1.7732835498337267,3.8626664192165276,2.590825879304131,20.746136139017153,27.473060820209955,Feynman90,None,16.830380188949263
2.010945407638628,2.456932170648085,1.9429475223975379,1.6485039282961789,1.3898253649986665,1.4906063617932919,36.47172449170431,36.14096283886913,Feynman90,None,16.55173406625773
2.3818666876123955,1.5971232662264092,2.350211146423538,1.2541237429574466,2.9473449607870976,4.030616018247585,25.261868938967957,27.157303000228637,Feynman90,None,16.116879191961544
1.0536978889309578,2.3225000726503104,2.439883108981366,1.9468391882690153,4.74931940560931,1.9261935485282131,0.14414267767497824,-0.15100161072503915,Feynman90,None,15.727237964261896
2.61657621197888,2.448977045477033,1.8049679485456507,2.405266476956437,2.267747029032089,4.9604750061235094,2.181101895639811,-1.425310979020547,Feynman90,None,15.580406972140127
2.3012542312052555,1.147727765043681,2.679444979055603,1.6766089038187852,1.290667735904497,4.080655259033687,0.5985300922393191,12.421371649830318,Feynman90,None,14.912621350300421
2.259516076394104,2.5603391081308056,1.0427888088000035,1.3416781876862052,4.745612786724724,2.0386147819005687,13.824608710793973,12.898033205333649,Feynman90,None,17.186405490463333
2.8491203864539627,1.1554171512290483,2.238838045492246,1.355602756356657,3.212052339810576,4.745598752136434,11.346573282918552,11.285541357538843,Feynman90,None,15.514905794137945
2.5574973575750573,1.9496744351859603,1.1974873884247978,1.875220494696442,1.098150114093814,4.11784379250556,5.78222340414332,3.7199796906348808,Feynman90,None,15.702521967674572
1.7477529569119241,1.101133469389952,1.614896449956113,1.006442028372178,1.391149252250138,4.76782010413113,0.42449913029000286,4.770002008395628,Feynman90,None,15.700645102972029
2.64521110944042,2.536230213531784,1.3679440430846077,2.2791199389170056,1.5077130836214003,1.1217901139383026,24.71837910005875,34.426380906543834,Feynman90,None,15.881346511248362
1.3855797932461331,1.3063438190749617,1.4329594905670766,2.723001252706637,4.671895802719678,4.7474963095419405,5.979022634844567,5.736763689457757,Feynman90,None,13.38272955078367
1.6512826886322214,2.737094102917713,1.8491158330970723,1.5707527734303348,4.507865747648694,4.697914620387996,33.0882019766267,24.492621820540258,Feynman90,None,16.938477790116924
2.5265842911888363,2.134312722892673,1.4656884292913779,1.5726372510939735,3.923823378843837,1.0336000331767572,5.132781130025053,10.703861251259774,Feynman90,None,16.370156398177706
2.227593195190805,2.900074117889961,1.073757952901194,1.5657999931385287,4.997409265597172,2.300365342708231,13.076737787924905,11.133933257175663,Feynman90,None,17.28526151660746
1.6431441456908906,1.4742341087404296,1.0393286388937084,1.4876619036217653,1.2297983175302427,1.6618661014245935,10.455870342521811,4.163165585679334,Feynman90,None,15.451445134229274
1.5818847415898223,2.8280759588214206,1.0666376180542807,1.5770085695516465,1.1946797998569103,3.6990044170648497,10.079186170636909,5.564134422904276,Feynman90,None,17.029149421425075
2.9202982662222703,1.6131551727603197,2.4990911052526013,2.8727318857126596,2.144749010815569,4.356709465323043,0.4582885967979164,0.5431384644679492,Feynman90,None,13.907580570352664
2.260463293078728,2.13391047792084,2.9064364374043317,2.8314981617812913,3.279886638658319,4.315579201821419,13.674082371350282,17.496619584297882,Feynman90,None,14.478271726812952
1.2926278520530203,1.617571051708318,1.707814976620768,2.8850479629683887,2.1006796581317797,1.7835113121271555,7.588569407041199,9.5639299764139,Feynman90,None,13.521571787313867
1.2627746370982742,2.5265797948597633,2.0606401856845853,2.349070933263258,4.35555624625532,3.0150791550424048,8.891242666852653,11.976235835816055,Feynman90,None,15.449960401544692
2.9231110642485074,2.1813855762422416,2.1997009157989744,1.141038968072577,4.317765899841394,4.315510402919662,77.23602076321562,80.78394848014608,Feynman90,None,17.14856805659953
2.538104347420822,2.729848823170457,1.321017613823907,1.6770119392793226,2.436054858843671,3.874811286669715,25.13545765787564,21.570618253020584,Feynman90,None,16.97838938648198
1.3112690725366414,1.3450991001848378,1.7799533110170398,2.1662715089978244,4.238288733948478,2.958435997762818,5.789457354794827,9.489395454169486,Feynman90,None,14.224387778688119
1.6078842428226878,1.7391876778195967,2.084196713871599,1.4885135904719091,2.274273303080302,4.900607972600978,0.5091692927895693,-2.6461783553784057,Feynman90,None,15.779051023613166
1.5788557809273014,1.9786445472183922,2.6636553070459934,1.634789812116772,3.1754921463865755,1.02658486254012,0.29741189024041453,2.6714686813125335,Feynman90,None,15.864229009630211
1.229794709315407,2.165186691983227,2.958889814501207,1.7020595463046773,2.791668346183559,4.06081205424087,7.4971732496069805,14.572644995484753,Feynman90,None,15.923503950758171
1.766706160270756,1.0635659376459308,2.882900228307842,1.7042669331244187,3.846083181801089,1.3543648793135614,0.2930110104584106,3.694661289160957,Feynman90,None,14.642647051519821
1.1941679557780118,2.9521551849877636,2.9045225268145654,1.3117139171626118,1.5200604770520108,1.9325040104892572,43.455710969405914,37.71672722979776,Feynman90,None,17.483634342374653
2.056753107186229,2.6799474373286967,1.3035750475311607,2.468764821678058,3.330034135206764,4.708996610329885,13.86369682230174,14.693064345320064,Feynman90,None,15.65327247172326
1.419380366849361,2.0375864306309515,1.816054246388061,1.4609234863968554,2.697272570181184,4.531564571846772,8.069625084380103,5.022641652579127,Feynman90,None,16.155355187925434
1.533485064427611,1.3472272902352882,1.8222210221780044,1.0117478799833637,1.7175738143156503,2.613811939199453,18.623454536076643,15.644337691982034,Feynman90,None,15.956690208301495
2.0967486960609913,1.063917396642945,1.6965573601714894,1.008425629641771,3.298176772789553,1.604869674981475,11.223846542399375,4.830977844903283,Feynman90,None,15.730563907698473
2.4002747031809495,2.696765109011946,2.8050774402685166,1.956230393305608,2.0211493247061982,1.4753122338703784,47.779677130088515,46.70815932415299,Feynman90,None,16.498712368327613
2.8132160481567166,1.92235038680215,2.79264134328909,2.461959596039044,1.7567621744437156,2.4411631521575887,28.149289762827326,26.856532840742673,Feynman90,None,14.873421795199024
2.1866766539346205,1.2351268960823507,2.835470863328326,2.9913023508164422,4.550546670684259,3.1501788374985766,3.4189215679628715,2.224808814730596,Feynman90,None,13.086011947294331
2.161999084230583,2.460512161048525,2.608489624505787,1.1667272351041114,1.741650455642588,2.4783744087803505,54.38152519996836,49.51383817698289,Feynman90,None,17.291429603918207
2.625972681919971,2.377881373415475,1.2212131511335393,2.2791447963620066,1.5230704400485355,1.6677167223377474,20.967673311066942,18.76456953706873,Feynman90,None,15.675522012831388
1.4397447901103921,2.950782603887877,2.520685289309627,2.9576558079259163,1.0943291857849613,2.235142211386023,10.810968513234556,12.908760931457845,Feynman90,None,15.145221367918108
1.3145512788552678,2.5767991645391772,2.6832339443956688,1.6435726986498653,3.655562591134189,2.2981631471190083,9.834098969182767,14.777427988720717,Feynman90,None,16.55144367218525
2.9668472534436354,2.330521405027496,1.5738665348484624,2.720900687312094,4.833766737686268,1.902646210838113,2.5955014755166808,-5.323188235570761,Feynman90,None,15.051286725020718
2.602022942188232,1.0986210106014462,2.0315989324887704,2.6162849223058555,1.7018789888041828,4.034741168076271,1.2082564080027214,-0.5720796336179894,Feynman90,None,13.553024827695854
1.259970749390449,2.355528340063584,1.7960610457350195,1.3964716213968809,4.4381128247692185,1.741974331134359,1.7803399788096215,0.28761503424928936,Feynman90,None,16.616785951360047
1.862040579844745,1.1789665485270715,2.407631092629976,2.6180719445258167,3.7740544992043197,3.153519409494863,10.493937709676448,6.293039740896064,Feynman90,None,13.482699458032886
2.3418911211308915,2.2257230625511566,2.0525602244789947,2.9319419954916306,1.9063735449373516,1.1205209031215375,18.368160378829316,26.241507132285662,Feynman90,None,14.4676887303421
1.407040521393836,2.334453152371784,1.4904132124465037,2.3072964963443976,2.469165168664049,1.6256422566568296,11.665413944217685,1.0733290243469664,Feynman90,None,15.299494335570257
2.203819700040846,1.2141545985785251,1.9931527732704122,1.0890287095630982,1.984292296182141,1.4281884193025927,27.746241305871,28.761061301186686,Feynman90,None,15.82901377677292
1.1662439260020827,2.6019127222727136,1.2064713795216095,1.4380813646910167,2.839282292676311,3.9395794602212444,13.780213206136745,15.902063444580149,Feynman90,None,16.848094586542675
1.7900219842778673,1.405108388821194,2.2116085042513536,1.5765465295611951,1.415608292725354,1.1486387168822652,21.532578498298026,14.044043028705293,Feynman90,None,15.268031837578208
2.433813781390541,2.545594194689288,2.176836780508469,1.238804175450307,1.9453431763118925,2.1353755726120385,67.43379610377018,67.34882464440595,Feynman90,None,17.35724375598693
1.261641536803289,2.0323090675066817,2.676789511225907,1.3730298476661211,3.919415393305654,2.110810404143395,2.335697515611603,4.271579513618639,Feynman90,None,16.240216216545598
1.2944886642792894,2.0038448965247504,1.86459635905844,2.8074315843404856,2.2044994033154586,2.0954595479868603,10.78751263348599,5.374888143845231,Feynman90,None,14.126068198395537
2.8321714479316364,1.6105343524920415,2.5386354737962806,1.7991937447144395,4.527741857458027,2.65647054852618,3.447368177442974,7.578711582742977,Feynman90,None,15.44484189788776
2.6373059611371676,1.091745566449952,2.258678840274518,1.0757619321226632,2.169290945041013,4.774739620737302,0.17172231177846053,-1.4329023966052328,Feynman90,None,15.792165580342568
1.2623694102090006,2.3776000486189384,1.5564855435200777,2.7375581743149073,3.7487985896453067,2.720992024279042,8.621935988073787,8.489574251155915,Feynman90,None,14.695585031320572
2.7871394700218723,1.208972210626616,1.084116705227339,2.07174374952076,2.497636376633022,1.1513290620034993,9.246554086515415,4.796699893689761,Feynman90,None,14.527574869238775
2.6602398187190763,1.4959817870265528,2.0431030488908535,2.4420860165467975,3.927325145168803,1.356685213374476,0.7373489322689583,-4.491049715933581,Feynman90,None,14.32498209929736
1.7489143467427577,1.2318883791947086,1.539130628139963,2.4515720542856956,4.278102703181279,3.5751161642983558,7.701235503381507,-2.700160066198973,Feynman90,None,13.76610151878669
1.6468144888021872,1.321130029516844,1.870987555658845,1.4364960156028694,4.2631339719716355,2.1582821311516236,3.9013850673606054,11.198314048503587,Feynman90,None,15.33197712241559
2.7454363642913577,1.4555728601058002,2.523516375806349,2.4022477235954813,1.309312681751714,4.788239066661699,1.231123512478114,10.618935637897382,Feynman90,None,14.351077307467905
2.823788537805913,1.7573248267958606,1.355651818683703,2.7902989849365802,3.6561410776102234,3.841825199571727,15.068397036335648,14.429947466203508,Feynman90,None,14.188611037821634
1.4097748490384796,1.1113761966091815,1.6827139863831835,2.084189176837631,4.207240814972213,3.806067975983196,7.650825369620483,7.808261532519212,Feynman90,None,14.06912149816742
2.966458731141581,2.3407730158202216,2.5541609223772808,1.6792177183503034,4.246841524249967,3.7338769605827156,57.395633944223455,50.85949167396766,Feynman90,None,16.578748766290783
2.60567683123189,1.834287383982394,1.974118271509239,1.8331397679222075,3.614188479809266,4.038579024732714,30.492453532190858,26.834501182686783,Feynman90,None,15.62802885759986
2.732944425647883,2.7565944007871694,1.0497779773329186,2.642301371274672,3.709161691501968,4.680256751337268,17.232800665443254,14.259639617869915,Feynman90,None,15.653692633842153
2.055749967289785,2.3218619447399798,2.403941194369456,1.1978401530005593,2.774062355787457,2.60994813343124,59.41158756583333,62.20319885070707,Feynman90,None,17.045478480567468
1.2937769212682475,2.990814848999249,1.6077393038115633,2.3953268915866164,3.741954876188542,4.193835129990449,15.613231814733911,13.614615974401953,Feynman90,None,15.980191242553582
2.596134822625559,1.4761852906403419,1.5808464126382578,1.5816043179023414,2.788644117729793,4.351792618622024,14.059392557810039,19.134895978242586,Feynman90,None,15.536152050984423
1.7651779701884371,1.111963276715061,2.5393168043404986,1.312530551851119,1.9382411331093246,3.864782524535106,1.637511128378399,2.635225005532494,Feynman90,None,15.273392729851356
2.945288854143615,1.146718510475239,1.2363266583571466,1.5057419288798077,1.4746540091240314,1.2791594637067636,17.339320744771268,10.30692223832056,Feynman90,None,15.307635063626083
2.8139183148118545,2.8736950306064957,2.4891776684495435,2.052731090526962,2.348967700798338,2.090819600187641,59.51968106470784,64.29292231392625,Feynman90,None,16.678383338146613
1.804904669400365,1.6444317661478438,2.9608233745945385,1.8946454857620083,4.302380992256108,2.7933602899625942,3.626411202153932,1.756649421960699,Feynman90,None,15.113307401716193
2.3366318963968853,2.925717177622903,1.6803733409143846,2.362104043925287,1.8653377814065832,2.1284129403327743,30.062506996116426,35.6845065046099,Feynman90,None,16.185152476782037
2.063906070720493,1.219561222471561,1.2869760346076013,2.8495789835831564,1.1438926877514328,1.30247131913399,7.117954773513042,13.891272981074252,Feynman90,None,13.244081611737876
1.885963138501792,1.3744183884803163,2.9543159193371924,2.059396662044171,1.6972040341495402,3.2853453717525234,2.1662407919492876,-6.790968232037922,Feynman90,None,14.549011041256444
1.3808494191726737,1.7637230855765975,1.255407463166626,2.4916879188435,1.5825742726854783,4.46765587813913,2.217810577456925,-6.046922622508424,Feynman90,None,14.299598616682536
1.7725719549495564,1.4832105830661881,2.4573936494580266,1.4717838772500813,2.981091512086562,2.5917387459007415,25.54050119694306,28.622405589278895,Feynman90,None,15.515662909946025
1.285477299921225,2.399943557534316,1.1266097320577444,2.1976111417597917,4.693773578438382,1.5913616635677776,3.1530748853346644,4.693010949505274,Feynman90,None,15.514339262803285
2.504259160864622,1.7931001765236485,2.707975789207147,1.8298391622763845,1.5338346591123275,4.8238372503387925,1.967398699711328,2.290827574701183,Feynman90,None,15.557164518935211
2.884169350765858,1.8577434529208607,1.1323183233533998,2.4275397208845364,3.9024204964804285,3.481995542639437,15.408879534093721,19.305664069470975,Feynman90,None,14.857595796291275
1.9001072347169505,1.2578042099111695,2.9862490440824363,1.2682505135877586,1.9583281753529795,4.290020864569261,0.3242696771838826,-9.243907282935192,Feynman90,None,15.554217109846448
2.9193185995658437,1.4963777617290444,2.4253470743810324,2.7777148239910834,2.625833837409666,1.9821492845058262,19.47686092288639,14.24585940510545,Feynman90,None,13.896996761455702
2.9757740177439675,2.7356671633909553,2.924064155627905,2.9559023244262255,3.573560080433733,3.3866139311814876,49.35126018384046,49.443078093606964,Feynman90,None,15.226886563177379
1.6567078148800207,1.0517691779275087,1.3339514366542846,1.9794176315349965,1.8665688476220752,4.161981573642414,3.1428139174976493,2.2974564090613168,Feynman90,None,14.202344668274957
1.640431762374089,2.6945173616361133,2.248188503441795,2.7997393277315235,4.075221556379184,4.581457863251714,19.995801577518176,20.512766425247456,Feynman90,None,15.09500517802019
2.2715325351888858,1.7176184761945175,1.4228108912548936,1.9735451414470628,3.398939262383341,1.8370633279452253,11.497604995261431,15.071438096270345,Feynman90,None,15.198804278939784
2.3434142140500653,2.9065313701613693,2.054234603328984,1.1981356699141847,1.1398547862278994,2.9401867501092496,19.838507332486653,13.996279118376085,Feynman90,None,17.854617630239293
2.7533684870051087,1.8978897146791278,2.8451875742651236,2.84844783554987,2.6353106653075846,1.8412855297635793,21.015811118417357,24.6040339784017,Feynman90,None,14.266654770392757
1.7617914823576821,2.44832405501002,2.9371727103781424,1.391008999442441,3.6437187476137747,4.940785742079134,14.076176311661051,13.115385407966189,Feynman90,None,16.857955573239433
1.9359284318536107,2.8316904903341125,1.5270926312295248,1.566809997764886,3.6213626845168863,3.971035040158268,32.78082785343058,29.935506847659028,Feynman90,None,17.129863274171075
1.118884048613872,1.8915909932323494,2.7007163827035967,1.3021827577160092,1.0753200670156855,1.48659519740013,24.858819861614485,34.39776943495036,Feynman90,None,16.13149391121272
2.575819898861834,2.8320881777598745,1.6799397932899371,1.1792299724795872,1.0086016691228115,4.293493126857772,1.1941344013470354,-0.79337547421654,Feynman90,None,17.84079689973438
2.4638226753959183,1.9120288181151837,2.2313371666700497,2.533596608545751,1.209235031554286,4.969142197652104,1.1187836549096914,-3.7741064064466414,Feynman90,None,14.675920405192404
2.3919660923983717,2.5010888366019612,2.562459137115833,1.8098383104615612,2.814452588207221,2.661883946601379,52.54635012831474,53.87247976626726,Feynman90,None,16.460805497859297
1.9902350944761582,2.3417542171005463,2.6834463040666314,2.719018089342975,3.7005048581585056,4.332375236849928,22.60697859077519,20.64848516131854,Feynman90,None,14.844075981466794
2.72557625596837,1.3157077290874704,1.4563955831049844,1.089883358897956,2.1416658531166624,3.1279679726199667,25.275110071504994,17.590870667728726,Feynman90,None,16.076712406507507
2.927612169504707,1.891118241825195,1.4247463099292985,1.1129311600441527,4.091174253883919,1.3921753900861122,10.615321844702608,9.666726389787138,Feynman90,None,16.82133647383919
1.3438448553970237,2.019016913236631,2.69157710268782,1.284106098167776,3.297213834087125,2.0875435256000077,13.439008867384905,10.765816439118304,Feynman90,None,16.371474040969876
2.901033294439893,1.6333759808005424,2.6982499779457716,2.9044079642034744,3.627217656618225,4.290585086506712,21.01980470085909,17.071534518057383,Feynman90,None,13.882817720707518
1.631428059022913,2.8963721367251325,2.426596658520474,2.283828114711315,2.3732842402398493,2.977134701767203,26.28997303636264,21.255456827996568,Feynman90,None,16.09972412315865
1.913750730724907,2.7794443359353194,1.3586415973579566,1.0384281600626466,4.539620171618175,3.0695647029753013,30.992217362764837,36.17900824730516,Feynman90,None,17.826550172327252
1.4753558196086098,1.0411720194018437,2.5849218126868507,2.319286971420512,1.683395703967809,3.5719396313031173,0.7506091074632854,-7.912061627009617,Feynman90,None,13.65308990275411
2.2227663939903524,1.8629420586476855,2.9306150390136536,1.0192801409851429,3.9323961966726975,2.945807211825661,35.23621694363583,31.07140206198622,Feynman90,None,16.759830996051807
1.6918031354659127,1.5877088849670393,2.571754340765705,2.823554886872789,1.5931202171312964,4.420777542662589,0.26182092194169,1.2566426348145057,Feynman90,None,13.664653692474172
1.6806120909473552,1.0615649358417847,1.2649095703638935,1.7802549822615443,3.318897603674375,1.4653130161759864,4.922869369645878,2.953788689446964,Feynman90,None,14.509854893003018
2.186049986095334,1.0591386907005143,1.778476406743379,1.2876164900629206,2.9781890956132058,1.3050598034077923,9.014982015197015,8.306682923969104,Feynman90,None,15.339072016398289
2.4997356401521467,2.890380806463213,2.414159675018091,1.5856913279145204,2.970721738055504,3.401796721158761,63.09871185675772,67.01344463014384,Feynman90,None,17.306499477111437
2.097089232691183,2.637415478238681,2.1602721484896694,2.1879946364193414,4.976285355975769,4.342974085153327,29.282417562416086,23.204622168607187,Feynman90,None,16.01666097374907
2.1666708538612887,1.09799743170204,1.1339531015555189,2.6452685236801394,4.068119367593778,4.5209653136881025,6.268089659720929,12.089438952450028,Feynman90,None,13.410133935200005
2.819624040073749,2.61771650483189,2.4615558715011803,1.7927946341302403,2.0693035790033876,3.108605270925054,35.69884427833555,35.85217161863691,Feynman90,None,16.732091641174076
1.5182729975560465,1.7161383493364497,2.750601576321896,1.669905435209302,2.7225067436486903,3.6161920275227493,15.846148369900108,16.744672911053215,Feynman90,None,15.465436808645881
1.2503194154827515,2.498521482322147,2.4750902017395595,1.585519530389844,4.270424194749035,3.009934516639802,12.590740265051258,9.528878176817534,Feynman90,None,16.521554754511932
1.2797119951326619,2.670451926978452,2.2021281454371824,1.430731235473433,3.34571806261229,1.143505214942849,2.4262255292414734,-0.6372200487111206,Feynman90,None,16.971994485165496
1.6053086314649128,2.9493553548198275,1.7229342814665545,1.4947518187273185,1.5592831567100927,2.9472124278361136,20.765611624529836,19.39110762829408,Feynman90,None,17.30835192391073
1.0284300048961936,1.4965946424758336,2.1474770662014335,2.3965339002232673,4.127578028343757,1.2485898979546715,0.002293540444613313,7.498830455460558,Feynman90,None,14.01732197746149
2.9545922964369726,1.9500479214599382,1.6152688505031312,2.590510587874949,2.0234806449572997,1.9608868032384175,22.553407528315482,25.184828424465362,Feynman90,None,14.754203122444256
2.618949056741555,1.065595511151236,1.895980623000013,1.87450997756359,1.4894703701564191,2.816468909002626,10.14584067692778,8.625890090544363,Feynman90,None,14.593387275355978
1.051560843538088,1.6481621606979662,1.1907543745486322,1.5682695068702273,4.264159389169755,1.827384580538511,3.871970317764674,1.2044572572931975,Feynman90,None,15.419602670219342
2.6119126013063125,1.8811948958798095,2.22116610903449,1.8207098300327664,3.317057844545347,2.149841039036414,20.76646567122605,21.88458070261219,Feynman90,None,15.707184579394966
2.9754140147247536,1.7425787358087295,2.7151068853143547,1.039914496787813,1.6816588973331719,1.4830068491783255,83.01468487985271,88.59183744402692,Feynman90,None,16.749575344433516
1.319944597279132,2.803132896238897,2.782244437258254,1.5948300393088777,2.9345210491175995,3.7553388252634394,25.724880121192466,28.167667718982415,Feynman90,None,16.911376697265414
2.682060440134536,1.187969567703848,2.756661944894196,2.1548719854967935,2.580403464401422,3.9681991125887306,6.211901913605856,0.7727546814333044,Feynman90,None,14.355878887827743
1.2555810816935113,1.124689384421455,1.148799545839062,1.41862234992793,1.8468471249180936,1.9162189687604956,7.181328872184473,4.381805235628336,Feynman90,None,15.018323184016932
2.4103610894284087,2.612621569412479,1.1723987613874474,1.996345252676426,4.405809417781024,4.362519580646923,23.231912230179216,27.995612276702055,Feynman90,None,16.335699787276095
1.2600524701886728,2.632605563575177,1.2297679394520515,1.6102428743485082,3.6701493618396914,3.6165053370643307,15.91213900110744,16.592071760538104,Feynman90,None,16.6583576385091
2.300081249666006,1.0298462790628655,2.308869495433658,1.338199980218184,1.0017468265614178,2.6319929194616383,6.570035759252071,0.0588342234719903,Feynman90,None,15.254459275825297
1.2179635364588157,1.9056695281258982,2.936529847382632,2.720274323940452,1.106720299804857,3.7943471804175917,0.5248459373570142,-3.5412755892259806,Feynman90,None,14.110367927647143
1.2651874774734548,1.1279359136024867,2.774171520615206,2.087765727303653,1.4059339268841655,1.6172808789256892,11.576937925078576,17.914718064133833,Feynman90,None,14.051782891725148
1.0561995320800264,1.1140530055023523,1.2596599896788327,2.825480854613228,3.8997585385852176,2.0725228664999076,2.0749278184502074,9.835553574681098,Feynman90,None,12.913571587397069
1.269979535683808,2.051898452845381,2.0967795315728193,1.2991385102438897,1.9469320610266556,3.2165618843476897,14.074345510585333,11.814557777148433,Feynman90,None,16.37447382068708
1.9137720125911266,1.2413164902607152,1.1809425049734323,2.4908393937818536,2.589494298473188,1.705939323447414,6.457567573710546,1.7733226969851152,Feynman90,None,13.758851689399112
1.3296191034850813,2.4320465174381147,1.904414995995199,2.488899857457027,2.867975982613468,1.7363623378471913,10.387708570519862,14.58606307880126,Feynman90,None,15.141791979395881
1.7475179581848759,2.357298823731322,1.1042758546407698,2.0468658095973993,2.1532962935686135,1.491266697728126,13.352880289694049,19.049549276615558,Feynman90,None,15.785364502669431
1.9408796990257347,1.2601944289579876,1.3354802841801108,1.3376025761830486,3.028452965750464,4.8905720485458914,8.89800168784242,3.212869945820807,Feynman90,None,15.465786234067854
2.4059029902098783,1.8462703350578644,1.2319246119406733,2.339434350028294,3.5580907133294595,1.3335435824090793,7.517053017074479,13.694283704027857,Feynman90,None,14.861291492889311
2.7345827777655005,1.325137434559021,2.75757927858435,2.4253584837077686,3.9998040655356593,1.0147959256745582,1.0457252118616733,6.872992984620743,Feynman90,None,14.149110196661395
1.8389173259517175,2.676519308360975,1.50798253059863,1.2692398736730153,3.0742466224234817,3.752443780931896,33.64928924189471,30.33196196034403,Feynman90,None,17.34289955571998
1.001579788279902,1.1758170781477195,1.8591595748844414,1.3622007219945402,4.042640353590471,3.0801079626705863,7.675824124407968,14.060312057119432,Feynman90,None,15.107054632050112
1.8294168978027645,2.1777732428596237,1.203353455030214,2.2073379374820465,1.4203687717014617,4.85029617781032,2.4868222945483556,18.19040083889962,Feynman90,None,15.342555245404236
1.5216659643581556,2.116473888991515,1.639404099190462,1.9492274660373337,3.4456367415903544,4.3528353433108125,14.104331636485382,13.874154091665883,Feynman90,None,15.56921038937054
1.6714003647462519,2.363535421150691,1.1815290976249002,2.0966404375535728,4.196249922039337,1.1606860206497882,4.137650874824763,-3.197351373046814,Feynman90,None,15.7034507531949
1.287982457665015,1.2051148302843206,2.7855139751702356,1.431826470568845,3.281660578575736,2.6286702084173768,14.28599256512367,7.041288107436947,Feynman90,None,15.108841792204354
2.192617118706714,1.9142907127699982,2.172165895426886,1.9752109610187336,4.980661741786188,4.068862223565615,20.678075526135384,22.507760990560282,Feynman90,None,15.428369996791304
1.74551050916685,2.7660046455906224,1.8693962639633919,2.936087879396786,3.08992943706691,1.2929564659377801,6.7656211601553045,7.966080905901645,Feynman90,None,15.011802726715926
1.9507641597936616,1.0305040138186115,2.127336628218738,2.4249266375207625,2.651185636744208,2.323822886522234,10.640159742383348,1.5440813382588274,Feynman90,None,13.59508779215608
2.155240589223588,2.6699245031992946,2.0207977180377865,1.6376229717599524,2.9222400523810044,2.3016475595291945,39.06598181565479,29.80212821539085,Feynman90,None,16.871545517583016
1.4211077603216808,1.044576250367415,1.2629758120278405,2.0603198816305044,1.272261309058174,3.7970264633882103,2.2479892019176377,-2.886266704115716,Feynman90,None,14.021478361074118
2.864113390779715,1.4031792323713534,2.5693533670291244,1.956342493860944,1.1818245621651289,2.277896147937604,16.287312061717483,18.403755343504557,Feynman90,None,14.960003603651076
2.3759498026445507,2.7425532080910378,1.0761057492446369,1.8536783245319703,2.298974057851605,4.934136374425631,11.548614455955168,4.31679933010567,Feynman90,None,16.700457124813973
1.2812562020511717,2.553830157023972,2.60394204351123,2.744982658339774,2.105319925809689,2.5419426618187146,17.490534524099647,23.750080198943053,Feynman90,None,14.913237824250016
2.962908626662358,2.9398112078764136,2.0169986045405217,2.239572259842892,2.2538578585322133,3.43329725728527,30.013058633470116,37.97726387684416,Feynman90,None,16.525021078923047
1.9806296649930883,1.967277397988716,1.5425583434549126,2.9465649405666534,1.9749539126271975,3.4753686026802875,8.024758610582372,5.42061593254958,Feynman90,None,14.034818030441103
2.256543619926048,2.2756499668241656,2.871645276199036,2.142454419396242,4.016648620138277,1.3792506960356197,1.0907155467273588,2.0693297441483303,Feynman90,None,15.659428781484243
2.252246473980886,1.8545389919887065,1.6700126546090512,1.902290514300384,3.838220379265257,1.8506061949409673,8.298433526404512,7.347565455075194,Feynman90,None,15.472094939257929
1.15105733938145,1.6416696557246284,2.991152198221597,2.0812524081139907,3.8997050978733174,3.9979859942297424,16.941288927233614,20.89441554113517,Feynman90,None,14.68835988703618
2.8015419987026933,1.0781079203591786,2.7685263407234184,2.8592013815677553,2.079624788316854,3.4499518943304732,4.582814583303703,6.837064701141802,Feynman90,None,13.219569889249609
1.534488470514858,1.0395827486544174,1.491866597021643,1.7985976592265625,2.583282583040824,4.401825124479763,4.313751845928638,2.0989076275406475,Feynman90,None,14.421681484391742
1.5467927594164448,2.735153468252462,2.8865255158012295,2.2318653403466087,1.0630360296567876,1.2171612946263575,33.81630490783362,41.97520180049359,Feynman90,None,15.950820130676115
1.5938333266133027,1.6388868871193947,2.610809335369053,2.4431771783508354,1.0900062341492949,1.2881832861140357,17.150692500951628,12.859736026012577,Feynman90,None,14.260277349494347
2.850707266032694,1.6443927198895005,2.4542901007116855,1.8387704090508057,4.813369056680199,1.2791328412616783,1.8091196519588506,7.0057278358661055,Feynman90,None,15.434614162411053
1.96420317839237,2.2438416594975252,1.5673051421690407,2.695008376989925,1.2175128923511558,3.64419323109044,3.983265244391375,2.653018511854249,Feynman90,None,14.748492122415845
1.4072007799747916,2.908715942972285,2.005952446802528,2.5365175675922096,1.945056095931089,4.072858324536879,3.1921237278629317,9.08787784894668,Feynman90,None,15.696550551617598
1.6582308939288788,1.8286437899936188,1.9438317780501264,2.72767589024142,3.372498757628965,2.7433854830442836,11.967581868246215,14.130665031236465,Feynman90,None,14.102740016445463
1.667162719145957,2.18465201122207,1.6148004978771504,1.6354256650342671,3.0428026472590455,1.766039796188227,15.643791340321497,18.85756688209505,Feynman90,None,16.14555827934533
2.510270303636667,2.8283924154056193,2.984825524471823,1.3060174647572271,1.0882194235252545,1.2244781656282782,100.55768288224584,101.39011619640945,Feynman90,None,17.636708972571483
2.6883379575331565,1.9486898355953153,1.4367961687220014,2.717572965705289,3.429796367909272,3.8955758943728163,16.76295375661394,21.49177680467984,Feynman90,None,14.506605951316066
1.6607089482155093,2.395386150386134,1.0005749423651227,2.166386284699289,1.3038349952069144,2.053605511735407,11.012800276475206,6.987920176267046,Feynman90,None,15.640096225257258
2.241391735786679,1.222307654382439,2.357429585703538,2.206095208787195,3.9858941735185924,2.051784579413473,2.0390891577659986,-0.3963977401587657,Feynman90,None,14.223893454609335
2.534524147823002,1.2688019204889918,1.3384731853289864,2.736946511507494,2.649735263507341,3.2264392153231976,9.400294314397472,6.772182792989019,Feynman90,None,13.578513523854934
2.6854074149817144,1.007602224521223,2.32704858824736,2.9000629242121327,3.2872863616119927,4.088137354206279,10.123481082497044,15.02031626495679,Feynman90,None,13.043834309329268
2.749136278735964,1.7426951821827903,1.673158930568029,2.865866759428755,2.6750806553905893,4.38684796423539,8.405915965361004,9.315709717908062,Feynman90,None,14.042997583614245
2.393366636531761,2.5700606181226338,2.142025806015502,2.8877623931680567,1.9819724404727181,1.7583490980818692,28.123915604478253,29.652666770556266,Feynman90,None,14.981632649063338
2.099215609339371,1.928687444992107,2.0035941665391284,1.6615577919232367,4.7893396541416955,4.876406453592088,30.59788728526971,36.204750655814436,Feynman90,None,15.881256718758715
1.1830580588110122,1.1335328737588477,2.2692833671089976,1.9301024170645023,4.794111456059287,3.70828385296187,5.805818199569882,6.351144068551068,Feynman90,None,14.269271614801609
1.7844102160777613,2.5581552160191103,1.5250881144897273,2.079916817427671,1.2166303057545242,1.3822998835940563,20.91890015828775,16.33516890683817,Feynman90,None,16.001209686185348
1.9588251756823296,2.4306274728978927,2.4570954341309945,1.3146024114296535,3.311594168352503,4.760499219065829,16.88499378953921,19.698475037417953,Feynman90,None,16.99177877915165
1.4591232074540148,1.7554209473339297,2.9192364236417863,2.329964944489804,2.427083925918434,1.3518519611870277,8.186330965316902,1.050581196061744,Feynman90,None,14.542143573821198
2.2054413154096943,1.787294077689075,2.1624446965134743,2.1241424480285946,2.8670677537661406,3.22375545025727,23.9879834977617,27.6783554747483,Feynman90,None,15.053280676795477
2.006870531791484,2.2929833991111206,1.569086519280674,1.4015289471689458,1.994581199145768,1.1679157548126402,28.078648443052778,30.307907377242213,Feynman90,None,16.701385438996688
2.851393516443063,2.873426400371515,1.687795607238009,2.588305394949459,3.5823875303933286,1.3384844796604933,8.419443563190558,5.560680675907806,Feynman90,None,15.907968675596017
1.7860969579691408,2.863592376514773,2.39041350493162,2.036183354337691,1.3592886948716916,4.700468519770548,1.3395152957833647,5.5342425465573335,Feynman90,None,16.45360416932304
1.7270432871299464,1.097764568772389,2.0496508565605227,1.5282183134309073,4.208059009824446,1.128636512830965,0.00032699648990974447,0.45925508190033143,Feynman90,None,14.93298938492106
2.249336120582301,2.9488106735508417,2.3944296226483424,2.7549576572002925,2.6137826604920975,1.7199446352339436,24.34217571483505,18.853838317502742,Feynman90,None,15.623302993985742
1.665027151314903,1.7778147349186215,2.176231078893868,2.638841934063538,2.7540066746343146,1.0734353770770935,4.288572211888279,-3.428900832220399,Feynman90,None,14.168818092477283
2.5518783046262588,1.3437650723177619,1.9365509378961017,2.277833637520716,4.649628080177654,1.5483204518379878,0.038813066644994,3.4363496511057043,Feynman90,None,14.345337232866461
1.8320296951091002,2.988835174788684,2.064979982675336,2.663234040451484,2.973017568577572,3.586888263770655,23.289836140280602,27.133383220920642,Feynman90,None,15.71174511415594
1.996562679982052,2.1443137652001583,1.3531365130589814,2.645189261648765,4.7576403477692635,3.909887630002392,12.316256524372712,18.206947668511837,Feynman90,None,14.70178538035441
1.7590594002933626,1.417477549666205,1.281168817275498,2.3038727527404355,2.973685222672323,2.172186204455313,7.97300818944907,11.445787033658252,Feynman90,None,14.219184929642264
2.0142548986497957,2.906674031662819,1.27846797937403,2.408158971764271,1.7232468332901463,3.1318713288393614,14.79022646517597,15.027087700302609,Feynman90,None,16.01995697617009
1.8411108776352518,1.8828352481680402,1.066272775094362,2.503609291921762,2.658072710426604,3.944442834492953,7.910159011609995,13.71969297075929,Feynman90,None,14.539417395655564
2.3617627097845104,1.262889893742733,1.384610886989565,1.6843019213133412,1.1160726584995357,4.098695535952364,2.8006448826949923,2.006922844486407,Feynman90,None,15.061780043780825
2.1042468117119766,1.6211372411565246,1.2089520942953,2.1343040129241024,1.175776330197139,1.0632505839575037,12.122139219201133,14.328330273867532,Feynman90,None,14.803971394928803
2.646405986115013,2.7395576021962533,1.8688964109593682,1.4965162042494482,4.644813831046225,4.5515622341854165,56.7441479527358,53.844402310099106,Feynman90,None,17.27802708370332
2.7978256713259753,1.3643982329650608,2.0285909346627813,2.8840082969554834,1.2304484212782962,2.745955520218243,7.1318732859730245,9.342805807695955,Feynman90,None,13.546722980224258
2.894878045628255,1.6122713605480803,2.5381904599222405,2.9912916475373814,2.8802579119059244,1.7674013884666393,12.164490425285106,10.91953777850102,Feynman90,None,13.728244670369724
2.1288577388891894,1.9690738954789442,2.5298479841619974,1.2163509446383507,2.296283731714301,3.382613676751511,27.90383488819151,37.83778977921598,Feynman90,None,16.586713046446054
2.6297061604264442,1.6974788325092234,2.178075689383003,1.3782938100527147,4.610085630760829,3.997884016609325,38.132292756330834,41.24293102374736,Feynman90,None,16.12087301681118
2.885649420419876,2.937403372591009,2.8806852247671344,2.0628535247225788,3.7141068182257198,1.411716687498398,0.20416566305801234,7.985926852186795,Feynman90,None,16.761153295325535
1.505466507794731,2.4687211801516256,2.225149207206413,1.817357567458764,1.6134032879294486,4.221308047864959,0.19206012668001934,-3.9238256277406633,Feynman90,None,16.205168666321136
2.895722488162546,2.8460019423356133,2.795969871235412,1.4144462293776305,3.6064149000553325,1.4088918559574228,0.05228455972063277,-6.378118322358869,Feynman90,None,17.589957926399652
2.990252745186476,2.021487270451545,1.3252379672632018,1.1333009175852504,2.5980606104338864,4.864484798248887,19.59867484424259,22.002030565249683,Feynman90,None,16.971892754697475
1.3060150284193286,2.6771021134424435,2.7532089760100935,2.908988598204392,1.3826971811645703,1.1769082412054934,20.241423748435455,19.522969046143704,Feynman90,None,14.837236663492158
2.3282127240500357,2.6156957275573403,1.0484430598936487,2.57337227522603,1.6631136949018859,3.4035658908861928,11.716320443049907,16.768487410643083,Feynman90,None,15.481801968885959
1.4988061405505078,1.7877739072845755,1.5357213787816253,1.7753621192190667,4.296817469298192,4.092733665625634,14.444597631624518,16.85240914453075,Feynman90,None,15.398740800557489
1.1961780826357737,2.3793891163682392,2.1575518781392464,1.440332790676202,4.8368408490762835,4.3959633205614805,24.828061814772138,23.08264152735821,Feynman90,None,16.56871247520642
1.1913469538182238,1.5329437840726396,1.788106294585792,2.1599451609305316,2.3289088070847503,3.735894593229589,5.43454042840844,10.067925824475104,Feynman90,None,14.444932213831365
2.9226019030040193,1.9993672091922372,2.3599390146703927,2.3379250072963265,2.6090142313251468,3.513348582568446,24.96437714237767,24.112200958026808,Feynman90,None,15.176814052654297
2.573271250721132,2.9179833359186063,1.1583625887661355,1.5458444758279757,2.2544682800415496,1.2805360915748483,31.75890959458767,33.58834944633112,Feynman90,None,17.41641889026201
1.7911517493243145,2.7161191041758768,2.623104258493157,1.604461469999954,3.0520625420809404,3.8220680690283584,35.13416434557487,38.778753224934114,Feynman90,None,16.894909051014317
1.807074978710231,2.4399252264391507,2.293604474220741,1.2405633408208108,4.722105023522866,4.5128246730354675,50.243212244522056,52.6217869166423,Feynman90,None,17.07640653470483
2.2969954840258486,1.6534498893916196,2.147734551854852,1.8893783286961745,4.661608189978592,4.272112370300623,25.580979916976556,36.35886832937967,Feynman90,None,15.245419051194002
2.4185647095345844,1.393096552325152,1.4735794241394986,1.2716832893375638,2.7509445659657183,4.415080997512908,14.454326339478287,16.44264415823154,Feynman90,None,15.840315616922085
2.49808923333124,1.8022724320320676,1.8553489387100393,2.318990761116829,1.375617046016302,4.17469053604689,0.9020346589416212,9.645726562190593,Feynman90,None,14.85622930738939
2.7675477102310526,2.140132493609407,2.764817963958249,1.7396165901682836,1.2798751229756653,4.806550307728006,2.4229588724483544,11.76021111418768,Feynman90,None,16.190110577330962
1.0960211680352339,1.296403904727943,1.7697819663895913,1.2742213029494145,2.711033785373286,4.388635014967479,5.5849380523754695,9.043550212583538,Feynman90,None,15.410002483556372
2.1163565591588522,2.6027791038573755,2.104618719391275,2.368255976451689,2.826755643683711,4.846973291213964,4.915312715660992,11.730990194994279,Feynman90,None,15.71495416238662
2.461761149443866,2.173078254402582,1.141390304379713,2.3625122010392556,3.7833899366707473,1.3862391356537702,8.325014862694612,1.8721635856828458,Feynman90,None,15.256162947689313
1.8119909620290757,1.3408718958248924,2.234064028787678,2.715059820935906,3.089449630757316,3.1452513697114477,12.545179115322512,8.313182563283354,Feynman90,None,13.536090200375869
2.3531013462767136,2.5388306962702556,1.6965913375280142,2.8340910349123565,4.966508988709387,4.972606142664452,22.470555950601813,24.067704519897347,Feynman90,None,15.01070598813362
1.7753930762047905,2.512578106528482,1.0485918265144698,2.384902177880985,4.1940286893338765,4.709552627220482,12.026193147519917,11.778070313082246,Feynman90,None,15.497757646877774
1.8070838231380664,1.094255553691845,2.7636447256705887,2.6563883152103305,2.0520208440266425,2.8710283731319377,8.268459000960787,5.440583808678606,Feynman90,None,13.306646329888416
1.1177906744973654,1.863220155015997,1.6389758203930185,2.9918279724677133,4.7049983890539995,2.1774475674986604,1.28615599958541,-4.067651155023099,Feynman90,None,13.638570258597927
1.6198751381014564,2.8357028354587346,1.1477252567647673,1.35125955319273,2.471132470634426,3.600678094697155,21.267689234281054,24.273247151725307,Feynman90,None,17.375790121852017
2.5548492802832476,2.4423429446336207,1.515763098414982,2.7350500168833634,2.779834017775114,1.0430087993568913,11.745382763127447,13.298188105639365,Feynman90,None,15.07832175846909
1.2165279693875708,1.425740527903925,1.4168142065571958,2.882955685711856,1.314371100813891,2.362237445633314,4.4414883049638165,0.13694882613854986,Feynman90,None,13.263191410085811
1.7192586678684845,2.0422509576932173,2.239194061413332,2.288755491369953,1.2284940038485286,1.6444106335156792,20.067898980846646,19.573639979138434,Feynman90,None,15.026546052831364
2.7949462931099873,1.5886730158649351,1.6021650218861716,2.650396586564667,4.363042356074937,1.79136414184363,3.095790011878689,9.936497848258988,Feynman90,None,14.170920873106065
2.847590524921441,1.8415654114758149,2.612115493365624,1.0751939886326267,2.644307498263173,1.73356799549825,48.741255160690805,49.626457116621886,Feynman90,None,16.794814087029508
1.6249991504399475,2.2515115370005487,2.5086906526432244,1.6442368199259365,2.430775443529468,1.7112617398989736,26.527430947652906,24.592833409539043,Feynman90,None,16.208091717296835
1.3606303670589917,2.36947030802975,1.638837997023903,1.6102621821023515,4.583363628099553,3.6274199665594327,16.729919712982642,18.38250376190201,Feynman90,None,16.346795225642147
1.1614329109216976,2.8382529491474924,2.2671767700228047,2.3399365454258154,3.7516751676506215,4.46450884988413,16.06325400609058,14.337001283619347,Feynman90,None,15.836325440306107
2.226599650565766,1.9844658783630569,1.394667992684395,2.734051330062951,1.5598045283302806,1.002228059319545,13.46272882249708,21.16723650636497,Feynman90,None,14.422127554738807
2.7513618308714656,2.5308483329841356,1.243135738665155,1.7692352421150512,2.2981332879368597,4.313466824938358,17.674217984740256,16.095904849420563,Feynman90,None,16.64020184458217
2.7209855776389373,1.5055759460247997,1.7966426820062786,2.9390044402049136,1.2505966814112575,1.646018379986986,15.084350982391008,6.615461094224555,Feynman90,None,13.628655477442914
1.6134154506642835,2.181905768480453,2.0593472724054953,2.6888472396322713,3.5811358983944954,2.1575265893659035,7.797456635592563,6.5467273745395875,Feynman90,None,14.598144512083467
2.6942379775550815,1.7924228610810216,1.973378397574647,1.9514663935350287,1.3586419517487038,1.4321749954574137,30.62974605172634,36.504569701436786,Feynman90,None,15.423087541232311
2.7644157452143174,2.004053101190895,1.7173497406989726,2.353210330049026,2.6429248339741274,2.383671681512503,24.9864435460598,28.015131612468668,Feynman90,None,15.124229451128297
1.9516969232310755,2.921640602562294,1.5220758673702866,1.980383702611467,1.1019309226444038,3.521985382550946,7.536336124780194,6.921549249440076,Feynman90,None,16.64657350240115
1.903977310130531,1.318568837274964,2.087711002341588,2.4925913414993266,1.1446049653687096,3.66166889088594,0.4628600408626854,6.461567262140803,Feynman90,None,13.852297197645672
2.862651199421739,2.2054816974469773,2.595268202150247,2.262247384341889,2.5456927455442777,1.2900132766355354,17.082003115208,21.630963620608092,Feynman90,None,15.53519204714515
1.0047590730170868,2.797446401946962,1.9616603855342074,1.1573020004954473,2.7844931966770248,2.8621729151747175,29.877219204543795,20.592809588818376,Feynman90,None,17.467904422675684
1.5095908091300803,1.6840799897991703,2.1807873225998664,1.5386762962565783,1.5106485673135612,4.984874651416005,0.5727414693316678,4.834480172044922,Feynman90,None,15.61347042301728
1.8728686564433545,1.247941906740723,2.3725965557600306,2.72233917807796,3.9492456189308482,4.441200189393307,11.409980302403913,6.733603073991975,Feynman90,None,13.421305920133614
2.579455221768824,2.0088880645971186,2.078891614427145,2.6603842415365357,1.8442033040216144,2.7849060976458393,18.299529803097478,13.04230295128649,Feynman90,None,14.641307259159927
2.9489821924085446,2.62096037890794,2.41166205841726,1.6844574510224655,1.366937927055985,3.598239094324516,1.8248274808185734,11.188388723481047,Feynman90,None,16.923430509362866
1.1159604648798704,2.5880016877495002,1.6262885187388414,1.1758145201960681,3.1598766212351697,4.47985719069267,16.825133740589255,19.481666613171402,Feynman90,None,17.200171536718464
2.3465884666983823,1.5253356446380886,2.073300250684815,2.0683022347402864,1.1897403175091954,1.0843822850527647,22.454472067585137,29.99563285275325,Feynman90,None,14.83374431566502
1.4901435732667805,2.3772281260079797,2.4200845316880972,1.3456650466423783,1.2274070370259342,2.4611636181258474,17.85148303692849,12.541090847514432,Feynman90,None,16.77109825798213
1.5768994664246518,2.206802456102463,1.6158609786684992,2.8129136937599304,2.6733920089697674,1.7941013237381234,10.5843832237856,13.886410103751157,Feynman90,None,14.441039717427339
1.915532146329386,2.69331166717134,1.0089381026065116,1.9729642832963645,4.6885773406694975,4.130189791592459,16.14298228274763,19.004738663443995,Feynman90,None,16.358692507584948
1.701435269861873,1.0143593211173705,2.8335810023539185,1.6502741311621878,2.508546915397569,1.5684280737177057,9.907761172724701,6.350496426434482,Feynman90,None,14.643585737877718
1.622190621481935,2.5042028601865747,1.511139114077054,2.9892046279544067,3.2943023429341474,3.0005532368311085,12.692789454534982,10.497665656424612,Feynman90,None,14.573329564803965
1.5191387128274327,2.9005275201499012,1.3232341128016676,2.916989556871662,1.41451351302976,1.1305074797715595,12.411914422152211,5.753400879306341,Feynman90,None,15.158666164626391
2.103797058529514,1.3061645847351582,1.6222392027837036,2.197906716874365,2.6358772955982235,3.935852878134986,8.667779495702035,4.3717650476981955,Feynman90,None,14.310846992909482
2.8262569806193474,1.6048922266386627,2.446481115430282,1.0826308103707858,4.062670275054198,4.991117032469352,41.05990052646207,41.52019049360219,Feynman90,None,16.478127692044254
2.231298189333663,1.933023673037999,2.955593047441723,1.23989468241622,3.5033890010564916,3.594918525641131,64.20728196702828,71.66682481403004,Feynman90,None,16.530158344176776
2.8387507370481933,1.4898872962870533,1.1323915384081864,1.6237107054394027,2.8113652569189114,4.508855782265848,13.484873586572064,20.406702751571807,Feynman90,None,15.548063081418503
1.034231396100651,1.8236594812522289,2.2168804798933657,1.916269587982989,2.936654885066028,1.6180685702145419,6.341530225898151,8.577517999893576,Feynman90,None,15.132841723181938
2.741874208318303,2.423150916860692,2.262026474554891,1.7001876521580621,2.8068384698480897,1.7790152258972292,34.61978237160172,40.48119098440225,Feynman90,None,16.601454477823054
1.7498603675519357,1.6637088288448303,2.0989673388720105,1.435032485809846,3.183068119879206,3.119439003164333,26.71522844598522,31.299939990611563,Feynman90,None,15.793419894232146
2.021586599999222,1.4561734625638498,2.688697206927947,2.90345114442498,3.9716131925395386,4.105519829553884,16.94401585858521,20.499016554017203,Feynman90,None,13.456938105831046
1.2450219920342966,1.8285748747421517,2.4527633538213993,1.6691108172072306,1.0959051441085337,3.4859419712169673,0.10681704927788048,5.235729448442555,Feynman90,None,15.546837692322258
2.980866437451775,1.7483366272890706,1.1136498449422967,2.8743331789448767,1.0631459314726737,4.0619746647184165,4.505599456631499,8.380201553817402,Feynman90,None,14.091068188767936
2.5925341499951244,2.499083394590998,1.4222157273955276,2.0675138637461354,3.2583727722159486,3.4204156551624116,27.8791236796713,26.98467239963175,Feynman90,None,16.12966876579029
2.145830337213442,1.4018237329702563,1.1498047836822671,2.731780253257636,2.070139423104927,3.1603721567782324,6.966462322280797,0.6986630544571755,Feynman90,None,13.665942547821908
1.5386540496298982,2.9568046505244543,2.6330855720917112,1.000805734338992,2.6561517108913812,1.022421514282171,11.373024551386331,11.59393337259321,Feynman90,None,18.02067474101591
1.0303909239066469,2.833940439185848,1.0960928528358382,2.6807470000105673,2.4096776662261488,1.4848994321098967,6.881054530850338,15.865948809881516,Feynman90,None,15.305245359018969
2.8025433795937054,1.5589919671020855,2.574760937300372,1.911030568976597,4.293051750585562,2.4586939971396755,3.280849192450157,3.590668253023298,Feynman90,None,15.209892343415605
1.2026631531573735,1.9570168688744662,2.0296979028101303,2.287824219153582,2.4272771249010376,4.044824550415781,4.844326410119555,4.6549655686242,Feynman90,None,14.800896649823443
1.4006667127229382,2.899190196242862,1.2766143310410347,2.747112081986109,3.379330185996836,4.287419124598557,10.587164938920775,13.902109371568065,Feynman90,None,15.376750700261036
2.2040029195335578,1.205907934339979,2.0862178049838334,2.87031522193048,4.098452151790012,2.6108869639373613,5.03925592315365,10.994804307940733,Feynman90,None,13.228736915175222
1.9149407004000243,1.3678724235111543,2.4813708855639343,2.8558362605004337,2.026051254263328,2.517028021365842,12.616592901686223,6.052535132418542,Feynman90,None,13.389387840429604
1.551394930224566,2.201069458502211,1.9334114503810833,2.4722098699647637,1.4566052965543785,3.376160397306209,4.488073815623678,6.852233900513989,Feynman90,None,14.923246218222024
1.9918935533987883,2.9494694938502843,2.9998169215898516,1.0261711303356402,4.396570277108216,3.251270431549032,35.78261131949165,38.69626869726372,Feynman90,None,18.078532785416332
1.1349066616227825,1.9025131251634764,1.3979697538112297,1.5177026220011551,3.6785123961770387,4.244744890829979,11.857196791309157,10.513742128223216,Feynman90,None,15.83571548014318
2.691794832537566,1.34479889155713,1.9463021656348851,1.4302118293634878,2.0642546810614086,2.9279368722168186,24.316485245653965,27.90261810336522,Feynman90,None,15.61114389064191
2.746022356022575,2.0846619280685315,1.645390322094406,1.810693564196406,1.6026704365376316,2.48652354622754,27.315247314082807,21.575758765991054,Feynman90,None,16.011286961867746
1.9864247261247434,2.0348762409882397,2.952061511270375,1.4198397861853458,1.1820926122392583,2.145835494602849,25.52575312452818,26.079878240578704,Feynman90,None,16.341835785224834
1.703422174965874,1.51122759249567,2.7922938587840163,1.3845891739047447,3.3010903077695386,4.446675630022984,12.740884730211565,9.352292280272103,Feynman90,None,15.66218837865551
2.7840797941059447,2.5017409198313407,1.6723251009964981,1.742849400652301,2.412022366261879,4.715128379799571,9.955013661256896,2.0566219739526046,Feynman90,None,16.649061026013804
1.9844426141353857,2.731666647205059,2.12433702595502,2.1373949650423976,2.4877330941821554,2.660681686249538,33.472952750770084,34.986164761397504,Feynman90,None,16.184223038061354
2.9680532709192535,1.4852990594843043,1.7262187821626847,2.5376614087652403,3.391250883675315,3.067046086997814,18.35534615282902,21.09878339997418,Feynman90,None,14.243113775794214
2.3769300571587966,1.1607761201774167,1.1821085103740434,2.0702210567714276,1.5356287140268745,2.479131325705473,8.914344144533368,10.583339693048583,Feynman90,None,14.374312988185308
1.640903037999379,1.9135221189980225,1.4637035469761732,2.4214647224735053,2.8924507404979285,1.6433728866599004,8.9523647889619,-1.4448971507808288,Feynman90,None,14.651904252986172
1.3965826346761505,2.052899445008321,1.248547721589715,1.0349890278918101,4.371013267037473,2.0336385863827005,10.079826341505314,0.19000957338937852,Feynman90,None,16.78886474433706
1.8839804000313332,1.5888401157378425,1.9037593149782968,2.9613736766706924,4.08971976738307,2.390249727110772,4.6100830338018355,2.776691155357117,Feynman90,None,13.509840294371893
2.574287088832792,1.7946205612878119,2.1950407405996066,2.642277689343544,3.0801869330895615,1.385315923473402,6.401668100274243,10.858157382892095,Feynman90,None,14.393963317853848
1.1172876629114465,1.608103419380066,1.6454812972928354,2.2749124351233956,1.8224728202429175,3.884958283247244,2.7909743868920023,6.340132454620719,Feynman90,None,14.35635583914802
1.7360626506462051,2.8863339687115053,1.1615891951540855,2.5133529814184037,4.063576915972348,4.173578754093177,14.531148725386364,12.847781763222915,Feynman90,None,15.777274147505752
1.5524694030216104,1.406734389059461,1.6797811322149605,1.9764286040726617,4.992215254214697,3.873922966896657,8.61187223035469,3.327545441791613,Feynman90,None,14.634163864520218
1.229137638225519,2.694500814436906,1.4276492554942104,2.385003830544985,3.705925536019872,2.442743191863823,9.4259557196781,10.352608355784977,Feynman90,None,15.603537969831374
2.0332299024720735,1.777674764830857,1.4864392852371573,2.9305627337188995,2.2708518347902436,1.9726833371592614,11.331670534604095,12.519019684574797,Feynman90,None,13.829044503761779
1.2592751058412912,2.093467428140704,1.5269646170447935,1.7033575492482806,3.6170686652530506,2.013165455212378,8.761837845609067,3.478002312673624,Feynman90,None,15.837180363726036
2.1084617061381294,2.1951134457025807,1.0642251865753942,1.8686928568481278,4.467852740798197,2.129395335688562,9.596136266175128,8.70852812154749,Feynman90,None,15.92103564495396
2.197357773019129,2.892935426663083,1.0540103672123335,2.108168463165141,3.864720909813051,3.244091956269346,19.26711641730181,23.769000906189866,Feynman90,None,16.48068590021256
2.514543417148686,2.05237163133308,1.5325306084807995,2.819136552668705,3.3011350571592564,3.2743006594248603,17.624907496543383,15.960699857781771,Feynman90,None,14.450889312102296
1.6379955175857732,2.037612674069636,1.1559603039689674,1.0093650195514625,1.9717283139765969,4.259189666492107,12.90727318090161,13.224474826865912,Feynman90,None,16.862108957053305
2.9536709912489307,1.7482426186491082,2.954210319822873,1.541059120905346,2.441965105001128,1.8039206735977147,45.82942158148021,47.06106142849235,Feynman90,None,16.023166075029526
1.087289584081402,2.3556883040650476,2.3252606051056537,1.0431249648112324,2.407011033371759,4.9993513330299555,0.06401107323120563,5.263361553544789,Feynman90,None,17.091076217679397
1.7069357409161687,2.8707881198971084,2.7737137022497467,2.7145204174818014,2.0508721564997168,2.510984792599424,27.41569476687021,29.048032746991353,Feynman90,None,15.45833779123265
2.973005159647764,2.7869536269614494,2.9588852496515683,2.226007424117168,1.9463235784191326,4.280692194315296,0.5465965029262477,-1.4646146629280676,Feynman90,None,16.352673497480946
1.2350216854929514,2.8913520240967165,2.98280194647807,2.224052993660091,2.8954382146758433,4.157655526010762,7.692866204988706,-0.4903280436364623,Feynman90,None,16.08923182907965
1.8905020954016012,2.3651008414654067,1.114229128999479,2.414128654133214,4.092814632005583,4.626411986657444,12.58895514077402,8.115698414304847,Feynman90,None,15.294148488193425
1.7889952568217924,1.8768617387159736,2.008815916996931,2.339140745376254,4.0536731036129705,2.3510250596899374,6.0753803876873755,9.304298980984619,Feynman90,None,14.75897766095918
2.2450368536877274,2.6641663836904437,2.2874652269769076,1.221774331725596,2.990080252799062,3.6095023427974278,59.349082555743216,57.31167823707488,Feynman90,None,17.489447412029648
1.4658001367443942,1.3685054019197933,2.93186931259103,1.0139684950263703,1.2304669122364396,2.788994267339938,3.988327552781238,9.76009604269524,Feynman90,None,15.964980380575527
2.932743528030435,2.2631520664909566,1.6659426493120342,2.562650458235919,4.930616974089505,2.5129492572206,5.45620963456105,5.819806232198014,Feynman90,None,15.187865019795991
2.4401882618021835,2.078043679066501,2.246653688920196,2.393423915468107,1.4233023290483033,4.77789450828816,0.7244271127967803,-1.9225743019846524,Feynman90,None,15.085412421022374
2.467236065832102,2.692613306342028,2.589358647352796,1.7026097176094508,3.627071386303477,1.66104256693403,3.089302988011341,-1.6211903525385774,Feynman90,None,16.877548833207353
1.2206727015894483,1.5843442512627814,2.188707226391295,2.8592390342663583,4.543791696914416,4.706423336593993,9.203976272578121,13.64407466108771,Feynman90,None,13.500320313562534
1.5437863202258104,2.6750940794204077,2.6424291928296544,2.8662407804985586,1.019078278548526,4.191107305410229,1.024018908726522,2.7322604289146133,Feynman90,None,14.951427637343933
1.9948597277304245,1.7460095704940235,2.8508418958227897,1.0873108992293163,4.195785700765121,2.133519034960436,0.2672679609163992,12.124458375542769,Feynman90,None,16.459889982709036
1.892582639039679,2.4943530562668013,1.9597773475459634,2.769220087938729,3.9913824592240736,4.873303496966995,16.259337339418067,16.956806695690098,Feynman90,None,14.942724325117869
2.8602060728231686,2.411604489599563,1.8061710687499346,2.075164787160296,3.8284710410851956,1.1954742921604047,3.191568181416312,-2.6374234885839454,Feynman90,None,16.068756823430036
2.621740643753305,1.2210184827642732,1.254778366522062,2.1041077736552465,4.951649569468975,4.74387783062965,11.926956130622434,19.68089022559145,Feynman90,None,14.45786367261656
1.8446533271699266,1.8412893074054109,2.092532008269625,1.3325859339558528,4.65202567125204,1.4934641831997069,0.08090944619616182,10.309047762162933,Feynman90,None,16.18996053941383
1.6577385114536882,2.0637705656157017,1.627396953909263,1.3415360824557783,4.283543138324259,2.070484521026626,7.623648518708697,7.8574322817634386,Feynman90,None,16.416959559155256
1.2888810444695002,1.2326154306334456,1.891792561508719,2.0953118258039654,1.252225722938915,2.5564420309063296,5.273878113341725,-4.944060159452119,Feynman90,None,14.179371844815833
1.110284191624725,1.4559168639117732,2.428934376731103,2.0978330134565253,4.191614915072758,2.8177759952061745,4.18409349864959,-1.1324439724036601,Feynman90,None,14.418670834822656
2.3639934779941862,2.067238751073757,2.8107467853610593,2.5826637773593206,4.9617340850067535,2.2540406311445604,0.875851704973968,-7.8677412118800945,Feynman90,None,14.779039323987204
1.6316478453330931,1.2853278957260925,1.9147970866692512,2.9873841611680163,3.3358847133028293,1.2999588875423038,1.919620795251724,8.381719074732853,Feynman90,None,13.02811260024647
2.484773535760489,2.684989052948017,1.184103797652369,2.2806996040881033,2.629438626444977,1.116631960561183,16.532015820528223,15.941078564792917,Feynman90,None,16.031388441290712
2.4327054186313237,1.9946623175408562,1.30318515412815,1.1181343462919038,1.5116543320279612,3.9883406313407908,13.619263205062541,8.481848647018099,Feynman90,None,16.83181601668246
1.0034115362812615,1.9094452201124044,2.663284688026245,1.4099330846717917,4.6628538942748525,4.647707392815255,22.736643829747234,19.202478110329444,Feynman90,None,15.971026767685428
2.677517651636738,2.8999338933490284,2.52798627133392,1.5587595887726329,3.0511700932683072,3.998128429779874,47.860579654078734,46.62427837526236,Feynman90,None,17.398623725025402
2.5357235147088497,2.5991032355457,2.261169737712507,1.5802257721450736,4.392617617360555,1.1020203289917214,1.2806951193334637,1.3126623904629722,Feynman90,None,16.952292827204186
1.5708865629482314,1.7047453822429066,2.6486283040611527,2.688672366433196,2.369030409672331,4.521481480632852,0.16800324211527265,-0.7456866466100316,Feynman90,None,13.981832538626035
1.2366912951144708,2.037546916361535,1.1216696797664354,1.0489240874882022,1.323184232868944,1.429344483187943,16.910501453645672,16.585057729245204,Feynman90,None,16.712369269810953
1.9258926506285117,1.3217967954264451,2.603681038437012,1.64605572351123,3.468639910061231,3.5825061459668284,25.115192830103872,17.5508148104941,Feynman90,None,15.092221225305384
1.101173581743054,2.076642806640736,2.6732797230737386,2.019270330507273,4.8719338875131974,1.648698983671994,0.8663688813178926,-3.7626820982975695,Feynman90,None,15.32017506462345
1.214728101667215,1.0999116359771444,2.3671914588790774,1.3266493053591777,2.8883388694474266,1.7224178027613255,7.582961276678609,9.482264560088298,Feynman90,None,15.111154319418953
1.2682300518899412,1.6158416328195104,1.5512617745395032,1.266570068170461,2.078669488675326,2.268817701946849,15.656020970862121,23.76578301874411,Feynman90,None,15.86689309664745
2.389512699230741,2.0421545098826908,1.2401689686478736,2.4581878742515926,3.384948440314255,1.4951420147358094,9.564595120076335,11.372038301150358,Feynman90,None,14.933975829044497
2.8628817582808668,1.6586508619008073,2.7135905765464683,1.463121049322271,1.774941183802318,2.1632504320026675,50.40114278678994,55.40102536606715,Feynman90,None,16.001702403607496
2.7890790392271825,1.3620038873623002,1.1866096046358783,1.340158280283604,3.091106853434385,3.8361919477468502,19.792213170748486,15.914675742533609,Feynman90,None,15.786289791338328
1.8172462352943517,2.5422312155955495,1.3394915990616882,2.816383131412783,2.8490211158995424,3.9932889786335726,11.30587241486448,12.483868978160796,Feynman90,None,14.917742288085325
1.5713850373550606,2.5851721116308157,1.5666979906058112,2.9254651321476848,4.497203318364392,3.5745849023831346,11.448893988903631,18.032956894562126,Feynman90,None,14.757303995447044
2.945176430758435,2.0076078901737002,2.2994201695461816,2.546347760844227,4.1715725405619395,1.4768869973504257,0.00660530973958125,-0.9197225684314487,Feynman90,None,14.889448598615076
1.490635131927327,2.1670730521552963,1.4934455573256593,1.6242535974869479,1.3813977726519928,2.533878520097468,14.486661954643195,1.9394781500026568,Feynman90,None,16.0989152498536
1.2835743234848829,1.1023834938441441,1.4840799237405007,1.7828571633543366,1.3308629829143115,3.653491320667707,2.4338617523026254,2.131565813930843,Feynman90,None,14.466819472631316
1.6847487071067875,2.6053679944722035,1.8155947531416137,1.8406346184655924,2.696996541806485,3.9234294936807306,17.665803431214183,20.253295942041706,Feynman90,None,16.386262363241137
1.7361004543147607,1.0020077429167789,1.446230834375759,2.964674912717422,3.6141836128915736,3.890879070052576,5.261180427252853,2.509806546097638,Feynman90,None,12.724816052204336
2.5513102377221166,1.4458878455296096,1.3907266171996615,1.2431555023551177,4.029076416842241,4.1073237985070445,25.903917040209734,29.44755299673929,Feynman90,None,15.979405489945986
2.049691713331347,2.9664875639981947,2.3447574939159455,1.1957202538000484,1.6190994929172642,4.345968318164553,0.02241812848181788,2.9154546606363145,Feynman90,None,17.866935887837542
2.312052371954964,2.8667393960596375,1.832095081611466,1.5414890849532754,1.5905499900653974,1.7181057062208627,49.271512652488134,44.78879693353044,Feynman90,None,17.297608252845272
1.9339833210018422,1.4616309491606767,1.4062290710109606,1.6824243436317734,4.160388216915356,3.8899623637655543,14.667320964237215,8.999564697681816,Feynman90,None,15.219028111494627
1.6114917187027855,2.1689031269697603,1.9563877591437142,2.2979934641064896,1.9398740111140649,4.062792431157666,3.3176331546425804,4.611779587570501,Feynman90,None,15.149433999946218
1.1213617219806313,1.8007110132909931,1.8642478651047403,2.939603157452551,2.4398704416303882,2.344085774192769,8.02472702318022,8.833657350976072,Feynman90,None,13.635828129059789
2.074885913277363,2.242877819860678,1.488313584940536,1.4304925916592899,2.217259221260172,2.055249917402834,30.274947077767273,30.404235641152884,Feynman90,None,16.61117249324109
1.7864710529161782,1.9166971036784135,2.574515730933544,2.8852576846953983,1.20917926182199,3.7552817487356682,0.032802508887791175,-4.374416782896308,Feynman90,None,14.015051468634079
1.4335498818344006,2.9094297823708164,1.9971142861038698,1.5787214806270855,2.8677652393139015,4.2490047488027365,16.795033968025198,16.77132067973791,Feynman90,None,17.096058175462552
2.3101487674330268,1.1948643008914885,1.0744236449004283,2.6624312180465632,2.1767290605594902,1.3897019548776615,6.591760497965332,4.547317120828259,Feynman90,None,13.54130874527404
1.2070361597993686,1.4542384390976495,2.7701887439721635,2.341434604141215,4.509691347422621,4.624189146825039,12.939547169009488,18.747860706972673,Feynman90,None,14.084576039944833
2.595000144731734,1.5336392624643405,2.3158736965277145,2.2987184756821253,2.0724637232056655,3.6289124206254644,7.347675879016234,2.0604690980517146,Feynman90,None,14.56633545465094
2.5912792410292385,2.455230894937079,1.7340744099821173,2.252826555744032,2.7597400701209702,2.9340806707710043,30.536278073671085,28.114979886505118,Feynman90,None,15.80418564897421
1.5938380863331612,2.10817613487107,1.9649614787631098,1.053064071560116,4.4050774091886495,1.7165100202411967,1.2983280769968413,5.716743540557156,Feynman90,None,16.878170764040192
1.2189244329151632,2.5564414581610144,2.4782074431104903,1.5910818098117228,1.598739251520295,3.61410699639814,1.764372796208464,-6.276355222878815,Feynman90,None,16.579915897360948
2.175357075676836,1.9598924933773534,2.735243780445759,2.2018059489183583,1.9689473429089195,2.9725784570018563,16.978702559091936,13.758835817276927,Feynman90,None,15.152949774928842
2.0751260625563344,2.111075360647118,2.304648947981322,2.999375377068813,1.899664912043309,1.1126084491765607,15.95068598400933,10.799262949468474,Feynman90,None,14.162599945964892
2.028820567728303,2.406682206114218,1.2040852595641127,1.7418785062652378,4.564470018023667,3.994246172999075,20.38698267753193,25.83316363417235,Feynman90,None,16.356177240472356
2.1646841029017834,2.8890046208043536,1.019612422083223,2.2637584783776514,2.2109256843015075,1.6733228326119054,17.259417118258217,9.084494419216323,Feynman90,None,16.241971149168116
1.70815440369188,2.765745346669363,1.593465719988132,1.899485794170604,3.099372540955265,2.680050226568443,23.988739630070302,28.307969718531307,Feynman90,None,16.51002274773206
1.975556322830785,2.6236650613515513,2.4143130122214163,1.2622970950107988,3.985931669149715,1.094953410481697,0.5956566207326446,2.9128843605556574,Feynman90,None,17.317152007013732
1.9808212758082038,2.6858273314801746,2.810743137734751,1.3616446726994498,1.7399071191426145,2.0881240150399427,63.666396705442196,64.96845600482125,Feynman90,None,17.252969865584703
2.54272070667765,1.4278932038132834,1.5661719813665176,1.787378064804509,2.9965505272123103,4.751919522043334,10.17692808109254,15.379017100021247,Feynman90,None,15.163298605186567
1.965174986831309,2.484601446878407,1.6417672116735107,2.267773235554167,4.783231967042932,4.650897131215169,22.12283441908625,20.07044463953766,Feynman90,None,15.676049486826049
2.6859060362095333,2.513320319633439,1.425246726570888,1.9006922356661753,4.268387671526275,4.576394503307817,31.297611188135654,37.54974322046853,Feynman90,None,16.411755966443295
1.965682799432251,1.6946558481410945,1.997200185578076,1.0452938874758906,2.8239662664617726,2.173329418484702,34.67070602037116,34.37065301421755,Feynman90,None,16.44897366596406
1.0770876815912973,1.611372216519677,2.8992914173526705,2.3523451876660637,4.985887502908195,3.829377127196368,4.728576912316722,5.076533251729099,Feynman90,None,14.238702404962616
1.144130045529158,2.5808998684582285,1.6423492229778045,1.4828389577462056,4.670393428055521,2.2946656461666093,4.656073129484049,8.410613429232644,Feynman90,None,16.75122162279729
2.783798029565218,1.0021123304487958,1.207045107252738,2.1461914356316907,4.373270383019627,4.158910660923426,9.803130441131279,8.444931341851957,Feynman90,None,14.155505082016054
2.070907964216138,1.6110435175506634,2.081027274713155,1.1676454561596643,3.4620368002374238,1.741776336610275,11.109699354694543,3.0055961300237417,Feynman90,None,16.188916079854167
2.858848284262949,2.048025794704481,2.793066898578291,1.0093665175614301,4.265744123662664,1.8791245507611332,0.3316272064049474,7.092733532426074,Feynman90,None,17.155660405950627
2.1946928131017787,2.8185528708040333,1.1544984026895109,1.062559854393573,2.932887041163881,3.0389080144155636,42.177170733881866,39.12242206784699,Feynman90,None,17.905704040369667
2.3045011859955276,1.6058304464662037,1.6555338734924043,1.215387464544402,2.6646710355643823,4.81373025875771,9.581153508125682,11.090240139354481,Feynman90,None,16.166507744967294
1.8920821981960718,2.770851791705283,2.6860707092153335,2.316358539910258,3.1115267042545223,4.5444858035559825,9.075957557464294,9.187684521007677,Feynman90,None,15.952651358265305
1.4713495445648048,2.022784880087639,1.8841123282582726,2.6957057668037505,1.1302067068978707,4.5349137015688985,0.005498201096975248,6.790432021309587,Feynman90,None,14.353201249434147
1.176334558295267,2.7374715624838113,2.550343112709231,1.335467493758214,3.1964071547193798,2.4800508381088773,29.018708143599696,31.707041284378327,Feynman90,None,17.17199229647682
2.9097322871702174,2.779583030892934,2.032604102832499,1.7338687225800256,1.7775545489113243,1.2567431530850852,54.21333823568488,52.870834647936924,Feynman90,None,17.044298247869282
2.8215238389761317,2.217017558156333,1.4314455082469189,2.89163156605195,1.6946300685581495,3.0990736733011888,13.725365299318895,6.12817292181537,Feynman90,None,14.625350780844135
2.336866377469774,1.9705517879581798,1.7169455201759216,2.066335541135575,2.821478825177117,4.867204932033323,7.529987402456767,4.848450358196027,Feynman90,None,15.400549897686357
1.240740434189507,2.4647091488491357,2.5480617163574992,1.5015432602546501,4.8191257307964275,3.990902917387666,22.16524419036953,21.446328860380177,Feynman90,None,16.598450499754225
1.0432312087436415,2.5986059184907386,2.898235753741902,1.7127100165235551,4.146198998896526,1.5169020695686437,0.7628794807172514,0.17801666705718056,Feynman90,None,16.416359740559802
2.08184292295084,2.6454728091492106,1.8857299463784323,2.966259470765141,1.941495512554905,2.9504453649999123,16.113754361246993,18.26307570019483,Feynman90,None,14.891879399329284
1.0903167155094717,2.8724444295068126,2.047992824641285,1.3064787530306963,4.630978755371377,3.7298425597049527,23.027363781791703,23.895372123437266,Feynman90,None,17.366033410979107
2.889803090471979,2.376174858972112,2.8372343105770668,1.8835089851625253,4.139892564699214,3.8873815080276,62.25838134135486,61.098931583742214,Feynman90,None,16.309147444782525
1.5109321991344962,2.6878114516863736,2.2334612693942324,1.1865689261040953,4.104300376272977,2.0569954504211596,5.234524779743246,14.273679341895601,Feynman90,None,17.402149584747907
2.1090132793661396,1.9940464353273262,2.979313139496127,2.5618642924061215,3.733830872207958,2.6866784219955577,12.627307435604834,6.573231274451601,Feynman90,None,14.657657678581408
2.202640653935965,2.414918852580495,1.3650661952544958,2.5306685366682267,2.647238072180589,2.2395995233020964,17.567468393997455,12.378576851526908,Feynman90,None,15.259731075378335
1.2953758161192648,1.7920134371726122,2.1589301405281534,1.0853245284496738,3.8994889107538753,4.37424231395846,26.56054592942575,36.627184989544205,Feynman90,None,16.360677336178956
1.5364359572694668,1.0143406955566132,1.4045436983080781,1.2645113789623335,3.6799871974162794,3.1977315986285877,10.466998304119693,10.290984232730233,Feynman90,None,15.166542237038842
2.5983929359630666,1.953505080356825,2.6857267599351418,1.2781582489618646,2.862118817605956,3.306536292393927,59.4279252084185,64.31058576454735,Feynman90,None,16.584858582877793
2.898698126367816,2.0661142317588217,1.2461506268339773,1.081434961818263,1.7863936079383333,4.463339582253521,15.43982080326608,15.98851609549843,Feynman90,None,17.08303184510371
2.670640763584763,2.2812175186456725,2.873376709217067,1.8680397581062973,2.699554537796168,4.447465042157582,3.2442431653981876,10.628608072601498,Feynman90,None,16.160561476610617
2.444569599935867,2.9835718348443603,2.4947153393243378,2.8909663301019934,3.1216835337365496,4.346840472110339,16.902205323084317,14.801997368898107,Feynman90,None,15.514590375343094
2.0514171188512864,1.859585562294328,1.8213903079903793,2.1966855356708836,4.1107342188255345,4.410477159175246,19.385234609754086,12.804567083561059,Feynman90,None,15.004377649087147
1.318288511895819,1.6918863288919448,1.525919087380148,1.4571100194503666,4.486521114332506,2.9267331694515715,8.931551909717976,8.721394388379489,Feynman90,None,15.698063978817721
1.3958992617130082,2.6544493279584715,2.5555624566197688,1.6595210792628343,4.277220869256691,1.7849724506337767,0.006519116308932632,-0.46662070505576764,Feynman90,None,16.645680993826385
2.1842891876705846,2.8318246056319047,2.038462111575618,2.730500584413329,4.589865049417252,3.3136618432973184,15.928220827712051,17.472731540867784,Feynman90,None,15.495155932488968
1.273689567600668,2.6040412967933277,1.5623968860217714,1.1657580379515144,3.012696321124246,3.3013982055838222,27.459854734712653,35.9139105752427,Feynman90,None,17.271405238317637
2.520668236497545,1.870917600408434,2.775213927580925,2.2788673461851534,3.7446983656121064,2.5548821759017204,13.153413917306505,19.341908936082245,Feynman90,None,15.007044959660991
1.241762298234943,1.2947679152884561,1.1202871463114417,1.2962938388775693,3.36312834770487,4.2427728322840945,8.046393241738985,8.502259331243451,Feynman90,None,15.409292911585196
2.95326502394419,2.8733715484716664,1.706903811082572,2.2644070316409506,4.380318202844107,4.138766013069635,39.62483911691668,44.005279550570165,Feynman90,None,16.402208304205697
1.55984471568486,1.5795514975273044,1.5835975566656084,1.3938010623313262,3.75219268690999,2.9122425759090635,15.143809878573473,14.090624263177293,Feynman90,None,15.702716158881108
1.7486544044549428,2.30328841393247,1.6683448234658727,2.7563991795326594,2.4346432915120215,3.25429465009174,13.074139466798437,10.112776729826605,Feynman90,None,14.685342798323646
1.3208019801589954,1.8484056817836731,2.4656291247378608,1.4277540381470266,3.1074489886170333,2.68400441886559,24.16985875455485,26.020305674017266,Feynman90,None,15.940366869109925
2.8057535081936766,1.879487601266792,2.055660420379427,2.5531687182480773,4.144446118046579,1.6304768442277187,1.1189739542777792,-5.73711712403433,Feynman90,None,14.684589914321492
1.014514424841658,2.3178479237840826,1.1099418739449205,1.6124959701580117,1.625015509673346,1.317680168451183,10.071846993951581,5.3671011729243485,Feynman90,None,16.198430343793444
1.123007495063403,2.2871224592091743,2.6334897095848113,1.2752330494651323,3.072312420447136,1.1562887763284153,1.761098412850627,5.1022029535630695,Feynman90,None,16.674617743828172
2.071565217182,1.2198450489735857,2.062232003182352,1.7439149361334116,1.3911706665071693,2.1133191928264177,15.552187746666233,15.571228400211231,Feynman90,None,14.853738071520329
1.819593019652237,1.0839213424641896,2.4466592664828593,1.6833357684615722,2.82310494216546,4.276149721513951,5.460224964192608,8.74850218141784,Feynman90,None,14.711108045475015
2.5685380736732344,1.3737813159355468,1.9506839787314392,2.990014237868483,1.8779631505991352,3.5473100432808495,5.438248390775343,8.716289428178353,Feynman90,None,13.351887155331747
2.5601680724596143,2.6271950964838977,2.2580000936460474,2.5906497288412687,1.0254442681391458,4.237354596126642,0.6080386618657901,-1.6444077710211675,Feynman90,None,15.52456361700165
1.2282197993079171,1.6038358740434495,1.9377494148955776,1.6745499783071653,4.761832633142185,4.575147889130835,14.166878341345058,21.485900313367765,Feynman90,None,15.24927254866521
1.7637447645467597,2.7290310046052406,1.6486190642417666,2.4917257880755637,4.886735177516267,2.741822485271554,6.1550523176392,5.74473594214645,Feynman90,None,15.615032897928614
1.7800162017787562,2.7487604059340525,1.9270632645815002,2.4470610285799124,4.119609512918842,1.7304341604054785,2.5310871484336146,-1.0988735086721655,Feynman90,None,15.708797230646192
1.823424166798778,1.4680869654135567,2.5845770199101263,1.3921968207779687,2.193583637239514,2.8326619772627724,24.741241130154222,15.811529411210522,Feynman90,None,15.623818657829473
1.7610708158980755,1.6190399402517675,2.8650296821397205,2.1335410359351115,4.377188690746128,3.0060387213643915,5.31929135427608,9.000005400918912,Feynman90,None,14.723619595121136
2.327705250494318,1.3247800563356116,2.7561768030594553,1.8601728985274444,2.7406821940358204,3.518955013116698,19.25678792699076,17.325838600297573,Feynman90,None,14.87696508048903
1.7983827478431782,1.7822737455139566,1.760224647406236,1.114482101419032,4.156588293417011,4.488149822777006,30.914977646111126,33.99913320311045,Feynman90,None,16.421390662465758
1.7186157258446406,2.8846447487575984,2.841145450859166,2.5019876962246537,4.044549966011298,3.821920809555594,34.208275632401744,30.47318507235935,Feynman90,None,15.7876444772374
1.4592661717159288,1.2523376568375215,1.817673811523429,2.1531772379137832,4.019154060294651,3.659026232491213,9.352086282249044,8.933593707168953,Feynman90,None,14.159442166555369
2.4536764119667396,2.4116358873878405,1.97283548229684,2.428709754986775,2.5424203511053647,4.3915877499606175,8.507307336534094,15.990207844790165,Feynman90,None,15.461433787806845
2.478034819431311,1.371939892271715,2.095208753786549,2.8007578652898957,3.0382713699677097,4.56915052720826,6.206200406331236,8.250026655188886,Feynman90,None,13.603927449142935
2.220378393942028,2.8161655710162417,1.7526561117107973,2.0790642764472684,4.3423357476040305,4.316114024435298,33.11443885921026,33.01613246997411,Feynman90,None,16.43065882300054
1.0420869016748895,1.1710886334966828,2.7723559499391097,1.2432334764157045,1.8407284012160456,2.3433214580801707,14.505493900093187,21.132973271351805,Feynman90,None,15.283310059591773
1.2029569847949644,2.298781368622429,2.315052566435302,2.7541288972326012,2.1668320833844685,3.3924013423692494,7.090414883671839,3.9661171712879346,Feynman90,None,14.557618442838407
2.7593759136577005,1.9022849303642073,2.3638882828339813,1.5892828179421519,4.582627066006811,4.350304975697676,47.8353703526035,46.59276701458735,Feynman90,None,16.104336908056545
2.7466058919151353,2.463812626793417,2.18034054026979,2.5514887415835377,2.938649729537888,4.557271966426276,11.236321638092576,18.827674224698804,Feynman90,None,15.416534393828424
1.1802660200214043,2.505596653668217,2.1825476710549614,2.3504530537904627,1.6725539826538771,1.8328402412652527,17.078486697424367,21.15989834566577,Feynman90,None,15.40232266969984
2.44597276210183,1.9159192016770803,2.332070169191274,2.8903803997095903,1.6113792583368594,2.625338846888211,14.556902444768223,17.799262568340442,Feynman90,None,14.158037633760493
2.329229488461176,1.5229592008742845,1.9038001075937963,2.996396455960295,3.654669313165703,4.09765984894325,13.341560201963222,9.52861913417201,Feynman90,None,13.477370519390874
2.4152772524012986,2.9368141172071,2.40561016080901,1.6360349645062167,3.266165834268028,3.809954618185247,56.70432452567843,53.16883136710766,Feynman90,None,17.272961369664596
1.6195120012575546,1.517318998037528,1.1627738308093631,1.9036499925721944,4.855916707290324,2.247386931676738,4.088359520957177,8.69748703023493,Feynman90,None,14.89600019299993
2.7857431527694105,1.9656615096495886,1.1301398303420653,2.504296001194101,4.138391305605726,3.3410902633167106,14.504097244686113,13.467250111135513,Feynman90,None,14.860638739167372
2.6449388479606855,1.2013769675251909,1.7898572868079523,2.5495313785273837,4.734896395396039,1.584216142234785,0.1765181741425188,5.739166624403286,Feynman90,None,13.790605885233678
2.1197738546638636,1.0956044833163754,2.2558728649662974,1.1128567008009322,3.4441552483572533,1.8592958276871356,8.828123913998528,7.790387968038427,Feynman90,None,15.624313419131584
2.5683154605121308,1.9863325556878857,2.773592358796467,1.1932866392460795,2.2276992518248577,2.215811485968018,74.49698627214441,70.09731095380312,Feynman90,None,16.743094957140123
1.041930711014052,1.7480607963064083,1.1178439556850226,2.684205914461204,1.5284991552753753,3.9518916184832054,2.4780483899173316,0.4566232437193243,Feynman90,None,13.921960285697017
2.181356367865751,2.0375359976780567,1.8895226623047754,2.3754623048829284,2.297325843215372,3.963459120880276,8.964938431924779,4.957806560684633,Feynman90,None,15.000585038987763
2.322533185181722,2.2213292239790494,2.509788365970925,2.1661280598501245,3.497201711143843,1.5680862671827152,2.791282304393332,-2.8789650587599405,Feynman90,None,15.571081496536735
2.9265249934761686,1.8363806015200497,1.3740147116171184,1.2438745318840803,4.421897867741472,2.6259265463066663,21.823165591675703,21.384946329568237,Feynman90,None,16.56109739520982
2.362480910731231,2.675430278367944,2.14027779767591,2.538497343801258,3.1875460089442686,3.02111295957845,33.131276086824734,20.12793373571772,Feynman90,None,15.616339238911287
1.9645737719438643,1.1077672438765347,2.4116577747876438,1.2166177410540207,2.506214136617532,3.7758042930724276,11.54698601055567,10.516585736232816,Feynman90,None,15.453287161205958
2.004716286524131,1.4724141381635572,2.434184167685749,1.8806331904913829,3.346821983801559,1.4572067943804305,2.5245288506979495,2.3564330563683824,Feynman90,None,14.960803611535468
2.408745890595961,2.2536672288463917,2.1176802568294537,2.0761662726103918,1.876775838330186,3.909428964073885,5.244854449559238,-1.7106001980052623,Feynman90,None,15.762796693004006
2.948412583680302,1.3831260448133755,2.3634037271704664,1.008869946237126,1.7609640951493706,3.5635246771325066,9.504957986259882,10.994218881999087,Feynman90,None,16.33139821433342
1.7028374088172096,1.564265118273972,1.7202176441958643,1.3426104352570973,4.816842106347673,1.8713828466177085,1.0907431521737578,4.34013677949782,Feynman90,None,15.790534616605601
2.302303035164175,2.864851702736212,2.0960328319886496,2.957415026911014,1.7112325754859357,2.1709354840152213,27.16847857974247,24.92147862519204,Feynman90,None,15.234339399864348
2.4107233829223507,2.7285977083648136,2.8180581463174157,1.817975335213564,2.473258826302605,2.0734034400668104,57.567847571829994,57.999374681096604,Feynman90,None,16.74260325980528
2.195209453339159,2.3324079984881183,2.110782100738274,1.45741430788213,4.807005472786212,2.0273890601597704,0.23089863025097118,-3.223725798822516,Feynman90,None,16.713512235020247
1.955729542630688,1.8599485144281316,2.7719547869656456,2.9432594409586104,4.045035204553182,2.8446994846168234,7.710465379963104,12.264633900141131,Feynman90,None,13.897417433494194
2.9412619337806274,2.287637587905596,2.118571989791669,1.9453909316884777,1.81308479558108,2.735676107822242,33.12713964034229,34.22872194917253,Feynman90,None,16.118399432071268
1.9128876650445799,2.916389916626839,2.8175766032450613,1.8974994236924134,1.804645177131874,2.9039010377255803,21.692336254448637,26.202949674713313,Feynman90,None,16.75149201697305
1.5470813096348826,2.5908705701006225,1.9525951911545798,1.318318975548016,1.2319286247189054,3.1317512551759434,9.99151168466108,10.011859684141625,Feynman90,None,17.095617710171837
1.147505126833664,1.263017652974103,1.7573563567575055,2.163764725796459,2.873976459095653,4.376657236076499,3.9817648969898136,-1.8016917333081817,Feynman90,None,14.086049417312953
2.6363920753734074,2.6888218427315524,2.385300539082722,1.1158415660773027,1.5040496687549125,3.39095532493814,11.373998156272977,1.2593925746857622,Feynman90,None,17.764674774716386
2.492092756236242,2.2859197899570765,1.7670552279212204,2.179659506695304,4.0695212190737875,1.2083136805692325,1.505698674582693,-1.740873419233,Feynman90,None,15.672478573263817
2.5499209251082737,2.1825769996073374,2.0438625326725877,1.8868147107161326,1.841846063804908,4.9768813160047545,0.014258097324159434,-2.8178948559902355,Feynman90,None,15.980106201160496
2.565372150197454,2.980196314355945,2.2927292873043963,2.6975447759683835,4.884044231911094,1.2009761171244508,1.782556292365229,-3.4489204772484645,Feynman90,None,15.819251635044267
2.086055966212268,2.798119279350942,2.58604049284777,2.566338368976989,3.571009446566339,1.2064540304174423,0.02794603842634984,-0.7597035654136602,Feynman90,None,15.668415664581618
1.3284860270052012,1.232555553163563,1.2672857313908417,2.813980642870903,3.6531728379474178,3.1269513393500254,4.464180953452362,13.53534518289478,Feynman90,None,13.143508680777042
1.2293706335383203,1.3466081800132848,1.5093184800446617,2.566698787433668,4.0814210110785965,1.421239787102488,1.2461615207919845,-11.09192094398307,Feynman90,None,13.625317107479532
2.6718531161945362,1.793904015728651,1.1915502705926269,2.6191579925957784,1.2223398464644997,4.8288450268476275,2.0821259301537287,-4.92365453546649,Feynman90,None,14.449067502800993
1.9726452635087726,1.566405208775573,1.2946328516915002,1.3128052955361404,3.406812739843481,3.624610326834602,19.019537891989334,9.377628365391587,Feynman90,None,15.89853890270796
2.885889675248136,1.3859599880382076,1.7195469524228018,1.967588509526212,1.2429044844626778,4.141547396347084,1.2931342043432266,-3.1089315653393084,Feynman90,None,14.926755136630119
1.4350371153839996,2.2902263650415695,1.831961585750012,1.9000524863731676,2.053608460710292,1.7957204686905297,19.54245887263688,19.14988359767763,Feynman90,None,15.841776045060803
2.0192177747705666,1.5787843979422727,2.2749455383563175,1.3908599072098033,2.0392228616391,1.7910296369448773,31.901037779367766,22.621474253684625,Feynman90,None,15.811490293965774
1.442033054352182,2.783105066984943,1.5689667864349044,2.464955319865626,4.101986981962222,1.332484445372704,2.310406962710332,2.918442369988967,Feynman90,None,15.648854417795295
1.8541652346091408,2.4261032499714084,1.4989711426263042,1.6098782308440673,4.797901242136106,4.905989301631255,26.259567646419754,25.633304676331235,Feynman90,None,16.53269019420049
2.3001878481877083,2.8616413706541293,1.0593997931447219,2.6119079809511474,4.725716427811535,3.32458971803583,13.912417735437538,16.81289092370808,Feynman90,None,15.7321072026068
2.085021790962296,1.185609147807601,2.4221926075519917,2.345716887166725,3.547621869293886,1.5616829282684481,1.250713529671671,5.946820116160424,Feynman90,None,13.938323774303505
1.7570520199720843,2.4824743392606554,2.5890561934416425,2.9541275723336833,2.1137657816746804,3.923133979317229,2.2499645740708005,3.394310357727968,Feynman90,None,14.627661229897164
1.5704043281063318,2.6935178290930413,2.9529319724241585,1.6721890975369567,1.0944331940008762,4.788115683092652,0.8586543485503835,5.464757561302669,Feynman90,None,16.71701309527316
2.802128619580813,2.210544841170299,1.0482264164330235,1.3205367002476789,2.5088558085471138,3.351623026980213,28.93621631528545,34.37753547446985,Feynman90,None,16.896897871580705
1.6362862885152316,1.80875848497359,2.0263940673579364,2.4401011851716,2.996052562813343,2.4237407828980757,13.788027512837509,13.780135909269044,Feynman90,None,14.49052138985078
2.5870960903677,2.2250119092686855,1.7130892801596633,2.1936707006611593,2.8577191967084303,3.067629875698379,27.941416899052935,27.34212665210065,Feynman90,None,15.59646457367867
1.5665138735740758,1.2791755993335687,1.3050276175148525,2.87117201135302,4.430427294067062,2.900243064024305,4.056574128384872,3.1226609819754434,Feynman90,None,13.174295786271184
1.966630765085459,2.8096699985592446,1.0965621953628373,1.6823417859692982,3.7716338287738553,1.8266778458735526,15.251815630700012,13.182892383871325,Feynman90,None,16.940936184781098
2.9347454645535396,1.4461344999447054,2.732519541600312,1.6117977959258234,2.504522348756273,4.8460908411134405,0.014637556902475913,1.0768402887543778,Feynman90,None,15.531784195492097
1.9474093727364312,1.5422382914431714,1.586707008562039,1.8127731318166933,4.995552994977093,2.0217423610042253,1.474554270721199,0.9039614869138576,Feynman90,None,15.135102977719129
2.9363218902201176,2.9127207178676358,1.187829352930376,1.984953499586456,4.561006748818315,4.078202861291472,31.28602589391789,31.334975197611822,Feynman90,None,16.85465854910031
2.088261171763671,2.17846097870986,2.2160096060155396,2.2265201958457843,3.3769696387387294,2.665198634969222,23.018511030721076,24.323210254576146,Feynman90,None,15.374971967944484
2.0515790014497615,1.1986435192101461,2.8399177927706525,1.7344247269889423,4.053543409704373,3.9136720857670717,24.968385925563062,29.396872305461088,Feynman90,None,14.835985309112475
2.4816659151594376,2.887321050043613,1.1582644959986654,1.6818354145002365,4.9860569532198795,1.938731755146101,9.585160177471874,7.909256543099022,Feynman90,None,17.15867416582829
1.9701973474988972,1.654760852128286,1.3887509895619463,2.704416891319789,4.111158827003949,2.2266854116114936,5.730414805458393,4.894414982350225,Feynman90,None,13.987058983526252
1.7087107112107431,2.7553049914075434,2.659975765257361,2.4592969751032587,2.338968198200881,4.477493017443258,0.3395828264909583,3.4350519132589867,Feynman90,None,15.682958290759817
2.1974209145233288,2.763216548313766,1.858609570453333,2.899868959614886,4.9685697279437875,3.5201780348857237,12.826116270294387,20.035665297558033,Feynman90,None,15.164676088929498
1.7271342214529908,2.4070093715511227,1.7019314397611731,2.9708568006999934,3.8057060929623545,4.761040881324906,11.944509205649743,6.75590984578684,Feynman90,None,14.500500760793209
2.0723772591763256,1.389306641921713,1.2465257718055482,2.3116048050159224,3.125109821230744,3.1005471238696796,9.754399611419586,6.574995667362625,Feynman90,None,14.24405714672298
1.995548521470317,2.635498331433353,1.5114931140554442,1.8938875973718328,3.3679731126240666,3.519406563823593,26.257898188723964,27.135569179880687,Feynman90,None,16.418514263298363
1.1994942949934344,1.154356530829524,2.8948209901548774,1.7727991969043964,1.0227798708117612,4.677408700004243,0.3564526280148841,8.376130699043356,Feynman90,None,14.528231857624544
2.5955560181368913,2.5643934661247294,1.27271505829633,2.9282465424389126,2.695710517275176,3.423903855054304,16.912481129119087,20.170398372667506,Feynman90,None,14.961988589746813
1.8787433556222326,1.2005150813880003,1.3194883173887322,1.6415468857793434,1.584389691858747,2.390782439453072,10.35618084980891,2.3974685484072396,Feynman90,None,14.933717734903231
2.93726754223014,1.2561185367056122,2.180525636646592,1.8566195652485193,2.3397019778220476,3.8067921878792856,10.633054035748621,4.968637490028938,Feynman90,None,14.934772113918248
1.9024783833666659,1.587409430481808,1.3070146093801625,1.8386247008817076,2.30731556298687,1.0350691338528262,10.653510211572897,13.564768759423835,Feynman90,None,15.144644691302895
2.499257927239769,1.0883291435650806,1.3286805303946025,1.5201114135885998,4.0990589739366206,1.4409524900245896,4.610362663155759,2.4461212998161894,Feynman90,None,15.110079674596607
1.3654952641762732,1.55472470071046,1.9528715667239178,2.9621288046851606,2.0709714145542057,2.791576513436201,7.435336639055902,6.9565959253839385,Feynman90,None,13.346312515676473
2.4333258234908577,2.9260461457302145,1.3528585563960909,2.573861548883736,1.6280009568959524,4.23861820217444,7.257049745223156,9.851994710241158,Feynman90,None,15.899895551069216
2.118061219730204,1.8996348092659454,1.97125281496016,2.1568082377825637,4.4547823619163,1.6981742307223393,0.5312025557107035,1.2269463171345605,Feynman90,None,15.12858761872521
2.413221375553718,1.3046591910231933,2.1960497765569524,1.2075100210304721,3.453298068018561,4.199034404992524,28.621669074561638,23.570748576035292,Feynman90,None,15.81992587663629
2.0536309803958717,1.7547559469616203,1.2529117393843932,2.5798501419250206,4.78864731385632,1.5007383196999204,2.020146209173998,2.195425908771591,Feynman90,None,14.314487463439418
2.482773791290542,1.3836324122972794,2.4080551491064135,2.761166929785677,1.9961182830670747,3.2266292311162643,8.50756843553882,3.0350862313502276,Feynman90,None,13.677446545245607
2.466722205318836,2.611969060425873,1.5663566532358215,2.878671000271474,4.271075666453386,4.8904673496170314,20.353071866294304,20.869779569365765,Feynman90,None,15.064987970525188
2.8952153779128063,2.014161587741221,2.4501401233265705,2.169712977777348,1.0309458168491967,2.6295361656604626,9.247055250639095,17.294345197188637,Feynman90,None,15.433905233979777
1.1223060977194481,1.6957916586444297,2.112792141118759,1.6299791580026748,3.8501369072044254,4.2861544061116525,14.434610692573472,19.0872672606831,Feynman90,None,15.406696085583587
2.1060067775553373,1.7578515826654035,1.7522435589969771,1.7421597633676633,1.5516393891558056,3.9462966514574505,3.969655678994777,1.3923404315676011,Feynman90,None,15.5483771439123
2.547063635141236,1.5478674689147733,2.390237167390237,1.0197609631106066,3.2389952690702684,1.9463503382646312,24.312155507225956,28.919286585546878,Feynman90,None,16.432913186749722
2.7265413544861605,2.999126146623339,1.0220189421095933,1.124712000165695,2.6464328913333053,2.8827418145989756,46.46140234448112,47.675937754646554,Feynman90,None,18.167088120547945
2.826256628586027,1.8205390308913452,1.2775705501807546,2.9682918326721697,2.5549434638150696,2.7409322300390913,13.849223461799017,11.488955892486668,Feynman90,None,14.010781126062241
2.2145668764728947,1.38637223003862,2.8507254759664713,2.081945766180942,2.8065185097166205,4.505661334678022,1.9566008536048227,0.5567966635901549,Feynman90,None,14.606876613662086
1.536568609366386,2.7600580653874296,2.973241608007851,2.528194012253709,1.1376605591030553,1.9002784715276664,20.012746619235866,20.02028837775195,Feynman90,None,15.549308274658497
2.949684083540609,2.7734831938665168,2.7550071413238966,1.4139900676641486,1.5159287999310527,1.5909327332736285,99.79560561377747,97.53736766986972,Feynman90,None,17.51078939584352
1.732332347393438,2.9694485488259783,2.357363976139875,1.7458176355546084,1.0926156257549846,2.5197300447311974,15.233896511428668,11.819867140002454,Feynman90,None,16.998042076016386
1.2393949161999722,2.2039335146731185,2.072269186470157,1.9563581439862014,1.5498649855089166,3.3773264729895325,4.560624527208945,7.710945297564839,Feynman90,None,15.605254700499762
2.0469342294156787,1.2397373628149784,2.009159206705421,1.2660907585198327,4.74491309162653,4.276326922198916,23.48791021926428,16.238443983564746,Feynman90,None,15.568093377672504
2.349173418791059,2.9492495929209888,2.8824931763632407,2.946838506540474,3.87611634917895,4.3818608201941105,35.55453845076337,40.65831104849496,Feynman90,None,15.367806632165879
2.183032719795759,2.2273705758116797,1.9244861310802273,1.3921013707094987,2.139061683759235,4.346622303403841,6.774396252772337,3.0451435709227117,Feynman90,None,16.67210039477819
1.6407677021727054,2.934714344013011,2.767071160959776,2.3371549568412333,4.055760070984457,1.1416760533832426,1.330962896189578,3.4794766958486916,Feynman90,None,16.073095446540158
2.978809311690296,2.5972407914797877,2.1695511221181967,2.4821918167527466,2.199639419285573,4.930896732950276,0.15308243085539008,-4.012034389419757,Feynman90,None,15.740280258305217
2.5943243877665143,1.8598359539946803,2.496526285090832,1.6713882239502669,1.507222043709477,1.758021072763328,43.823065724278706,37.710814437694,Feynman90,None,15.893084633652228
2.081275828843067,2.068175889402507,2.9457764664572967,2.78170587192431,2.384436249578785,1.508276693944787,15.881761628938616,17.840188619905142,Feynman90,None,14.425929016764115
2.0323326258459864,2.1967759227688006,1.690700880814941,1.8767746416577713,1.6388454270087927,3.462196024774748,10.627351075676012,16.685609643724632,Feynman90,None,15.893920430524101
1.1874699006069946,1.5724589757815717,2.7917962775113523,2.5095318869846577,4.519431608007811,4.283252806372184,12.585802928185823,12.466735712050696,Feynman90,None,13.986025401722717
1.4915980626314602,1.5946302458282007,1.7704035321468192,1.0612599826158307,4.303494907815503,2.474254791692154,9.486287961135234,-2.095213980782331,Feynman90,None,16.18970719625454
2.068875342647585,1.047335406907128,2.6611689584066216,1.5570304121673821,2.5403533888330223,2.0791575587958127,20.490796722788843,27.862329907335834,Feynman90,None,14.905454563240578
2.7401035025768867,1.861652288419888,1.232964756226419,2.8561317848771655,2.1373983672466768,1.5960282471079843,13.330080754467792,5.722317997962781,Feynman90,None,14.206354190657496
1.7000648168859351,1.3411504505876353,1.1668630386147665,1.093847585936697,3.1505359627872025,2.3507192018933933,14.204670629094176,11.118211993611528,Feynman90,None,15.867843640492
1.1652444079731425,2.1919831791303803,2.218320885173286,2.5147244328092393,2.8985627700213357,1.2134321666330536,3.702411037195112,-8.092622732813991,Feynman90,None,14.761217526970366
2.332871968739185,2.2211543124781534,2.805966516491749,2.5364099953172268,3.869279956898619,3.5606628671657483,33.82213354308642,40.95240527019734,Feynman90,None,15.03487610613523
2.7701508173773797,2.9041022839481965,2.2000657043833085,2.2191602588591834,1.7865817034505382,4.402301291512169,0.41279497752061295,5.068874131315532,Feynman90,None,16.465029808589527
2.1379183199745313,1.7697916574732888,1.55133425680514,1.717241574354551,1.0167113900241347,4.021446177161588,2.0777081314747115,4.196353293276806,Feynman90,None,15.607117041538434
2.571482857002895,2.3969949748625816,2.0131921479671684,1.8221295885543742,2.8119686593370865,2.262040423225724,38.5935819373544,46.952720591224626,Feynman90,None,16.351777084445448
2.6781701567899843,2.816209483033291,1.3401715116669404,2.067657285223989,1.5981928227830497,2.2701956709929094,28.695242804723726,23.022761885681586,Feynman90,None,16.55240965873831
2.468484714078283,1.1938366579830568,1.8378741787359874,2.2735229852043637,2.89893410673832,4.11986720877613,9.652072635441375,10.267023382083092,Feynman90,None,14.14179434994223
1.5307355268033647,1.4592215258630825,2.6447519729101723,2.146223315519687,1.8921433678890303,4.002474100631668,0.26246289398343353,0.9237789588264265,Feynman90,None,14.449055151320108
2.239329548683502,1.727232684832629,1.9439656560275356,2.4487364973635675,2.868066492104188,1.0356047765003464,5.816385809534207,18.933669372939,Feynman90,None,14.5127509641589
1.0214945578896382,2.789161807495173,2.766706408251884,2.347065078110296,2.982997449505459,4.49431858100385,3.6362924791335463,-1.7996534482023137,Feynman90,None,15.731402165591565
2.416413865372361,2.3219373854924177,2.505743799128063,1.7876401216840285,2.405523680936668,4.971413746798314,0.02553237658098826,-3.570427120434653,Feynman90,None,16.270867318738535
1.8422738736138682,1.4880354037078127,2.222451010296992,1.1750003495522487,3.5818217447936465,2.5089476859078386,19.789971214778788,13.734899648832602,Feynman90,None,15.9692991372156
2.9405935387512976,2.139769861628833,2.801937568800555,1.9594393619634487,2.7163449281439283,1.8014126251994154,31.614282341843882,40.396420521101206,Feynman90,None,15.909778411444254
2.88457787175244,1.3539379261993816,2.8205766842127113,2.46110474470671,3.0806149086656123,2.391601146074827,20.314190163373418,19.600662251308076,Feynman90,None,14.168203180858509
2.041695072954619,1.9791071899990849,2.543530740669418,2.4810722829993717,2.1561103618422215,2.666417909632656,22.572749606027173,19.572704576310592,Feynman90,None,14.740667468466395
2.1815605704584433,2.5799564526548666,1.3036922591374416,2.5236481980374883,3.4041021727181873,3.9948920173272517,17.383182089972628,9.55218786921122,Feynman90,None,15.474975203171338
2.5669362007423686,1.5003947967374107,1.733348995937565,2.567168241579262,4.308547507428523,3.385389992894334,13.137209199739328,15.793859087535587,Feynman90,None,14.127312978796617
2.6296471583669483,2.7552539491333974,2.4501329333134025,2.81371145447084,3.8778058005287206,4.203459787195696,37.58243453463089,34.69701015290037,Feynman90,None,15.379055959116716
2.9856294587546395,1.225691421846721,1.7193559398155973,2.76955925184478,2.444923775269486,2.074653841097754,13.798572866422179,10.557026279770634,Feynman90,None,13.579849261627972
1.1451081148669318,2.883525679579681,2.095466490824262,2.7152455361245598,1.6951492866326068,1.650296204402642,15.999340003756448,20.514474344615486,Feynman90,None,15.344484473581401
2.133035824779612,1.7980640804928816,2.449634508557951,1.2344118906525527,4.182492089717577,1.8514234830678702,0.46836724126021045,14.333854350043003,Feynman90,None,16.343941163058343
2.111688172142214,1.5579162455140232,2.8588408957847866,2.283480686475783,4.0741794605246175,3.667456236886991,23.09150981281732,26.964156355826802,Feynman90,None,14.5083929062953
2.837309619965153,1.1783416623430871,2.84499345412857,2.9729139393838855,3.7122716404421494,2.1039049666355076,2.181715641770901,-1.4325842560278725,Feynman90,None,13.189920807010804
1.373776519629376,2.731273363246894,2.788596391713514,1.0116098434212402,2.761119846119825,4.838331413763637,0.45705404605005245,5.239234016067989,Feynman90,None,17.680303697089055
2.3457707324708856,1.4660816307119384,2.7231877542755845,2.235867681119259,2.1109940896991257,2.6995388375940377,21.14537095470938,20.108737326511605,Feynman90,None,14.514578542423783
2.069638423755605,1.478777023328654,1.8882071349035523,2.5756386119589214,4.706718973263854,2.378335142563335,1.9118906231456345,1.653197366400156,Feynman90,None,13.973325629519877
2.0829801817517803,1.850592516021827,2.125578534543665,2.4284568087414895,4.572407752294201,3.242571402204329,10.351880489922696,9.081276837253776,Feynman90,None,14.663213476492032
2.5084613745941384,1.9578276036969877,1.8994468613755102,2.64146171331725,2.4656994149346123,2.1485677839763127,21.526451902089846,15.231718074868013,Feynman90,None,14.587585224288109
2.2694082455208404,1.468499070598635,1.9480270933927373,2.048863021877422,3.446263889039581,1.63388089101465,6.150154280676727,9.266629767146327,Feynman90,None,14.772007644509042
2.0870658037655407,1.974431649786519,1.7723418401483024,1.3086229273708212,3.312420521263599,3.968214722918452,31.29227114714741,27.176334440210855,Feynman90,None,16.449775551394985
1.6540267665011044,2.6283266837405175,2.402567087709238,1.005756779552045,3.9643501293836696,4.798745673335381,46.124578213828975,51.13083106627155,Feynman90,None,17.622243052764937
1.2733502215399506,1.975284398778887,1.8415391216631687,1.8184363041807416,2.894442456175141,2.398408765959102,14.922059929503908,13.402693978987923,Feynman90,None,15.522805341696033
2.860654302959447,2.252987203869152,2.3741603877948023,2.6702497992574914,1.754848813309399,4.0164382432327095,0.9722794488295168,3.066254550403314,Feynman90,None,15.001947050995613
1.3493742038724688,2.5608025676363146,2.67852107507101,2.9883526548462713,3.1220010834504164,3.0290628542237465,19.36010346396127,22.58715965705386,Feynman90,None,14.583906485284485
1.0276013482006894,1.2308369614260235,1.7738432870063816,1.5592492687970492,4.455477076372789,1.409290900043934,0.22457765616744027,1.8737660867391528,Feynman90,None,14.89650647753445
1.6212403848216144,1.566650894256683,2.5002711864349156,2.6217750177783605,3.7535848756671424,4.445298743689487,11.784377747477913,10.564626532775035,Feynman90,None,13.915042780288998
2.6952822512155317,1.7930023837091063,2.4221607037732427,1.6389603917105573,3.2681468944321685,1.0545712222906332,1.234485466928046,1.3701024570413565,Feynman90,None,15.878420109282969
1.6193931982950485,2.0549736118420485,2.1051910705349393,2.7438892383844298,4.2230525843119295,3.647678076161609,14.174230276424286,18.13895157530014,Feynman90,None,14.358072136327554
1.8006208532588657,1.4714070687463274,1.1692557566874595,2.7595959064122315,1.3201386157584079,1.75614703699337,6.901959410545453,4.255042119516658,Feynman90,None,13.634728635960172
2.6138889236511833,2.7530856741914906,1.6319141188682489,2.3937039489136214,1.9967894752564752,2.2503510605313166,30.38840895209798,33.622301331643584,Feynman90,None,15.983333678602047
1.1668038320265952,2.3265191184577967,1.2202309560838656,2.798629429797641,3.50731919063656,4.497052000046039,6.57563333266675,11.960005695088231,Feynman90,None,14.51989148130892
2.317832555155656,1.184357655071678,1.1397390289255986,2.916002278684326,2.91812905646607,1.2714989704327038,4.981126347885727,11.734241347416123,Feynman90,None,13.161042063817717
1.9606953096696778,1.6235756393606626,1.4620203189564565,2.0563477214497663,1.6629508874887895,2.0840015385984754,13.777211723713556,7.1139870793913405,Feynman90,None,14.887454042319789
1.6361315571259094,2.405681455377508,2.8612067591260404,1.1467574205945934,2.2135258885908264,2.1289987964942045,61.403905439817315,66.00088428028302,Feynman90,None,17.12999542334561
1.1410939784865606,1.776605686599731,2.4427847386379824,2.8742743407407474,3.698361239663779,2.1409847787940626,2.6752472175255217,-5.442461291064456,Feynman90,None,13.704686388566657
1.205810385173201,1.5834292338417009,2.0813881895864377,1.5379965790844017,2.042457088687732,3.2820551552176047,9.00649076028759,9.75281028191236,Feynman90,None,15.41671287606769
1.3825985221039803,1.1367513135956773,1.9530730545635668,1.867283455453887,4.7103718360113,2.9170191231949856,3.259250857736407,-9.201854835377397,Feynman90,None,14.410512647214588
1.5443402728093107,2.85583227399599,1.6272285525498515,1.076099592815262,3.948916740607783,2.1132504293125476,18.67374028058443,31.468594989463668,Feynman90,None,17.7841036484881
2.4912193144451127,1.693749165047568,1.5283448977828404,2.1858020961667473,4.093891617028617,4.108984071284986,18.536690642815607,22.487193555264636,Feynman90,None,14.910287935316648
1.5051106493349875,1.2034243256217043,1.8221490328714367,1.7567267657612569,3.8047940066727555,1.0743097064703684,0.7058239170924914,-1.7744277006372693,Feynman90,None,14.68416891475845
2.707008243039687,2.6069478830840764,2.950005431324893,2.0327366279911834,1.2836092301485151,4.424635519985836,2.9790389955584384,-3.784297554685307,Feynman90,None,16.343686182026687
1.453745982434424,2.4003176222633886,1.2560756457493174,1.0360834502751177,1.8469131028974193,4.385373036108594,10.452184092806865,20.71396744809116,Feynman90,None,17.242207996259577
2.515003203260746,1.2286964699388028,2.752335019286894,2.620434852376389,4.6758826355078575,1.7114379480502224,0.7967552833084192,-3.6388189880764927,Feynman90,None,13.69242716364496
1.6649670764445035,2.2786035775510536,1.6823806565257282,2.509784558191339,4.282208689455385,1.234575260195749,0.7256164939025619,-6.929718882879365,Feynman90,None,14.993291844606336
2.1578377162924505,1.7095304131280238,1.8087589557203447,1.489954089417535,3.8905413712518016,3.028210272578426,22.875966261246653,34.567307979847726,Feynman90,None,15.865512454374135
2.568736444521966,2.8571680893581233,2.6813346447447546,2.8569543566344997,4.861556109699521,4.997110077556528,42.80519999923877,41.88598735969787,Feynman90,None,15.431802910828425
2.0853002930952402,2.116917917611221,2.7316853176121523,1.6599244697625666,1.6119985763033347,2.398069903905968,30.591089534501037,34.89277035285582,Feynman90,None,16.119807980229535
2.7290743145777667,2.074913281957566,1.3058526146214204,1.8062051370646082,3.476062610459419,2.1425293783692156,19.845345147033953,17.59675935989933,Feynman90,None,16.001523984840127
2.453833308293417,2.963219923451532,2.097677451002904,2.5204314717096574,3.636332241601892,2.087615944372108,14.36961531336694,8.997357775412652,Feynman90,None,16.029560305909794
1.2843026548328091,2.009052901420465,1.6681905027419812,2.2546241938165434,3.1504176235100636,4.866057389764283,5.743970989667596,7.064456484484337,Feynman90,None,14.934084994642104
2.1042523019432644,1.7996992980207558,1.0474583449182275,2.8816187120137084,1.49852916411737,2.270992592206976,8.187542575091696,14.583562750692892,Feynman90,None,13.94452006394875
1.0179352773305301,2.190127759757758,2.081270064926334,1.525955057495595,2.7880718570920613,1.4947557278165422,10.02282978272952,4.781354663523552,Feynman90,None,16.162617843785657
2.095681205237005,1.881137837037894,2.245357923776778,1.306426751584206,4.977204007580816,2.3374186368751335,0.15189331711867504,0.08918315059227686,Feynman90,None,16.336305523380325
2.5982724248981386,2.97126191000693,1.0846357150676416,2.7915638415781077,4.592889028357971,1.9412270156191345,8.954088953043785,4.158738948396099,Feynman90,None,15.67874833311308
2.5482469476126193,1.6373666656643693,2.241154201946428,2.188877307180185,2.6024651024490946,3.43015666961968,19.97585509695778,21.949618251258233,Feynman90,None,14.847209452798698
2.6264881860244462,1.226471327001702,1.0157085895239801,1.3032677478193322,3.3487718317280217,4.196880047578864,14.822586113325109,13.723778234843401,Feynman90,None,15.630238109207257
1.008926991313539,2.733000379043127,1.9446386920428542,1.1203337239851336,4.558555437279999,2.2882083604375625,3.9897325004223694,0.7267242689276276,Feynman90,None,17.440654223417205
2.2756625906767,2.3434868973971787,1.0658543285739213,2.751766567940133,2.261254920006382,4.335757898143859,8.481465408973836,3.2119212107519335,Feynman90,None,14.864200825803893
2.203064547386195,1.685162362300179,1.6694143068866436,1.023360275075911,4.416497511516647,1.5436770710086356,3.032699694682822,10.136595176588125,Feynman90,None,16.523293730211662
1.8718603467073065,2.3165438387850923,2.278027180836842,1.4775517035316752,3.4330192291698767,4.745157357206152,18.6967211990882,18.94509906238599,Feynman90,None,16.589818223315707
2.1308034837944763,2.1924177203207638,1.4689171748255268,1.0608162493801518,1.8554204222440394,4.0604789823385925,15.459563755722964,9.985593092943581,Feynman90,None,17.097318135368116
2.3424960805265225,2.488260829917881,1.5454010137373027,1.3118338294395515,2.6275317939178784,3.6434253858790857,34.978897213918486,42.76804208955873,Feynman90,None,17.15718779946415
2.3127590390994888,2.8065564145125683,1.212025260516434,2.494239038732248,3.346668113492702,3.7477723927616906,19.43064769919295,17.71599969826069,Feynman90,None,15.836022676101607
1.4603534090636716,1.3731428803638117,2.3184821583279254,2.186297182120838,4.827302768780202,4.0966802922593235,10.45677451984367,12.8748582687802,Feynman90,None,14.265165598296317
2.748238462012952,2.1551138812460073,1.882251771812758,1.3607094076859636,4.99836858597137,4.7131045161134,50.252492361008436,54.0848017794957,Feynman90,None,16.755625895181403
1.1241553032948302,2.771383168491464,2.4988965598357993,1.9649982439668787,4.933760335407889,2.405972380916706,0.0006999041891963968,-3.020482991273781,Feynman90,None,16.287855204769606
2.710187490423393,2.7211922693561172,2.1649337184535384,2.5791987944731076,2.8920935337982585,2.948352793704874,38.84733854999589,34.46146106973004,Feynman90,None,15.695192625503342
1.3113819997481448,1.447449129321892,2.0619697527450116,1.0778018250303796,1.8318192821201955,2.8844103594398454,15.154047048521264,17.939496090333883,Feynman90,None,15.937109640777377
1.3345851476966824,1.3663952825298682,1.8746701687887029,2.2657979691992267,3.7824671517629214,4.175400521118184,9.05897216927742,5.9492866461460245,Feynman90,None,14.11212092600902
1.0389800856193223,2.63715609887417,2.9153168200756525,1.2801511337587752,1.5484106680468805,3.3393947547540574,1.474885558711924,3.989967114826217,Feynman90,None,17.09331002041826
2.168402645647475,1.4317977984953458,1.5278656251126896,1.1383291912067293,1.7114418170359706,2.844237793096021,20.265824990476396,28.523600493949328,Feynman90,None,16.02597881237261
2.0013265648933714,2.8011673792545624,2.146602307072257,2.3939581262682506,4.847254013158684,1.2880337972776883,0.8525994844972662,3.54373555674104,Feynman90,None,15.903463129657332
2.439719925982696,1.0569291266873468,2.3627063001877033,1.6327997924370645,1.0438669734787829,1.8543206416494327,17.10140137009098,21.059064890601075,Feynman90,None,14.892639871473817
1.23054354577054,2.9105819828927046,1.0063900823083562,1.8974069413283898,2.681843757955075,2.990569150577397,11.840392024926468,3.7493335853576486,Feynman90,None,16.587572091058878
1.8459933627725262,2.4947592024823395,1.2856453298119699,2.5213149423010037,4.612884301649485,4.992393657696774,14.464381313431186,15.151669994965207,Feynman90,None,15.292975554573742
1.4318192736239466,1.10091603563366,2.1879033410753923,1.7483121620828104,1.4585242428089278,2.420644111651631,8.442812268756601,15.272327372262641,Feynman90,None,14.549216200233962
1.7489153769902135,1.3203625744929186,2.0002234839755135,2.151936917673126,3.7262078845473314,3.1304673198874373,11.96407652139612,16.970247024758304,Feynman90,None,14.314256627238695
1.6650688615758877,2.588137559185072,2.8275217733109783,1.1723131612597502,4.525043482755271,4.812224326648636,61.79682790322424,65.78370466665699,Feynman90,None,17.331511940189216
2.6489920847094894,2.9407442729016884,2.1839551944444837,1.0900964034855718,1.1728798053107812,3.113963720137953,15.88619242093536,17.032195357187344,Feynman90,None,18.12536706120119
1.4232118121191912,2.4052251576044075,2.1461930002865826,1.7112754013158493,2.3378917479685244,1.7497999740844032,23.57840904011407,31.10488237055406,Feynman90,None,16.259769194558743
2.6333400264608926,2.346422529403268,1.2725141269908777,1.6644509703134376,2.298674233444422,4.2207322460764924,17.54019237340125,11.346554297470856,Feynman90,None,16.53091763204531
2.8888459116563743,2.035072868679351,1.3691753028068614,2.1000326011255845,1.9318740479217489,2.4973312509556473,22.904181600661737,18.551043709201117,Feynman90,None,15.560344379386141
1.937610982734597,1.9924180600343573,2.350691580867259,1.5870308313200014,4.396267604817625,3.668663766336961,27.980573862013237,31.632650855779712,Feynman90,None,16.033553227021994
1.8309036216317263,1.3348682897532222,1.5190845621857412,1.8660222553451222,4.459973944071899,2.35669108529216,4.894847327085504,2.615070764184126,Feynman90,None,14.767222439079562
2.375565997491978,1.9399787193810922,1.8770456656219296,2.0817614317541526,3.4663707336788288,2.8683678819488203,23.48009320751909,20.400468567072686,Feynman90,None,15.348127961477127
2.6811321566280357,1.5956354536530486,1.6682718461262849,2.1398296742994756,4.420043325916957,3.7640590690990297,18.94675925875135,24.72152683382968,Feynman90,None,14.89596170176461
1.3671706840420552,1.3729249303924995,1.8616797586937013,2.9847613198367684,3.1835690537625267,1.1362380284151619,1.8065830599675294,1.3269126054218672,Feynman90,None,13.082597821446079
1.347457385490671,2.664624478185221,1.0170301314059798,2.4767492113731615,3.1878848609730883,2.0066544652429936,8.20176505174695,1.509027598614633,Feynman90,None,15.459321305224545
1.3643255302464816,2.7441711804201594,2.278545435766034,1.462877020259679,1.8681683092034338,1.94852491056856,36.53804683282849,27.18193069161118,Feynman90,None,17.038433301073166
2.7601732100713168,2.407300054481426,2.0417651257099125,1.3216182821686453,2.306480686712251,1.8869846562028298,60.65010934626866,68.3085620922568,Feynman90,None,17.135904693590017
2.7572416173012773,1.2992058731098661,1.720068601110677,2.146065801492448,3.8849773204805094,3.584265525602698,17.64131862794967,15.28835483624077,Feynman90,None,14.527402377089194
2.738175946208759,1.3415147052070147,2.568604531384285,1.061975826823863,2.0998639151947307,2.1730934698260578,55.65938708739772,62.11167075316798,Feynman90,None,16.15299911627428
1.7114670959064713,1.01593526761194,1.3280387337158763,2.257093147692173,2.3672372401405415,2.322038655395318,6.426067984933272,7.266837332502516,Feynman90,None,13.765632298931992
1.157187759607083,2.045095173945068,2.0185099096300707,2.941568069342189,4.619486750571493,1.1964970898672203,0.08109638004976967,2.0015968612889763,Feynman90,None,13.951978583077185
1.2370418571206319,2.483464751141347,1.89222222394165,2.2273212596281082,2.3431814621953344,2.059980581333987,16.01008583081717,16.274926031393967,Feynman90,None,15.566236151676168
2.891906953993403,1.8485571214645182,2.4542058486902154,1.8348922439159676,2.730393792886915,1.1585691826028146,10.593440751757724,11.373027335670209,Feynman90,None,15.709346877248867
2.556754921498861,1.9419468828997721,2.9303977012454068,2.7686447172489492,1.9231321025047476,4.718500401491084,1.3100952454426578,0.6522307929415937,Feynman90,None,14.393565646559416
2.719509464170545,2.918836641787082,2.338942340339533,1.2176229028284236,3.8713627246384545,2.52086519983658,38.405056261605374,37.24287038446855,Feynman90,None,17.92828592923833
1.4696623757273282,2.4302295797400397,2.019503330336633,2.4268508240149966,4.575268053388948,2.960271382152844,6.997003125108611,9.085875827676782,Feynman90,None,15.261849460899729
1.3676689672370148,1.102813859018478,1.2163503757462788,2.344245192170484,1.369064140253013,4.605568678622788,1.0788888501471376,-3.4857968338157006,Feynman90,None,13.670467009509506
1.1230844988660982,2.907372792240408,2.0131105422917885,1.4129612301589873,1.4354312729779868,1.4709378130035007,29.217663658313704,33.515452496044325,Feynman90,None,17.263159161533427
2.3886767378268416,1.0201759485466044,2.687084093308372,2.145666262475318,1.3626259539737626,4.699832092855013,0.9047827816752775,3.9596663484441663,Feynman90,None,14.088519449740732
1.7171426857976888,2.1945709493031873,1.7000100226666528,2.3039108513875437,2.9631772880505602,4.236738078689358,11.628058273334492,5.887348031759073,Feynman90,None,15.197729943935734
1.996057342183044,2.605912649099162,2.626229142887529,2.255346422249021,2.147710443242298,4.041267407675451,2.284993034046176,6.634865370744077,Feynman90,None,15.855478501352838
2.3003321796940694,1.1068190033231466,1.2697026262770992,2.4349731885658517,1.044871391929465,3.3050886999207423,3.9770896304519683,9.32646074972427,Feynman90,None,13.757792014650043
2.5633497657448157,1.2502330504604455,1.3936739749447566,1.415183846452477,1.6448551630568655,2.042173832226752,19.328653618346724,22.132661823091553,Feynman90,None,15.483243006368948
2.3372916631502987,2.344761272220132,1.5920680424303877,2.8132802455784303,3.6129332013736737,2.5177602431999078,15.023975615837383,21.216614115038425,Feynman90,None,14.790536264545901
2.215116917730567,1.260674235902412,2.673915134959486,2.673491386877729,4.197679329971926,1.1318675412847363,0.6982750766853109,0.4580598469633139,Feynman90,None,13.587098880529176
2.891358428969533,1.6581289808628172,1.5128613589745312,1.1649443237832808,2.7289479078676036,3.092345335175839,38.144129188244456,47.04236786515996,Feynman90,None,16.4410993142514
2.389912816761754,2.313875519912239,2.8781530286230703,1.8759535122386368,2.854655263445369,3.4826948900239287,40.28514962210759,37.77487831480945,Feynman90,None,16.12613057976054
2.236082029666468,1.7661137934669533,2.2120241766917195,1.8580681188860366,2.147823914654939,2.8413166770912426,24.183159387328605,23.977044093060165,Feynman90,None,15.420229395001613
2.100660415030312,2.00627771496361,1.808603760519209,2.3618554733312283,3.3778891692362443,1.0649888292342604,3.487823269874716,6.942050493515567,Feynman90,None,14.96208903850548
2.8008807947444487,1.8024800768359126,2.7617752150699255,2.054346332865883,1.2790586377943622,3.150088771530348,1.790495190794493,3.8605784453954253,Feynman90,None,15.310784632597876
1.745006371773092,2.494276565232103,1.084044023414898,1.8095531664435716,2.0044405536667984,3.2341173343984435,14.096358158462195,12.469574539206977,Feynman90,None,16.304012991526868
2.1682714323262244,1.6421750040957233,2.9711834650479245,2.2361069193227925,1.3217047731610636,2.152302585279358,17.390998875077134,22.390521312353627,Feynman90,None,14.697413155157617
2.1766194459985826,2.4811298511260427,1.530266232271067,2.6974196630068885,3.793769154510969,2.8223069043434315,15.955928417793663,21.038699359885285,Feynman90,None,15.095515393061136
2.585399804699489,1.509729381574573,2.429770157563974,1.8313383934296465,3.822291088751535,1.6025665321219136,0.828670421843425,-3.302492644429363,Feynman90,None,15.21325394791862
1.5063782975658022,1.4161875337824725,1.6306401690615147,1.2080087067307643,1.003433036692095,4.85800911772064,2.300632890930656e-06,5.753445069755629,Feynman90,None,15.75281694604946
1.3873402552914944,1.2914807680211655,2.7618377420367137,2.742620800525157,2.673694195435195,2.838421923710151,11.142415567192348,18.45819924948794,Feynman90,None,13.335707691333416
2.340733734614676,1.0043063737079685,2.1046643768181412,2.220573429941588,4.628786461721891,1.475385975510723,0.03934078132441768,-3.8625774210407506,Feynman90,None,13.948421667746226
1.5285450743289226,2.1277723333575747,1.8650044270500823,2.71485118445411,4.567987633175337,3.2975444923862347,8.58396306925665,-1.0070474704459276,Feynman90,None,14.472009460575014
1.362578210148845,1.7678165209464378,2.9521476752144347,2.6263396016764933,1.831867500088074,2.669437561457402,9.930827870365139,3.561112987409894,Feynman90,None,14.104837752530539
2.0016541814580737,1.0724094557805428,1.3240533450737095,2.3792245543995802,2.836729300715387,2.917426378860966,7.49870710365316,8.077984141109187,Feynman90,None,13.726509789519502
2.4611565184447235,1.096891237596985,2.646088925739014,2.5930655043675435,2.6067807003007557,2.5026964702754655,17.19992803921698,20.871809956900748,Feynman90,None,13.552240707839742
1.3199237497195802,2.6102573888520295,2.5665527417402796,2.3624841691176575,1.172157806416232,3.3369925542744454,0.38523450050929897,0.45263168661088277,Feynman90,None,15.549992790152869
2.6459549931462054,2.5832449350879756,2.9550003930077757,1.7746285073087653,1.4602641857308272,2.007893695400408,57.2064191284055,47.08457814446071,Feynman90,None,16.674791410819033
1.4151644794781622,1.5378213570780699,1.7468620336716847,2.8078501812429972,2.5848974895772554,4.440400197527767,3.230851149776711,0.7135508152830159,Feynman90,None,13.560528142859193
2.3984739022666943,1.6509253366317662,2.075788222904354,2.0358399712282487,4.897170779946264,2.8368190045895942,3.943942313689384,-6.00164081165598,Feynman90,None,15.052566091190439
2.9310794842667223,2.1177172284707835,2.4541654114364175,2.464122014675707,4.900160075901605,4.822918742940322,38.72720609207576,36.40947502211332,Feynman90,None,15.145786212596597
1.5993890045075265,1.7168749042980924,2.646794219363045,1.7769947772789396,3.1554996784457043,1.8457086451637266,8.328989773989063,8.197033093453337,Feynman90,None,15.329299504022774
2.5341363447874885,2.139526936415721,1.1407343939017913,2.8631583760648667,2.790879849971142,2.0291881376359053,12.740006202495518,14.612547784463423,Feynman90,None,14.502218817102133
2.1904061508734394,1.9767851000516408,2.839069457779581,1.0041733230990633,2.1718823360259645,4.51133525326089,0.22192874659598463,8.092452615222166,Feynman90,None,16.919138497045697
2.6881622827435954,2.656195340088794,1.479894075749289,1.528850562553153,4.972130746757868,1.4472511421341974,1.6502320508330894,2.3368629745088585,Feynman90,None,17.134591658037188
1.4071506085408143,1.7082353992521744,1.6077980140632078,2.99429892594441,4.251123572027257,3.8307852674636043,7.805692998120537,7.890690380480968,Feynman90,None,13.504322635139847
