omega,T,h,kb,c,target,target_with_noise,equation_name,varied_variable_name,Predicted
3.0991522813891783,4.472874233192098,3.939785876786469,2.9829605661508305,1.7479816060836137,3.947625416719867,3.9260745118206377,Feynman44,None,4.440979872668088
1.556956880208821,4.857351656315959,2.929895755161714,4.866343026890039,2.3238024459876834,1.0586943414732164,1.5236036609067138,Feynman44,None,2.962297285122412
4.927606072994188,3.618400728890069,1.2416856430578953,4.542182338260147,4.795110279678594,1.7069735886264361,2.1105665520828727,Feynman44,None,2.300027790355412
2.02374070637027,2.074098760837164,3.2751093538255036,2.7125781387546817,1.697931899036552,0.7362600297849621,0.5474411108853915,Feynman44,None,1.1326314864352307
2.939249877080078,4.96616445820694,1.1211943173750343,1.008386474991362,2.1384288906656366,0.9092650277822902,-0.08613144545691509,Feynman44,None,2.691776884934152
1.605732038697254,2.128169334263492,3.4549714419756654,2.426128025180351,2.397375111972874,0.21519452770093672,0.08995552430331061,Feynman44,None,-0.14834558673877657
1.256006954703071,2.354841248546538,2.7246498789993274,2.0649029395206027,2.947909581367117,0.08452153156694041,-0.027184276655151177,Feynman44,None,-0.7324930640033523
3.92690922441498,3.993271887979507,2.7344934003109795,1.913094448751223,2.8806725362528667,1.283502048644592,1.3046667008446888,Feynman44,None,1.9956789121448528
2.3362745320536873,2.0960030096905315,3.7830235974766677,1.12747349776494,2.4785716844337946,0.15566762571948287,0.19659141332505492,Feynman44,None,-0.2443327974574236
4.5694353334019695,3.4432257439753413,1.2098953127967196,4.141914678803181,1.2859309193048505,17.688478913917898,17.7095936028375,Feynman44,None,8.524616532684743
3.5732556372508406,3.3470670665097497,4.425702627580706,2.365442357336143,2.8022721973740095,1.1079659216512139,1.0344206438675072,Feynman44,None,1.4884150977331176
3.5385523434573134,3.37814783229713,3.1321075307390647,4.126493831076846,4.858592685423567,0.7027861325695849,-0.59734069525099,Feynman44,None,0.7516292153325008
1.2695321382223392,3.483951016252123,1.275108678738302,4.643102785436026,1.3654336622740306,1.4056063576639206,1.7658011867864005,Feynman44,None,3.264966992363237
2.161790349886964,3.1124970827797145,1.9270028258159728,4.350791887876802,1.5403586297006537,2.636854299339825,3.029152431949865,Feynman44,None,3.3858339798691492
2.9841888000682726,1.3861454318998194,3.508795383182004,2.9005489890257112,3.2046134792267043,0.28508899035455393,-0.8764877004260401,Feynman44,None,-0.14387489909170642
3.118326240233312,2.1327805174610734,1.694996358906527,1.3414054594074125,2.237587122204982,0.4842578086586798,1.632960225820862,Feynman44,None,0.8206399109396444
2.336698837750534,1.257351178815787,1.0034607652725924,1.340142235321386,4.161244310262894,0.04809366683502004,-0.10973751656208935,Feynman44,None,-1.1987964247239278
2.9232500422658623,3.696985317419841,2.7634211013117125,1.3031676517764792,2.038794149081609,0.8755831542063173,2.6942878683130314,Feynman44,None,1.866275325785319
2.7877857519379328,4.457052400906422,2.4733760606682402,4.620747031483985,2.24214554795723,3.1407196889398454,4.693235618490702,Feynman44,None,4.1322266905205485
1.0943021561596384,2.5006708296222757,3.293355646294503,2.169533102359291,2.6036369850089263,0.09206123753749675,0.863403499723396,Feynman44,None,-0.5098641142040725
2.379647303659677,2.6021256609196275,4.383774122072906,2.033768995986935,4.7427641732534624,0.1149179495341525,-0.2581788155551333,Feynman44,None,-0.9919914503341976
2.8014782412202495,1.2584730230730736,2.6800171839551625,3.46874490545651,1.352829768322331,1.6489561015003154,1.979306711882313,Feynman44,None,2.584709523238624
1.4995892623146094,2.744196019465513,2.5164436405732316,3.0327248952567083,3.49770761976093,0.1494724645193566,0.37919939661361035,Feynman44,None,-0.5654499001508446
4.323223683054254,1.7913147806916232,4.275748518417717,3.463272013938129,2.1051981698915974,2.0718123238847794,2.24751690360314,Feynman44,None,3.3089810117790837
3.4977573975480754,1.246437558058953,4.126012405822973,4.110540836964289,2.1877524045261665,1.0516579404562434,0.7866175489948204,Feynman44,None,2.160722888296509
3.6996950364056644,2.5131705700646214,1.2291498989259861,4.207373635670182,4.0536087623568395,0.8622506373670609,0.8789066168216794,Feynman44,None,0.9392898730289673
4.605090863595702,3.340133562483665,2.403986384812516,2.0990819577674715,4.38944642647078,0.6877625308265175,-0.11611164828362164,Feynman44,None,0.5439926414452371
4.262747533822751,1.8623548051483123,1.2821614087523998,3.0203673966377926,3.564106111704366,0.7538543844784825,1.3485360953531098,Feynman44,None,0.8040698494243169
1.2485970447833288,3.021551396210882,4.644977022276087,2.425581038337189,3.3975224464602896,0.09410883652478363,1.0184980055351072,Feynman44,None,-0.7985165215720554
2.0075180603337257,3.548905000987261,4.3233037312548195,3.565480231793112,1.8887609292508638,1.3707464426831684,2.952931476082906,Feynman44,None,2.2403633441788515
4.143133940936558,1.254303153297717,4.99416614849476,4.840618700382578,4.304250185969606,0.4293173725911375,-0.33232168340131035,Feynman44,None,0.5660402548215203
3.858272749559718,2.410166642083756,4.2036233334118105,4.34748433709367,3.8882692029180226,0.9218638747732278,0.8441491795012388,Feynman44,None,1.0559366636941534
2.875981617620811,4.025010251085259,4.691275709035235,3.1958116053509786,1.4306161154534691,4.839724358201519,4.18558412195077,Feynman44,None,4.583201275482773
3.3650315011373917,4.680800479228033,3.207704787810097,3.4328304878027516,4.0355221015755145,1.072577869923013,2.4436554460232314,Feynman44,None,1.424931766784993
4.89729397934428,3.552846811162109,3.1573504690426764,1.4037515876070454,3.3675766905032556,0.8266062586943391,1.3932578468501682,Feynman44,None,1.503506206734045
2.3638837535761934,4.998170352554803,2.301206504501308,1.8688389567418349,2.638637172927397,0.7249263564576512,1.4412322037979923,Feynman44,None,1.6191734910077142
4.065078181958761,3.742876963394465,4.976935152795415,3.4354320479132503,4.952877183933383,0.7723218075214526,-0.5224813998925266,Feynman44,None,0.8473604529973787
2.006332000437477,1.148287722714659,2.8673646006972904,4.581119827253453,4.039669964324357,0.1203630251879476,0.665434263159,Feynman44,None,-0.6989091029851999
3.6496756055587136,1.1662451565043601,4.869399309507069,1.2259039762460078,1.2590183351448885,0.38650016161902945,0.10653311951722089,Feynman44,None,2.5065851174619374
2.364347410790923,3.9329085507814807,1.7556768125827062,4.891879981308165,2.2041634513792685,2.204687044829656,0.7802956665784677,Feynman44,None,3.3963198522350933
4.799582692757072,1.2728265399268217,3.30615078318026,2.649777177481685,4.230269627799595,0.29556283053261745,1.6930227485613716,Feynman44,None,-0.02199541341500875
3.30065823384458,4.9837062602174615,4.385830239481482,3.343996630450614,4.870883122799005,0.7230004676708419,0.8646952211037465,Feynman44,None,0.9461468126607925
1.2172681954589342,2.76935177001311,4.142572112216003,1.1355313525912898,3.1043100548910827,0.04300545598110129,1.0291737572156483,Feynman44,None,-0.9948205647675631
3.1666290054267514,2.4508736804844893,3.9545582525469825,2.113807554966763,3.5415021316626336,0.3441068477246946,-0.2646270634529544,Feynman44,None,-0.21293246700262458
4.359844025854747,1.5251965916837418,1.7184181069902853,2.2331127355600686,4.111579291584492,0.3240588841872496,1.7705274829819826,Feynman44,None,-0.1660008687255767
2.182528198883965,1.6649409644897322,2.8177157389844063,2.911919248367479,4.463246778118839,0.10600365039988148,-0.605530850259468,Feynman44,None,-0.9707165692966688
2.082103320490457,1.6307649344623716,2.3729186405975766,4.170908481110816,3.2063574181893313,0.27413056434559324,1.2214147646624525,Feynman44,None,-0.09154527601235615
2.7678506701233143,2.9125967136364963,2.77508047026208,1.585116433229695,1.7696735389759795,0.9994820560373664,1.185997876307019,Feynman44,None,1.7684393009496102
1.2923176238207832,3.330411286206001,3.541903410645881,3.8630099721922107,4.4083824676829675,0.10888050781751729,0.7320424866656137,Feynman44,None,-0.6928850699604427
2.445162849940405,3.007516429857511,4.206279647663518,4.884915759989234,1.4326909726606751,4.098800925164962,4.6184312647011,Feynman44,None,4.24934833771533
1.011177863689137,2.8537186213903607,2.483205869101699,2.2377123717306806,1.7860458206331664,0.2009672749406078,1.0835487382370455,Feynman44,None,0.5148260922526791
2.4647481634572754,3.613307198198644,3.2772171121598186,2.3557627208500045,3.8215871458883757,0.33234255850824146,0.7014797147325074,Feynman44,None,-0.1703013900241472
1.6502595897265246,3.73400756553262,1.9563096296765856,3.087698700502397,4.289389012895051,0.1690872202866318,1.6760227216829573,Feynman44,None,-0.4591569053967891
2.9895508922066134,1.9802870659689376,1.8783714065775703,3.2187494456633035,1.3611559115022174,2.9020767035662702,2.7065518719294115,Feynman44,None,3.189929729748334
3.506148496862703,2.239598292920128,1.4357101748650263,2.322439612543209,2.8705240385800455,0.7272384477358351,2.5265831168516,Feynman44,None,0.8108619730755068
3.727966169556326,1.2947133862708098,2.598754037674045,1.6341670841514295,4.793216260705998,0.08811354786875913,0.666973178824536,Feynman44,None,-1.0249162020324094
4.5476785600372,4.153560350122008,1.7875287165156588,1.451869144694478,4.030947020660429,0.6972580126369695,-0.7116928692718781,Feynman44,None,0.9006478038320861
1.5419120714590169,3.9278067935143457,2.528378194863352,4.662309070644007,1.3819505269644856,2.2709494867504305,2.176638457157656,Feynman44,None,3.9301443425787093
1.0217661418485586,3.0979572785428067,4.098410075346239,2.8070587379038505,2.985314667955205,0.09931191074052624,1.059051755124967,Feynman44,None,-0.47647210678633106
1.2372900942771867,3.1633883928210262,2.028813055535631,4.231492298079626,1.8214984991699081,0.6165022195861982,-0.24405485059913445,Feynman44,None,1.7737527289326815
3.9168285825144773,3.4789030918252926,2.302529569529803,2.9767202050343653,3.5926167205473445,1.1627400509452122,1.3747271656682167,Feynman44,None,1.3333144109394712
3.865265273633286,4.851272131645498,3.277991189410144,4.598885321144803,3.2889977090679117,2.9830816744371735,3.9634375524602388,Feynman44,None,3.8246600383568436
2.9563641325560672,1.5961392139467003,2.301027245491824,2.904839532664119,3.8554658005675666,0.2452239216980768,-0.7574872706568857,Feynman44,None,-0.44904002037520413
3.370119945785989,4.329062167075578,3.338576506194462,4.925959050515264,2.06874867790227,5.49664788847527,5.792289924212514,Feynman44,None,5.500782823968332
1.9437808062174664,1.449110546366037,3.843656700083655,1.3238662947952835,2.100499262409762,0.12016366013860633,0.05906999955817664,Feynman44,None,-0.2484729877351832
3.421887793376138,4.413931666258751,3.9263928334714113,1.3778994955902282,2.299747398790917,1.138500601632434,2.712141410759439,Feynman44,None,2.464685495392925
3.473313233974167,4.896694999686496,1.0996358079905089,1.0593940856157706,1.1736811720189673,4.338651712342673,4.366558702256939,Feynman44,None,5.964543392613432
1.2962278944225645,2.6194452824374337,3.3928036060339988,4.395405041998928,3.017624007442737,0.2087724090120086,0.3539401701259437,Feynman44,None,0.008802706268578991
1.8531396091003578,4.679063770698633,4.695450084157294,1.1761578437927986,1.1409313875367904,1.29370035150844,1.6063461934364405,Feynman44,None,3.3276263253004497
3.3031646033386712,2.9365653517531185,4.771278076513019,1.6684527037487773,4.14847563635994,0.2410100363289202,0.48241385287418015,Feynman44,None,-0.5339951145066965
3.0785071614979747,4.215547485096405,4.467017225539527,3.507106595918812,4.163186802732511,0.7599570916959623,0.573320385331205,Feynman44,None,0.8140342411968754
4.056879289038546,2.6354293693493163,4.292993223830213,2.4986740543215626,1.3870772571526322,4.5902726179330715,4.2131952299298385,Feynman44,None,4.686862494226206
4.798756743642761,4.90227323004946,2.6977096382646244,4.207873350547953,2.391873155450291,7.999671684674395,7.597912950461957,Feynman44,None,7.083784857061806
1.9679485519157685,4.369531858860528,2.462811047833664,4.086706229257681,4.943925435875269,0.2805293465717758,0.557813273995752,Feynman44,None,0.076359940329284
4.5054325649830265,4.1244153099629735,4.0256994701215545,2.4898672291637918,1.1180865257540558,14.631612612272459,15.63687338796445,Feynman44,None,8.131524032732166
1.2731048074827118,2.630023917837295,1.1912926050834152,4.633025381363288,2.228737967916259,0.3988652467317261,2.2803663280483866,Feynman44,None,1.1073534554371658
1.8858769762821144,1.4394627238017685,4.788137116638142,2.279498425463656,3.544146791004456,0.07501878572936292,-1.105784257779629,Feynman44,None,-1.1005233058492432
4.48418834808334,2.4899774173940203,1.3843304708714168,3.565021667172003,1.5409008985189594,7.200853802681413,8.419243535201177,Feynman44,None,5.871111934723619
1.7982101933647616,4.159936685908626,4.111062641136124,3.6863973854191974,4.280224290058992,0.2638580026343605,1.1235435842892898,Feynman44,None,-0.10967416877883693
3.51580447723139,2.200232644969952,2.468011560457032,3.1371229168078094,3.9651773173805305,0.49665502456967625,0.0964552149409797,Feynman44,None,0.12191278082819085
1.1676315902013816,2.19529348726514,2.1321476317395276,3.043384469677437,3.3472552846147146,0.07995433766823339,-0.1320043393828551,Feynman44,None,-0.7859461567658093
4.129280749402248,3.5023132115554216,4.950589593275038,2.237790591117222,4.750852318018795,0.48397583424187424,0.38257464478670644,Feynman44,None,0.1469522217564711
3.559366926385741,2.431728407585918,3.0184501339942913,3.0423807097954327,3.4362537987769426,0.7149067613808585,-0.16938857948203245,Feynman44,None,0.598199011403474
4.357957380921231,2.6786266860469365,3.209804183025513,1.0559584899625225,2.236868732389902,0.7152823614247178,0.6924195065884144,Feynman44,None,2.175223246747751
4.072081650471301,4.580806276270619,2.084303670993824,1.118388200679047,1.6173256351407632,2.8758082051441396,2.8844948724400936,Feynman44,None,5.173016198333072
2.0074988004997953,4.465156943288818,4.297855696585726,2.3320190226142965,3.1981907343031035,0.3888841683224201,-1.2024878551021403,Feynman44,None,0.38539169833085934
3.445796269455981,3.944712639079506,1.2740518491272397,2.0664931121639496,4.27614003986014,0.5136645929691817,0.09245350633920585,Feynman44,None,0.28309700907643265
2.63023418436749,4.816797670308983,3.540222902713048,2.772696122690223,3.2322068001073925,0.8472918739523688,0.270058692143486,Feynman44,None,1.3151432345835505
2.289064128805584,4.553467143693682,4.862069127271989,3.8152808178265247,3.197110692804891,0.857118904113614,0.6968754998806664,Feynman44,None,1.4059642483222845
3.6999019403656224,3.913953616527934,3.906243860693722,4.696186520197514,4.025361078965712,1.4769781198273997,1.861569019212045,Feynman44,None,1.9656887245320627
3.021139387128996,4.615858860884506,4.5270944843168115,4.101489236767154,1.3424957278173943,9.166501352392855,8.29237586923516,Feynman44,None,6.567980476222867
4.17197050282795,3.828362902330883,4.937317455854858,4.85171236586401,3.355246451906991,2.6604309157560793,2.5769716700063117,Feynman44,None,3.340957258009117
3.9818393637950327,4.8337205676998085,1.582151591427213,2.752976284522688,3.0713302639512046,2.181898293513111,1.819596115384488,Feynman44,None,3.049116951292134
1.7891282252347414,1.2959333634890977,3.9697294568317307,3.4834574226653414,3.8669564373999212,0.08616497855812275,1.0625600129980541,Feynman44,None,-0.9923324523382245
3.3124868251263733,2.826492853781091,4.7929493419214815,2.2997651088760365,1.5848125535004098,2.3541924379835835,2.856323965579494,Feynman44,None,3.0461223104987987
1.1312469417657978,3.212176671267327,3.132151527730655,1.0576837163074302,3.8274855394815086,0.02764406557152313,-0.09549794245706031,Feynman44,None,-1.2119720303770802
2.9120806869679017,2.873561786140914,1.4309252109547081,2.015030296237634,2.7025839303583594,0.6428985977050523,0.9697754495388137,Feynman44,None,0.7262376813256427
2.0783202302798593,3.513757584608877,1.8274688230009142,1.1974360393339665,1.0271995549931714,1.622815809790017,-0.3110655520651009,Feynman44,None,2.8768075171856093
2.0832035018636956,2.4203778770636872,2.4948016474340693,3.867335754721814,4.741953204633832,0.1750709581612335,-1.0585824125007566,Feynman44,None,-0.5745301523987425
3.469089022939178,3.9605133423154792,3.4911661750151697,2.536330473529345,3.1947186092291138,1.0886520697063677,0.3863271449167769,Feynman44,None,1.4023487121334397
3.35091041743485,3.954616985845589,4.293744160619063,3.8224822704378876,4.808058600303363,0.6890117096311149,0.8078495432038353,Feynman44,None,0.7414715418381634
1.4529108952596923,3.218147499664937,1.882203848590192,3.2023792377061255,3.475332917310227,0.17867391094052779,0.569694411824327,Feynman44,None,-0.3128190824018237
2.0082462550014752,4.6683695193529875,4.856199491979717,4.195020186886332,3.8262338501908966,0.5252505012786661,0.3370774343658798,Feynman44,None,0.7845635108613874
4.030148580943247,1.88943854679964,2.04753607813839,3.7556584296726334,4.656679655695178,0.49022984166130884,1.030273042904601,Feynman44,None,0.24282593576727377
1.6968969433413505,3.5411768292276626,3.987812784249013,2.8250955050563897,2.0698248770985175,0.6452652799056329,0.9993050366910377,Feynman44,None,1.2311827974979426
4.995122105299407,3.033252069287005,4.112659344891111,4.621915806487573,2.461627817511816,5.193405468198489,5.065954117216885,Feynman44,None,5.468333489230029
3.1363103107758814,4.595031158916273,3.7734456574559343,3.9249316055190584,2.779980919362302,2.2064777286376116,1.316852626592499,Feynman44,None,3.0633437338300022
3.778908752139076,1.7248769134113213,3.8538277914965517,2.4237468510118148,1.9607314039147856,1.1773484405563346,1.221977693827427,Feynman44,None,2.1845322355669974
1.9330093356662679,3.3363353176505948,3.04965709382383,4.313320703094962,4.7920924167442385,0.22959641209186737,0.30904698209116976,Feynman44,None,-0.25029648692524253
4.503542284953009,2.323513561837903,3.18695529673341,4.099687729773423,3.590474028432116,1.343657338592975,-0.7375713565512101,Feynman44,None,1.763066383874032
1.5835140475283471,4.6652249589612165,4.685667382914676,4.241498073238363,2.037454745728343,1.1752667154993628,3.2282416636659352,Feynman44,None,2.9007786240645306
3.3687180760172564,2.3775390427837064,3.7421807240453444,1.978181334271485,1.7007019401419452,1.4991492694729307,0.26190623639915445,Feynman44,None,2.377158464291965
1.9991868197166363,1.1685221178424472,4.909539116915878,1.0077295549556071,4.5794633611279725,0.010896955374201546,-0.3506980127404247,Feynman44,None,-1.6047962333943615
2.125809346276662,1.2810701276393428,2.741263221891962,4.734732047169613,1.022402672555149,2.4589343841997335,1.7748025421795397,Feynman44,None,3.2669348246956305
2.4390381458870274,1.6857148421364947,4.9448602700020965,1.1838930943666504,3.5434428499951767,0.057004914024353856,-1.1343130092610854,Feynman44,None,-1.1428955857479033
2.395716036629423,2.222182694979636,3.6098975665367226,2.1173061444103456,2.750622840320564,0.3113151390650693,-0.1608167875469555,Feynman44,None,-0.08562702602133379
2.3825677869659927,3.078591311217451,4.680414832728115,1.3330191364668509,4.990571985515125,0.07575102087914343,-1.887922370406691,Feynman44,None,-1.1281492751639033
3.7495813155994417,2.909722538279854,1.1764762299068843,3.7093449372952,3.585280571962852,1.1576216590661383,1.428119561402398,Feynman44,None,1.3437144291880865
2.03928754500604,1.9455769843886035,4.895838402771231,2.761399765794492,3.181826763484306,0.1921654454316607,0.4980959778758933,Feynman44,None,-0.5701814654670888
4.7543410421514904,2.5931192253490276,1.8639661387218336,4.286166285745511,3.0511529376696926,2.5644687737014036,2.639242657922185,Feynman44,None,3.2483821425359594
4.721689130677601,1.5913972733360744,3.874884230043614,1.675093610557803,4.685896974413348,0.1511983650470516,-0.85339239702129,Feynman44,None,-0.6847838671116716
1.4531512310219625,2.2385433536706985,1.2146735093767558,1.7258014293155215,3.8326673511257656,0.05424878943222029,1.4921431314320992,Feynman44,None,-1.0815549869836794
3.3714856595271976,4.409313029115356,4.338504693127399,1.9756808237201655,1.0155164858747914,8.486638808341219,9.02805133834145,Feynman44,None,6.166675455937688
4.3476916995233665,4.479533091534548,4.7137353398388075,4.428830220347379,3.9937370125230607,2.1917493573756652,1.106847642513011,Feynman44,None,2.8775962761733016
2.9957449613209977,3.833100426776849,4.5437904720041145,1.531277683443327,4.239605131012379,0.2455006935697037,0.6000810101517242,Feynman44,None,-0.4254692802318509
2.2362902618469227,3.5360169940054718,3.191508903114427,2.390985079575674,4.712892194588555,0.18020690500634515,0.5252812189819659,Feynman44,None,-0.618529464971048
3.7748881451050953,1.5535149733124065,2.8946278034193114,4.177985430787263,1.0347581819543166,7.631900495043462,8.064157113831065,Feynman44,None,5.693396953758472
3.485912376440186,1.2328491385606823,3.662336794031664,4.356594420180325,4.928761375086826,0.22396542368541678,-0.669713048897024,Feynman44,None,-0.26056959937673246
1.7392521951352067,2.94259811565462,3.568113371310739,3.760044140694876,1.4581123279315298,1.5248907952767463,0.4784608899741918,Feynman44,None,2.4187004669586374
4.763020124828618,1.7784291159213175,1.4227296372429836,1.1406616124787647,4.244089837789147,0.19612754457176437,1.065509437793284,Feynman44,None,-0.4877660930909163
1.9885180539875065,3.5843538784198383,3.8436178222181656,3.5971322931580905,3.1132641775652377,0.5082140685718052,0.12504730398181257,Feynman44,None,0.5569459870433423
1.6481114128116694,2.0271779389812923,2.9936487835068415,1.480607394945602,4.5093113750335,0.035541533002514156,-0.29507463858517974,Feynman44,None,-1.3507060374564197
1.9871255732063204,2.990549613764954,1.1271504380844393,4.799652562071548,1.455299201758622,2.6779537242231557,2.526115523708834,Feynman44,None,3.628546370848682
4.5356246625645085,1.2499368639124508,1.2856078924003942,3.9497165680494657,2.3983301936669763,1.6261175348237082,0.6890278801868743,Feynman44,None,3.1088858361832057
2.7080894242719937,2.6458302788038095,1.3569180963663334,3.6609326883255116,3.7459807534006972,0.4975902777664995,0.19319299799997014,Feynman44,None,0.2443587322291633
4.47681623279843,2.02854736139248,4.8310273208233845,1.6130001023287437,2.0348133923289757,0.906002187159009,0.6523439155781866,Feynman44,None,2.5699428906739255
3.43607079960886,4.405291325448227,4.887893984274716,2.907827494445457,4.05104760963456,0.8397174787743497,1.8907995104173234,Feynman44,None,0.9345899403121465
2.7476053364546105,2.760180124517614,3.3575392862560856,2.7001890568997027,2.304788315469693,0.9709539725173288,1.7994152533039354,Feynman44,None,1.2845427788667272
2.0743896982420535,4.416191763859189,1.5312349155194576,3.32310638041163,2.7717340002292943,0.8185935599744012,0.8990762958131441,Feynman44,None,1.5484198382170131
1.1290052675817046,2.809521476229082,4.347093781235875,4.237308206790054,2.8043268173408955,0.18916103273229024,1.240657465757962,Feynman44,None,0.09600073857403578
1.2944333012326532,4.977692284669917,3.6186396972440535,3.8563740348341424,4.781854706989165,0.13976987030823365,-0.7661582190451846,Feynman44,None,-0.31469270898822094
2.201901397356131,2.8352863679164004,1.5964622659994392,2.892854664996205,3.3729666139367467,0.3422153396984833,1.3426756300985634,Feynman44,None,-0.06165348993355187
4.346350458333626,3.602454145155129,4.940653154921854,4.17655416438578,3.3624926069789733,2.268743380038505,2.869663144229797,Feynman44,None,2.8398382387325216
4.313910882751275,1.260235258133707,3.4304518133120103,4.469274767944938,4.267883992377403,0.46961466562034215,2.412312995610532,Feynman44,None,0.5604003305613615
1.1619734391227912,3.239691893241814,4.227898325734176,4.440814582350036,3.77165449046118,0.13462957816539498,2.0598367401771047,Feynman44,None,-0.37182767804975697
3.9167107720897993,4.063086176614589,3.352467758432028,3.672438835321529,1.6327767731272766,8.104626383905199,7.472852911164334,Feynman44,None,6.231591764084206
3.0890370743242257,2.540400616803719,4.693109063630251,4.882380777540641,3.4202006755539522,0.9327311023599864,-0.2998739762043906,Feynman44,None,1.1999886983459371
4.310351388083561,2.71886655694247,4.165062661081258,2.680010002106071,2.9091418798906226,1.3237050859729738,3.5046523989984477,Feynman44,None,1.8492628557243342
4.862170887470922,3.6737220735395177,4.570713422321445,3.5832769144563956,3.338824044893859,2.465527931865359,2.7991164918945755,Feynman44,None,3.091188409248938
3.8179085606006793,2.885308884470146,2.043852249648178,3.2111548202142837,4.467340232042365,0.6407296493459936,0.8709143963348954,Feynman44,None,0.4274230610684469
4.928847934421551,2.924325660815844,2.485467064332365,4.3276461192914155,4.939936249518934,1.1807073918027784,0.630758053460514,Feynman44,None,1.5362229462543968
2.3962065671808754,3.885555718608515,3.4217953851071896,4.15479075589867,2.3630176707747994,1.614901080083494,1.8450286040471533,Feynman44,None,2.4956733018348953
1.3262985502288158,4.608040431947342,3.39440324161705,2.1588087825266293,2.7735703835646013,0.22228011591248698,1.1196436125654143,Feynman44,None,0.4339392732617501
2.7308456518841755,4.752549261503886,2.1756420180839213,1.002082865557048,4.879106468254083,0.136652018434769,0.4083439162794945,Feynman44,None,-0.5650612605033926
4.880324152828861,4.5215528481625835,2.249795573490897,1.6921794153819993,4.5708098927712175,0.7866969266993493,2.2152169328418854,Feynman44,None,1.0190305450575292
2.011667212522829,4.065761790639698,4.0266490691051615,3.4144425979648183,4.47680191323582,0.27102964892298753,-0.4107496984363135,Feynman44,None,-0.1833642022510847
2.1402614262998183,4.481630051160279,3.6357785373238594,1.181341355219251,4.7280274422134845,0.09756630513341623,0.8372929245725629,Feynman44,None,-0.8714442990337752
2.544031417221772,3.066569317860802,3.704581296792674,2.467697128519733,3.0908917633566375,0.46964490432928335,1.8445410235377997,Feynman44,None,0.2095183978883285
3.7291641137978133,1.3252423278105292,1.3553282849319386,4.5064988124794985,1.7190356317359137,2.6601849339724293,3.1658566296914343,Feynman44,None,3.935868795537894
4.569489780553496,4.731764618944509,2.1869455061244016,1.2188709887647398,2.0227647979618215,2.589811156951246,3.154345102313407,Feynman44,None,5.009901600419127
1.207371561218424,3.847249793860952,1.4456572592521382,4.645697282850399,1.6209088542369496,0.9969808736028698,1.731638990034499,Feynman44,None,2.980615601999111
4.0229709396907385,3.9330060067405506,1.3371191326154737,3.3068906591350027,2.235130513532613,4.130099682845686,2.759275742713526,Feynman44,None,4.427507766181826
4.402067522838928,1.4960605171849122,1.8188310512481412,3.755575806851292,1.3684848576100053,5.247831739562176,4.094310256400543,Feynman44,None,5.506686593255206
2.6402742809368176,1.703357713413428,3.5984447022541155,4.5522546210993955,4.3855807215440805,0.2578951910176413,1.1724931696580383,Feynman44,None,-0.30555197100235887
3.128629497152841,2.0665140811708658,4.628379746266923,3.597949319041642,1.9639960808862145,1.6307069123130307,1.3570831146664304,Feynman44,None,2.294845490531059
1.1915941868973663,4.240524185427741,2.1788130281291855,1.009308355935718,4.469960429025978,0.02935351804790045,-0.476035803553264,Feynman44,None,-1.1930627673958831
3.5645766992102548,2.145449027917184,3.202509795335875,1.0956254772203948,1.546156160150085,0.8390612109673482,2.0150296941637054,Feynman44,None,2.3532375731702864
3.109655990511902,2.1718242992306744,4.000090355224911,1.201038665120219,1.4041685703213242,0.8659393483451794,1.0601145858235095,Feynman44,None,2.120800745904126
2.63163826140933,4.063793572561453,1.9180668832615035,4.287267150756119,1.1041873356121155,9.797789488923874,8.465923162641174,Feynman44,None,6.202246088205265
3.788762789177302,2.8265746905176545,3.8921041647423,3.560027640915254,3.6181762006432234,0.9926585859592001,-0.2594542041218362,Feynman44,None,1.0602573243690026
1.9983763055870916,2.3436977766174354,3.314756095256016,1.7284063703049557,1.1694559983222321,1.0492900022501745,0.5613047494389982,Feynman44,None,1.731475974374252
1.9969846674133191,2.36264888325781,4.148951999945057,3.7467925130710684,1.626081117691653,1.2545155895199702,1.3869373261097269,Feynman44,None,1.921062179081295
3.937326840981575,3.573038193762241,1.860751211488504,2.101231187844152,1.3214772048254129,6.242145342769409,6.836131923261581,Feynman44,None,5.4394683764898195
3.3173592868861173,4.115111063960995,2.068283130200303,2.4859460285903756,3.766842665920355,0.7617595676537202,0.5623466950887666,Feynman44,None,0.807561080093314
2.4581635951448315,1.1782820044657933,4.383669926616191,1.1995850240157817,4.9819131646853485,0.017890034816226245,-0.4614945978747995,Feynman44,None,-1.506878959475314
3.2195917585113647,1.2495383125323083,1.8677590167613451,3.435381656711589,4.917868549769164,0.16640232956403442,-1.1651261774390698,Feynman44,None,-0.5736672291714521
1.1315431550186634,1.1503995381851264,4.705382574351534,4.212190236582234,2.1781793527924886,0.12125087176604757,-0.40808637043844753,Feynman44,None,-0.01935021360696232
1.8107680205351357,2.041998515455702,2.443366416094786,1.6306781427803525,3.3367480130724556,0.0892223754623067,0.7546661061458095,Feynman44,None,-0.918363305278995
2.143214813684,4.948124325093582,2.5671610326680985,1.3006640044690574,4.051251152208455,0.17036440606291428,0.590851115491662,Feynman44,None,-0.3400666240320563
4.864718371285951,3.0706006596049518,2.178095065719075,3.374440295125601,4.202023701201529,1.2956960041413808,0.8308710703131681,Feynman44,None,1.5006925496689716
3.3269399577766965,3.8202651335868048,3.297678992223715,1.2199785052094279,1.088823087209021,3.634374012860493,3.890096431599703,Feynman44,None,4.6862684731762645
2.3541445980927764,1.5284964608119553,3.4793143231972046,2.026521147814203,1.7392556227252394,0.462453070640424,0.5391320914739264,Feynman44,None,0.77885604481667
4.58548144798539,1.4206378603174845,2.0907275062552886,1.8262112218367483,4.519734868175625,0.19875964706859972,-0.23569888904347386,Feynman44,None,-0.553059941307749
1.731214533198751,2.09297909108557,1.350846541188365,2.5955625131626956,4.967621570817611,0.0645860604784966,0.814564714655478,Feynman44,None,-1.0483492842544613
2.7931974785391476,4.41518118608786,4.892316411470846,4.886861044369527,1.8084954140032998,4.956499716106658,5.279576429654729,Feynman44,None,5.300132600905966
3.9784815448800463,3.477606464878765,4.979665338404675,4.748959818613541,3.863866913128382,1.6100957381738197,0.7620557761237396,Feynman44,None,2.1066005473528766
4.442807466889297,3.847301793721163,4.492872462362871,4.492138474482886,4.8816533656645404,1.3211846404370156,1.4248906007487363,Feynman44,None,1.8384098919321212
4.335369288940996,2.5766103496386856,1.9538303940370563,4.256824458936229,4.326598055263949,1.048649176752425,0.38985349256036284,Feynman44,None,1.237720130176763
4.879024260864714,1.5632815657298198,2.8350013692554183,2.3222249180025205,2.4259780731369154,1.0819821726235561,1.0891358260061108,Feynman44,None,2.4905823281769295
3.658067508283076,3.729799957536954,1.512215040763715,1.377959894169106,1.9918971504663237,1.6101386578443613,2.094928766463546,Feynman44,None,2.9450464358830164
4.467516761771785,1.702413667687963,4.081614731355362,2.504569526604163,3.3319314889615077,0.5421101672026819,0.836403774828449,Feynman44,None,0.7107575668160093
1.6390580102252197,3.7526879811589997,3.567626576688255,2.3671072039837813,3.257019764160883,0.21620192457316265,0.9711301236256675,Feynman44,None,-0.20689821725364804
3.710482583359037,1.6508575059567785,2.4481411801070454,2.8192814871439174,1.471477826517876,2.556849994634571,2.491584554044588,Feynman44,None,3.4408501354958614
1.566764149862363,4.076111938495858,2.4739024163140306,4.100178107795493,2.526673894092107,0.6391725822861726,1.2319267808417211,Feynman44,None,1.5466007830161916
4.233795198962509,1.4655164822180824,4.912917160814965,2.0679289021723557,3.342710627476283,0.27158489133263264,0.9343900999402998,Feynman44,None,0.1531995018892602
1.3990821535959812,4.8249156370171935,4.828801392626048,2.3535065144265754,3.3753449746189883,0.1884655131053264,-1.4785301533147848,Feynman44,None,-0.017028406784041147
2.038382523114579,2.6103516204955293,1.812824311762721,3.84387629052288,1.37757295252975,2.1613297735452988,2.4787780800939303,Feynman44,None,2.8096430972876467
3.7161138892863668,4.710946524946559,3.163231187135113,3.197302533569295,2.1558547736997906,4.258735970051348,2.601351719072502,Feynman44,None,4.7853386156754825
4.314143422266523,4.657300136570709,1.2127481165898901,1.0928726467914727,2.9717367445696476,1.0003757752137292,1.0614013833789542,Feynman44,None,2.331584660729016
2.163982585095477,2.1426414482042295,2.71419745828225,1.1285746476533935,3.9454864147747903,0.06037283265216622,-0.2641358954411677,Feynman44,None,-1.161822904208873
3.6447610253875973,1.534248074872135,2.5466824203826484,1.6515670797137374,1.8686471434524194,0.71952254296118,2.082080061801129,Feynman44,None,1.7481801235684724
1.9602018789997775,3.042857507707337,4.893093485301236,3.231642169602607,2.9059206162929714,0.41907680723141344,-0.3001155406752934,Feynman44,None,0.25425566276561606
3.3882001969316846,1.9871947049847276,1.1134629886146374,1.3024558433484992,1.5730536192160263,1.0809515836505508,-0.09392335928804596,Feynman44,None,2.2014076549546817
4.963204729699621,2.0843807980614524,3.4696244385721617,4.589923213044086,4.367134185957295,1.0812432244255905,2.3582858123446906,Feynman44,None,1.4935625178291339
3.9198771546396376,2.3163161443932077,1.7952360810223955,4.728020829615417,4.2911007244712716,0.8794044480487756,-0.012510497790629183,Feynman44,None,1.0589998686537587
2.399199395554462,4.901134372350534,4.715602826368476,2.5109347617148914,3.9934813845224792,0.4179287227024161,1.837830598933142,Feynman44,None,0.2664137661506612
3.005572241470787,2.9734837102955476,3.977867366224234,4.423934819345459,2.505832321686209,1.7821144725422209,2.160384940710346,Feynman44,None,2.3832488999319206
3.942725768065573,4.35644902027855,4.171282658403573,2.407791324704424,4.1276362328029155,0.8537477727660796,0.6013494676358248,Feynman44,None,0.9636815017186016
2.0956550580456166,4.279257847164976,4.531313814086682,1.2726831198736264,1.9262985263677086,0.5666679843873351,2.270685780531974,Feynman44,None,1.601399311074844
4.936396689548415,3.038100426059566,4.393305085379644,2.766154366038521,3.7435196032416846,1.197303627937818,1.1496593071380936,Feynman44,None,1.519710940775971
1.6907901585470286,1.0960629262292736,3.158429439794995,3.1349558509334194,4.998770528680176,0.03510766773123815,0.5947216548103176,Feynman44,None,-1.315540088609167
1.5485538048305298,2.7180127674373935,3.2415480788179987,2.754834171574035,1.2346083976318,1.1310099463164243,0.9186287008847288,Feynman44,None,1.9101709181997462
4.08615769507985,3.0138531020277086,1.019875304537512,2.675170052590338,1.8449720702598653,3.8444885376781235,3.3784777497268097,Feynman44,None,4.153795104903831
1.2765372835953244,4.792534785932032,4.794213857785214,4.019554670147033,2.888565505072431,0.37163814497194786,-1.231822772765533,Feynman44,None,1.1646292812285044
1.1509567336604478,1.5694907972726706,4.016997569459043,4.268455539145139,1.0816367627356236,0.7271360544889216,0.7661815804683126,Feynman44,None,1.8071934807071286
2.3227187757588137,4.1031402112937165,1.0383888196486173,1.8450371298604278,3.073874106957163,0.42695857644376634,0.7649587762959509,Feynman44,None,0.4988489731896131
2.0368885971899324,1.1433875468921335,3.6434404511033844,3.360282826872525,2.9680601635118733,0.15660111579875866,-1.573581312517544,Feynman44,None,-0.4494011095507679
2.603966983350627,2.127810759023219,4.484178494491614,4.695723676432047,1.751690519301695,2.035530858235923,2.0872204987879757,Feynman44,None,2.8476222786770484
1.3541463096677346,1.7234726466278225,1.4590407842753481,1.127481667300934,3.7473987383199114,0.023684946614072284,0.23126698654339878,Feynman44,None,-1.2667328893003094
1.014668935064929,4.678495921722069,2.992518750053801,2.600737309947695,2.69393774718015,0.17144451290406443,-0.9069139520545588,Feynman44,None,0.5588483959628746
4.110437303895123,4.330911490263107,4.407311387559162,2.0682880140295956,2.6523801578157316,1.847680775794222,1.9551665909504952,Feynman44,None,2.918208094336218
4.692768315941679,2.86354880394958,1.7527867482451644,1.5694217253021714,4.191390203211988,0.491697612724844,2.0943009832744197,Feynman44,None,0.21211763899739572
3.199435927025255,4.729187976822956,2.508217225139793,1.0055755434598481,4.8667869247303575,0.18152649864548062,-0.4829383544142356,Feynman44,None,-0.3681388423674266
3.227973145051266,3.861042196236177,3.7413797435114575,2.6603309500437375,1.8990028740636626,2.7345192262276026,2.1990688330922192,Feynman44,None,3.4109943889418926
2.567873421645696,4.151069854389403,4.020647495778887,2.430958518709385,3.2501230833452452,0.5876871718878558,-0.04517845763068862,Feynman44,None,0.6239058424587334
1.439916888554004,2.054926648889937,2.5972712571453083,2.9358426850242085,3.3445390619508673,0.10780317718792762,-0.8069943848024332,Feynman44,None,-0.763329909098465
3.432206279042912,3.8762864443462357,1.6060876296494193,4.3357915990625475,3.6345338565980403,1.4792760956971625,-0.19783918261973032,Feynman44,None,1.9718364971419235
2.562789393044837,1.0088463029446721,1.0511004131980823,3.057918176752299,3.569392248845024,0.1501971375582059,-0.563565524101733,Feynman44,None,-0.5490405355228254
1.2440996781179177,2.1220705930567023,4.9677743443684275,1.5024245628409263,3.1288025886021362,0.04360047739622836,-1.2221170647372284,Feynman44,None,-1.12914954553962
3.101705349628634,3.6139571290207444,3.1652551115850183,2.953926878453346,2.7378840261776647,1.2890890648218316,1.5554363194065068,Feynman44,None,1.7041243320270547
2.021364345840073,3.6458037289247716,1.1041275637118884,4.956777552556277,3.8351568812606627,0.5036637603928603,0.2027158115365375,Feynman44,None,0.7553651132051854
4.634239441830523,4.785025913533891,2.1526033286805224,3.2382381585094873,3.435088442546945,2.7135309382828052,3.8849816854134547,Feynman44,None,3.467307791667302
1.1608323548550006,4.019178827718973,2.8067879874557407,1.532894700818264,1.4167260176877643,0.4017094341116972,0.7949630634944387,Feynman44,None,1.7024508574754742
1.0686681452876803,3.157757621600468,1.7641733830501272,3.8174390307931967,2.0502471363579797,0.32772388587966184,1.1735740251231932,Feynman44,None,1.0758312758181263
2.324194005885382,3.197517326004357,4.203402971904228,3.6355957647676598,1.8830383109748965,1.6770550311580321,0.502904557982903,Feynman44,None,2.367222816035213
3.2886476647435194,4.267817205018744,2.7803246314935772,2.9993591856300497,1.022959299986836,12.65705167675583,13.945959973281784,Feynman44,None,6.717878147764759
4.680313240701606,3.5567620090797263,1.0295429768243198,4.96743206368114,2.970845353210316,4.347274813036893,4.351367424714725,Feynman44,None,4.74873872011431
2.17131739387914,1.679923553985608,3.03645066240083,2.855147897451856,3.0270010829894773,0.22370124838177413,-0.035961488667259844,Feynman44,None,-0.3743933495118734
1.9574359058739486,1.3360164737233422,4.326796305967127,1.8378849076478434,4.404402658523152,0.036879557340325386,-0.30977891491175397,Feynman44,None,-1.3937243702377753
4.952004086014625,2.9884265644120442,2.2636147100650756,4.327816957135068,3.7287980330444164,2.1554517638969957,2.539053907072929,Feynman44,None,2.693718041304494
2.4504622944521994,1.0009146235057904,3.9073625484276273,4.002534344928149,1.8538402993856944,0.5828674368809882,-0.12111969656706967,Feynman44,None,1.367803748610409
3.6381119165117703,4.282485242549929,3.4621334412379876,4.2969160652067195,1.8791458488119561,6.614749199848649,5.756597128307832,Feynman44,None,5.8369945434150665
4.8859162815769,4.99795305343279,3.309770497177016,4.699756791628801,4.160580105664742,3.105573119724669,2.512093727600136,Feynman44,None,3.9491973038895916
3.336733744140843,4.356725015989282,2.1108554341767323,2.8853655711023425,2.2596961146476455,2.655195242692857,3.0025777653937746,Feynman44,None,3.4671503903713887
1.7567977996591408,4.898079753228638,2.094415349394701,1.2300288787641223,2.8610791514473184,0.2191531401736636,0.9693491688638867,Feynman44,None,0.4875916370854453
4.457284228990934,1.6867694190913936,3.7995444139753682,1.6843155669120145,1.7632599031549319,1.102823573089988,0.3248475771863948,Feynman44,None,3.055419795591945
4.830917313595261,4.615981831185973,4.154420141590231,1.0696146149620192,4.175792272752,0.47614896373539767,0.33104263081959884,Feynman44,None,0.8552639638154178
4.539213138259987,4.151309020114571,2.1792746278075446,1.9028351842087998,4.65160764482224,0.6887213512113974,1.0047882120526763,Feynman44,None,0.6872923569413765
4.816510366450634,2.9892637778104656,2.8673768667103863,2.577208181634602,1.9685234640637495,4.03803900401658,1.8253475134841337,Feynman44,None,4.76908761842175
2.473489396096013,1.8054579825109371,1.5415707230834794,3.1334952422185944,3.5248573081596235,0.2673943180263358,0.7483105462735761,Feynman44,None,-0.3199026633069462
3.1445176012560494,4.320974681304463,1.1618883826891944,4.344208849645902,3.7262725995158146,1.3335442965982107,1.9968553924023065,Feynman44,None,1.9408805031518308
2.26593735399012,2.6159428020974316,3.8336083370878935,4.877327992877875,1.5961192884079236,2.466795940111242,1.5929260679259871,Feynman44,None,3.2670820090232815
1.9042649505556897,1.0541244716737492,4.856871138215486,1.4469163246954309,3.742291648025345,0.023764166225480266,-0.4747559788401873,Feynman44,None,-1.4033553330255837
1.379495179410224,3.912053767881134,1.71969654744988,2.189237577213652,1.579439488066067,0.6474767393384182,0.1462252088277547,Feynman44,None,1.8585259369398246
1.3546527703198405,1.1797255894426062,4.724942853930488,3.039768505821223,2.165147841587147,0.12298685174801184,-0.4366153123458024,Feynman44,None,-0.2740769458891165
1.0093906875664276,2.540734754130843,1.1161370924667953,3.3451806071205348,4.49103547600863,0.04304429387684934,1.155116637416209,Feynman44,None,-1.0357438283444333
3.9488926834226574,3.921984910495562,4.758087843414765,4.864460306296673,1.9111124861678817,7.623216731520173,6.8395078539278975,Feynman44,None,6.367142357815037
1.187223843694317,2.7123836180495586,1.143652386882609,4.524415599796967,1.4353387625666159,0.8432200186202992,1.4664594385261123,Feynman44,None,2.3053344355560745
3.2436900099500376,4.3286429879314685,4.164482885567127,4.785822482520706,3.6868683603187513,1.5418484596563073,1.3793043975744281,Feynman44,None,2.207556168973839
4.020477877181978,1.7480722402556146,3.6534709520439312,2.503770858739456,2.083718222134438,1.2490954525289626,1.45860406712832,Feynman44,None,2.3077246460987446
3.8830927103240716,4.568694845903248,2.7027860862039463,3.3295525138314455,1.0031275705615128,21.850376322636283,21.512799391545965,Feynman44,None,8.716752579235012
4.039866624243288,3.976328082857693,1.3993463209507029,2.49969262142902,1.0373192015046544,14.593985419518765,15.050501616321874,Feynman44,None,7.408756574539007
2.0451261061422645,3.9649931400237066,4.718428654909547,2.7769881503399567,2.8539935046368075,0.5338393761892813,0.992743967575807,Feynman44,None,0.6874980286992702
3.0589960510326293,3.5185961900009666,1.8609535458398736,4.581828706859339,1.4784207049481295,6.798447509679532,5.68216150998931,Feynman44,None,5.462500183741157
3.5756175014381593,1.2736701781731563,2.832358382471453,3.0036538689520067,1.7108366672953745,1.3614325499555169,1.413546402750609,Feynman44,None,2.5687509172180794
1.9648010997588337,1.5630395089713303,3.96212805427,4.606203884594878,4.825697233227908,0.1108219808655643,0.9444687391660731,Feynman44,None,-0.8390930441196206
1.7580747987752359,2.970451815192276,2.157532017580179,3.0804585253766463,2.443909928913979,0.46412768194641824,0.13450396222232003,Feynman44,None,0.6257608138538548
4.373577652645713,3.1907060071672957,3.1954550683905794,3.2666055792132416,2.3768830790772277,3.2075801206018237,2.1841300279135836,Feynman44,None,3.7686996013140175
2.1900441063310114,4.556293191865343,2.869685508314435,2.0851481732442427,1.850306655544709,1.278805925311786,2.012301285817714,Feynman44,None,2.5826338039421244
1.6801226812905155,4.4026944539669435,2.785291827302913,3.952964855289851,4.6170590441850745,0.2285425079593411,1.3009423821405492,Feynman44,None,-0.08845902604415816
4.774189607317001,4.019348773132259,3.114178082706385,4.549680674888169,2.3401096121472422,7.223746290360164,6.550756768023177,Feynman44,None,6.440374114447238
3.7477724910594077,3.9013228102743978,2.3026330067966483,2.241947984434244,2.3993992432529394,1.9967996295286377,2.2528625993236124,Feynman44,None,2.836937410059442
4.674364829306397,1.8887061886858505,3.8755494080353055,1.4408760593676786,4.715520594261294,0.15229768073421984,-0.2829737725217898,Feynman44,None,-0.708325916541273
3.845936272921188,3.027641413891681,1.0098423069915619,1.3204941313163086,3.3313243988871997,0.49923622206772406,1.0092214475019936,Feynman44,None,0.4707827609725265
3.537526800608113,1.9002702071716708,1.9561493367280125,4.211279897893345,2.747034578897467,1.2542199820398445,3.5340160898398953,Feynman44,None,1.8205488629668525
3.071892244224247,1.0120171719069608,2.999170476624067,1.033827929769208,4.186421478717919,0.026130827576910414,-0.228975644815384,Feynman44,None,-1.2949781602918933
4.453010914594309,4.262720902345847,2.65356325179927,2.2569427204240857,1.274327040190368,10.777421339159503,9.67016105021637,Feynman44,None,7.481123393364745
3.3282737974374847,4.770081014166145,4.714777225991318,1.1444591087854579,2.9245793342126802,0.564957653539634,-0.0913621447349654,Feynman44,None,1.3604715960326297
2.2783383593720528,1.4690366783729596,1.164766821371232,2.3353143624965917,3.3371763410607143,0.1522470119398009,-0.849974792333535,Feynman44,None,-0.6358472033366995
2.6032191119436923,2.8009066493419446,3.133831754707483,1.2098533179291788,4.903245890581907,0.07942023884775253,1.3004695425850197,Feynman44,None,-1.0774848427250645
3.982646523671818,4.608399089599157,2.5545621377017267,3.653879755611508,4.188001073262887,1.469893554876803,1.692504307059806,Feynman44,None,1.961817461303396
3.792557765956054,4.685867800006409,2.080301836765415,3.62061619112263,3.7199892554904057,1.721404928147167,0.9368509692769784,Feynman44,None,2.3306466872212663
4.758502816932892,4.850865143778842,2.4605777910808175,1.437173930531793,3.859184139786773,0.9367912571863332,0.06549058078003778,Feynman44,None,1.6742429375446704
2.4947560156006667,2.84398460927006,1.528015317356835,4.862626623356734,2.600677914040116,1.2613050633855458,1.3171466990430225,Feynman44,None,1.9760574105603044
2.5914828319517498,1.5369251896184477,1.3628468304530394,4.07931139945354,4.293423848121433,0.22121529060581774,0.5678359490588344,Feynman44,None,-0.38998664123612
2.557933745413617,4.283397498701916,4.748342414169582,2.7275480076084926,3.6123433238222575,0.5458047445864164,1.0487417722058736,Feynman44,None,0.46436971190727816
2.4022200740428614,2.8962162242286102,4.658066975699134,3.887266450100689,3.6211712155626996,0.4633413179261601,0.2411652907201002,Feynman44,None,0.17783259517926855
3.8703923806080627,1.6405258492555324,3.1870477146849616,3.352653844075726,1.4429825894878676,3.3361755927721775,1.262743308531388,Feynman44,None,4.090142696531493
1.7356883705306094,4.807582654705809,1.5868932878871593,1.1208610524383595,4.979447056516766,0.06367592199071927,0.10593385982263623,Feynman44,None,-0.9508343030047582
3.878905337466426,1.6516503737276782,4.251527563099572,2.4469612913672214,1.6985027407509876,1.5167193439022482,0.9420197442591848,Feynman44,None,2.8239058351399917
3.730244725894989,4.764673666872115,4.35893695929926,4.71297890767905,3.9563734551347713,1.9082897034131356,2.3203928780875027,Feynman44,None,2.692215170219781
3.7711373428394537,1.5677424280788212,3.619058449728698,2.1213826626600265,3.4536663016332447,0.28474920706772733,1.0347066835414407,Feynman44,None,-0.126392387484165
2.0442062719405554,2.955534110280615,1.806745884847754,3.9466344843239134,2.822504876348758,0.6044415223786237,2.6247786084770093,Feynman44,None,0.8190870231058422
4.684876467463331,3.7704655784636016,4.708538985727987,2.1143086225289993,3.265035367321593,1.3235791691056062,1.831002521797864,Feynman44,None,2.0150904950085935
2.2006945131020705,3.6052383695208987,2.8387879568778653,3.513038846346638,2.74724272917098,0.7915603665729115,-0.3534129668447764,Feynman44,None,1.1629202395469527
1.5657623447761115,3.890414221974532,3.4151674237251513,1.033144754104053,1.6514445461977165,0.32869374324514816,0.539462671646221,Feynman44,None,1.2912550460220393
4.628556543366585,4.856465864742163,2.4339139478181404,4.959469016375692,2.646286872013323,7.191310305242392,5.794541328995061,Feynman44,None,6.746560781795811
2.9179686143819996,2.818939006892821,1.7342000302266745,3.5134939654600754,4.697484162723283,0.3716880315894187,0.6549753727735488,Feynman44,None,-0.03571484324899687
4.60814239373199,1.1241282045562646,1.7123441631738707,4.789375633351951,2.3201739422080183,1.9105989522560878,1.5279080631971194,Feynman44,None,3.8972249135611636
1.6748281975521433,1.2442535823335903,2.986304903035187,4.19153316445153,1.3526805852088817,0.7498375741978173,0.2698649051940838,Feynman44,None,1.664121364802646
3.709427679203251,3.1732923380024314,2.8977068758254743,4.280997882208656,1.9253141301114316,4.794395649802966,4.928821615747173,Feynman44,None,4.657920352947924
4.477622287141111,4.518849501066276,2.2621651008965546,1.659564803634817,2.6439934456681495,1.9533557797382815,2.696609460103988,Feynman44,None,3.390122869948257
4.4931065371727,3.603536143343307,2.6379519437525065,2.565285377120605,4.331980443550826,0.9082800526389505,1.3585675440077654,Feynman44,None,0.9277907487726617
1.1196063353183177,2.818440247125648,4.53746896008537,4.649250407124837,4.85152069886221,0.06854872458174657,0.11742209412540576,Feynman44,None,-0.923923998897618
1.0336450876831154,2.537169687173298,3.100502562361779,2.815680558987204,1.1719209024502475,0.543229253282146,-1.93080690822817,Feynman44,None,1.4474746094689408
3.3549790879727697,4.670048915201834,1.3612652995240215,3.386273576915857,3.118373927741614,1.8123747056172763,2.2955145534754124,Feynman44,None,2.5765017581248397
3.0618251660395335,4.825983312427045,4.988756382594603,3.1010358339281083,1.2485370748925795,8.398454331853467,8.698143518486654,Feynman44,None,6.303329210985594
1.771599046771898,2.944139986290454,1.132859647820117,1.787186691703993,2.9116237413774946,0.19144328065612334,0.787024482502611,Feynman44,None,-0.25422650114444795
1.1251028268728285,4.591446563870644,4.815535883533661,3.848134132055086,2.5832892607707225,0.3313580659885453,-1.5743876483963717,Feynman44,None,1.2280189398255783
3.2892167411409963,1.3299682899125207,1.8144742467020776,4.519531186369049,4.766214540871153,0.26773553572382125,0.7682072827872468,Feynman44,None,-0.13452675675564904
1.9333719594443792,4.806297099823809,4.244143409369812,1.79116376878686,2.020687050369023,0.7394720227831222,1.598709902302772,Feynman44,None,1.9805478427198162
4.766301313743638,1.7189847763869324,2.4618282253233366,4.31137052312701,4.2272602651825295,0.8393957259670941,1.0153055946771399,Feynman44,None,1.1223760828991916
4.109072262400893,1.2132979733382627,3.3787762547558713,2.389620636875776,4.974393383782227,0.1336750043194583,0.8748758166652352,Feynman44,None,-0.7443748390817176
2.431506239193287,1.9921441434062235,2.1072231250973084,1.442755723712688,2.503856023117824,0.23750941719125876,0.7411438032728059,Feynman44,None,-0.05997535144624489
3.151605893206541,1.425337772570514,4.291781344621833,2.5425393374745506,1.3720980023004214,1.418475782866804,0.5206739411176539,Feynman44,None,2.4745996343718346
2.7088241129922492,4.0163291864226665,3.4841496123746962,4.324470310302031,2.331634777301774,2.2739868673120873,0.9041613946918916,Feynman44,None,3.1522240712779377
3.5715816169919603,2.1402126100322016,1.2527155818545799,1.010712560001548,4.398118656328004,0.12204778033702726,-0.42744887295000744,Feynman44,None,-0.8725689041216051
3.4687021185697753,1.40741636903619,3.8398254345029783,1.3112481954243367,1.2710215551829935,0.7426587459290832,1.2489512047327547,Feynman44,None,2.4642481545581916
1.3303275075532128,2.3810662346845306,3.0506470895499307,3.0236853432911195,3.7820261465681844,0.0862679591105295,-1.1934669763054395,Feynman44,None,-0.9166676385055488
3.180573564907369,2.8158355834038957,1.2872504169540906,4.037353665741334,3.972896008427405,0.7172905855347668,1.2305668353429975,Feynman44,None,0.6838582453110263
1.6384694960788946,4.387601363227793,3.075732330650729,1.019904750831326,1.3989535078721973,0.567879082406039,1.2843190931832489,Feynman44,None,2.246964946453709
2.0113325383622027,1.4451891912740464,2.033925614627978,1.77412126331688,1.3312657450487775,0.5208802158349808,0.5390018966645754,Feynman44,None,1.0424321952247029
4.979357053255052,3.3228191572102888,2.303629207556698,3.6967444194651886,2.8378172760424176,3.5541178766552437,3.1810913098031572,Feynman44,None,4.092719270747141
3.1077319368560947,4.431838998356685,4.836280274480947,3.3642872713404794,1.522696707267646,5.801415661470847,5.078375378160876,Feynman44,None,5.2894904414536175
1.0375269144218664,4.725059843547143,2.714667102634624,4.1110722996840074,2.3968860495746025,0.36454065743648656,-0.025148613357808602,Feynman44,None,1.7443554000771817
4.698942974740196,4.509859433699745,4.1286968204988534,2.1614103365418766,3.207935829164571,1.8011560124981005,2.969203009467925,Feynman44,None,2.782694132516589
2.841309323786356,3.77462299973161,3.600004408622262,3.6582511937058975,1.581341681780338,4.255797395433443,3.839464536339902,Feynman44,None,4.2686706350725965
3.5545217515425374,1.7587854178271147,2.6109538317851357,3.4464010704401224,2.3838503326059213,1.2058537512096312,3.2582590486366887,Feynman44,None,1.834136648430801
2.4019868005562435,3.194922362585787,4.896681783628843,1.2465436362080276,2.7955438521690184,0.23335689656426756,1.155856220725306,Feynman44,None,-0.08468486568110245
2.6382593214722543,2.22562573871956,3.5837857651607723,4.93948704843667,1.5788233035172001,2.902282260749913,4.418516951466523,Feynman44,None,3.5455518180886307
3.3367461173514243,3.9285865087172755,2.7578414354429355,2.9958213941727934,2.9627718276728645,1.4203664439534676,1.6987981189742605,Feynman44,None,1.8817547421216279
3.0655830063371736,3.337239507265171,2.285142144679236,4.461249591543229,2.432766523240824,2.306782329246876,1.9802515920966701,Feynman44,None,2.970371743941429
1.0674153085866744,3.803059641630719,3.1707067407232037,3.6219680193357773,3.9075350895782273,0.10212213286012742,-0.668239993253104,Feynman44,None,-0.5044512555644496
1.499898234916555,1.4934524781194547,2.90317277509995,2.8495458331521513,1.7620691936823358,0.28767542362743687,0.0010245676399317505,Feynman44,None,0.3962216588709097
3.719008671216219,2.2814248428241366,3.6146262510025102,3.6045204728041376,3.3729330135253486,0.8868976785910668,1.9298758407788115,Feynman44,None,0.9770320314972311
2.84589891109215,2.9646951951278004,4.257351114716169,4.2102858054236005,4.242014406946167,0.5263912785905869,-0.21249323355762972,Feynman44,None,0.29896868728169584
2.7111592249751104,4.840879483767189,1.13481327353148,2.381105934054315,2.2406107072657466,1.6738754904907909,3.111257753828512,Feynman44,None,2.920960081627397
1.2566395577647893,2.8781809187081056,3.1463905227363482,2.8315500451049376,1.1182439533364934,1.0030348793850221,0.08923616862942851,Feynman44,None,2.0051515706289345
1.1278703766150588,3.3028758653887227,1.302623020985164,4.964019873876682,3.868348694558043,0.1402143916496058,1.033346798856635,Feynman44,None,-0.11844494700321342
2.538254016750521,4.980672330648324,3.431466085975811,1.934494158311225,4.258204544863011,0.32251998288447725,-0.10813438076607279,Feynman44,None,0.012322374832509066
3.872794035495504,2.2287333160862324,1.9657686624083577,4.28561714384521,1.3224892517487281,7.7839313201782785,7.04372328928982,Feynman44,None,5.751454885181856
4.590710514017417,1.6018194114380595,2.5815766302679988,1.195249607514842,1.4495513264433164,1.1421263111074225,2.002581171059353,Feynman44,None,3.7856400379705772
4.067978811663387,4.257156729730186,4.784255614879246,2.3675059285863336,4.325339440598829,0.7715865778624913,-0.07317355889252031,Feynman44,None,0.7997648720996514
1.5404101177351506,1.6371161065115123,1.6915058196223773,3.996155144280698,2.695502479666439,0.20969016363653242,0.07403497820386687,Feynman44,None,-0.027651805691196588
1.1668275452069654,2.311033726619432,2.224620569851166,3.875801480879563,1.999735152038086,0.3019134981666954,-1.3189191290627442,Feynman44,None,0.7105115361536299
4.644976462394315,1.9336791590187543,3.2049559824871063,1.5527085607934774,3.7189771696423817,0.31169172923398814,1.156333910573247,Feynman44,None,0.05735555089065503
1.2164613040893046,2.259542619338237,3.123638495758419,4.7134061951971695,2.60120021676695,0.22935907147246484,-0.16897320170271277,Feynman44,None,0.3246972167288605
1.2787707587542445,1.5648734817264112,1.1262031183590429,2.954161469119226,4.374670994257226,0.03903888766335307,-0.2664120460190342,Feynman44,None,-1.1796427127666247
1.7985596618915736,3.708147484450881,4.640810146877239,1.24417326855145,3.785398757240599,0.09106260558825216,-0.7122900973987326,Feynman44,None,-0.9023354048613815
1.667992782092956,2.424761213176336,3.9445377507734656,4.824935421083865,1.2679729398045256,1.96086754771088,2.4507263778679125,Feynman44,None,3.011312382020903
3.811149150565577,1.113662395670084,4.447268919317047,4.548004566306903,3.537109754193497,0.4511466230799701,0.8106336372165717,Feynman44,None,0.7496237298904512
2.298788286800231,4.438037283128906,2.9521557048934204,2.7700730541058722,4.097163395879258,0.37514247631003544,0.5166788036406398,Feynman44,None,0.11464905069289973
4.313510959026738,1.5734356957627544,3.868420418303643,3.7611062949431013,3.1680745255080716,0.880743332873919,0.43811205570483136,Feynman44,None,1.4485083914408907
3.4902939318398696,3.3529580581874434,3.112625414102928,1.8994109405526598,4.411954569115089,0.3514971814673223,0.43743123198455736,Feynman44,None,-0.20410083175391935
3.4956321533326724,2.578879549363689,4.686004683821299,1.5403889908690171,2.7328334729737267,0.4659208391438284,0.15715531732251792,Feynman44,None,0.5980056071178407
3.934182952828878,4.2807373276477145,4.755762181954017,4.25046149444282,2.4037358126020907,4.545355607202736,5.213388116372255,Feynman44,None,4.863118454652259
3.1717287270961374,3.2928517658284333,3.227679197077437,1.8217683880077944,1.8022820782666522,1.638322128693584,3.0681027886779386,Feynman44,None,2.5500961996366027
3.6294812174380864,4.608342792184921,1.729024385676977,2.4827247431216266,1.7587777813344223,4.724402350904033,6.66919844475482,Feynman44,None,5.1115692950744505
4.954923177479917,1.5193275592642448,1.4466756297203625,4.4586991859902625,2.3812079264282167,2.7287020522353904,2.163004016253092,Feynman44,None,4.301926971434297
1.2082757281686098,1.6949689397459866,3.8589063292130583,3.956393857744946,4.56912164223794,0.04493421737259858,-0.2451019823418399,Feynman44,None,-1.2291042622425785
3.5963730288577014,4.912044831436317,4.959990681870164,2.166410399777044,3.831832555799452,0.8287065016474241,2.4694733210546747,Feynman44,None,1.121957328830403
2.8112875491680827,4.456398174595702,4.727695870901798,1.3556267079335398,4.127161895442902,0.23718217253694773,0.7222581270877628,Feynman44,None,-0.306618749108407
1.6498570524855478,1.5191515059720029,4.041590605409548,4.709797758091313,1.4930890884786772,0.8211420873054117,-0.4658971017742618,Feynman44,None,1.821323042876146
4.08874607231789,3.8403444793221087,1.6457323922312592,1.2120372665088142,2.0549729796395186,1.6604858797352073,0.8362847138588598,Feynman44,None,3.346015467275735
4.8248914816298765,3.0223565393429657,1.2259851436825393,3.314120876947596,4.0595317153142965,1.367313603617839,2.893554488440239,Feynman44,None,1.5952018618557584
3.3966989989649874,1.0448415193664693,2.2352880787179963,2.371276408899111,1.3684791328708839,1.1999569694888879,0.8339430842218192,Feynman44,None,2.5996455259441804
1.2238309978185589,3.748226990782772,4.075066077740498,2.9869281239877292,2.569601743155741,0.24829971102555148,1.032062553456326,Feynman44,None,0.40674959530326726
3.588644812537205,1.9763653705969935,2.986592809819623,3.8652819929481277,3.9094829131022037,0.5820781565109334,1.1210659311493274,Feynman44,None,0.40525284539939593
2.696794186646529,1.6709868894009832,2.332783159888148,1.5041777312394302,4.5442086917000015,0.07300996227406831,-1.8274255728990203,Feynman44,None,-1.1481087017304672
2.5993125119980283,1.687693742454735,4.644855760612135,3.3239270217901926,2.2900603012096563,0.6139977381084792,0.6764080310114914,Feynman44,None,0.829052664250941
2.688632654289449,3.764516596644963,4.024821402811435,1.9922205065842773,2.228998153834724,0.9834909715943098,0.7036853225281448,Feynman44,None,1.632844248224827
4.685409257779606,4.339414365561975,2.038303887474177,3.3073720063171166,4.020428955806388,1.8722526874380483,2.7570195508973567,Feynman44,None,2.381023878937459
4.005374383236527,1.4467591368656874,4.370065280716072,2.858691429094115,1.0827828502717827,4.018115891552223,4.33992901935063,Feynman44,None,4.754146221514091
3.846895449312436,2.7940484565819412,1.4793193869835424,1.9841826907490985,3.476276793096379,0.6332122755053423,-0.6482124203533625,Feynman44,None,0.5091756856463654
3.5844568739698084,1.8922658640757413,2.6032250013636644,1.2860891700257957,2.228815646220159,0.46283017312640357,0.4864215952189718,Feynman44,None,1.0585881619182822
3.870318360250369,3.2637271911922183,4.288831999245035,2.835177104373455,2.038498657168191,2.920091445564531,4.556136640037938,Feynman44,None,3.531233275660867
3.764802145036146,4.116805426130078,1.4055219516384168,1.0163373977236256,2.089733742025538,1.242111347326501,1.6531206939458674,Feynman44,None,2.988005641675142
1.3446116692097254,3.628405496311131,3.5708637469741844,2.3574551458218975,4.273793328651479,0.0820129712471098,0.03352934348466975,Feynman44,None,-0.9311060627558717
2.47107016052602,4.942875106787653,3.5050573001074445,4.055628116858875,2.753189023837218,1.5805876585288356,0.5468419151913573,Feynman44,None,2.734942499707026
2.673321762399521,2.3010880752078933,4.856803049645393,3.979493580076707,2.615292423492507,0.8641716298465785,0.009517802290422983,Feynman44,None,1.1320039652863871
2.6129717452250865,4.641230225573453,1.8242482358282759,1.0131358253193525,3.66405058372911,0.22327618760841944,0.7234698585419705,Feynman44,None,-0.006183736995533147
4.6249225293598535,2.170554638649361,3.5158821199496058,4.943566929140562,3.6595198088726897,1.5354923649094294,-0.21175680824036713,Feynman44,None,2.2266916110136075
2.66607408455067,3.4720378201019906,4.991623097845533,3.3903241083252227,1.4353060784446194,3.755985083667584,2.950278856264318,Feynman44,None,3.826643982438901
1.481317709101671,1.2761811358803268,4.807574392309212,1.0139369184481168,1.9386745104009653,0.04785279372994967,-0.2927142586827646,Feynman44,None,-0.49480534502173595
2.674127520424912,4.952797572362461,2.412166061852875,1.9783553519406554,4.321452141636948,0.36058684437667543,1.1349094266268778,Feynman44,None,0.12744180171116554
1.6813575718362732,4.28387414522938,2.8507943210035633,4.270980442251217,1.699074716768254,1.7777651439865483,2.0379615846186208,Feynman44,None,3.4359802826935346
1.7046379169808317,1.466707960778781,1.4096696208330708,1.2799312680251589,2.6694644272815227,0.06992910875918304,-0.5792238096203749,Feynman44,None,-0.7112649399685985
2.349395942916508,1.4858638871323002,1.0905513789889034,4.0212371055371,3.1423251450701115,0.3269980904470448,-0.30435384856804665,Feynman44,None,0.10906245443957223
3.8987263091617854,3.752744467686643,4.639292721525393,1.8010686951632149,1.8336369537573907,2.4833395935980636,0.4819505029456441,Feynman44,None,3.7702187735499235
1.9921825076191237,2.7689004649949878,2.7585470366723848,3.241050421286217,3.1792720723478802,0.3399074658336631,0.9139967180431061,Feynman44,None,-0.011602825890839231
1.388267791105675,2.142988137652602,3.7543834906304516,3.899542628740412,3.5738855468519932,0.12152492868414476,0.8600247536724623,Feynman44,None,-0.6845417738932305
4.260918631650528,3.3853143154486647,2.1521309554912182,4.231432339078204,1.264171695942029,15.662798989538661,14.912370566131266,Feynman44,None,7.8957849743612805
2.1939113415580582,1.7175170183539468,1.2233130464734838,2.5864297415004236,2.5949804555124762,0.30649592772528256,1.5482869424305898,Feynman44,None,0.03940184760967037
4.306435462667981,2.3532963161655345,3.114162346225631,2.3315373626213405,1.9865586306411576,2.1371994922565323,0.8679175612243184,Feynman44,None,3.223058818985739
3.519571284862364,1.8591787462551386,2.0706373458716527,1.483663972971573,1.4014828319081212,1.417938865121854,1.637735207006293,Feynman44,None,2.6968144799213176
2.8694738347868887,3.189918603942234,2.4329787326818506,1.1660801307235307,2.4979529116993846,0.4267429445832008,0.2662911482476666,Feynman44,None,0.6986828036211232
3.6210817499201915,4.7128676778804754,1.8812384412965275,3.682750255185663,3.9440830763843726,1.4365057188349422,0.8461217945327579,Feynman44,None,1.9880013761854547
2.0069088619505053,1.2964666244701988,2.1847467944227974,2.399843893381642,2.5897912540759425,0.16887178782921727,-1.07894368758933,Feynman44,None,-0.33352816913202543
4.389229927648785,4.117055636677616,3.0500781936515597,1.5575917772632795,3.3462897615461,0.9424207367003765,0.9127477756588627,Feynman44,None,1.5722766700437354
3.8922236139043784,2.9410073166958988,1.563941343226594,3.232168013975819,4.5167062196420105,0.6793962393160979,0.15872183616935953,Feynman44,None,0.5198757182826561
4.871494787616683,4.668855839489231,1.4531742525076075,4.398459442923521,3.6603491476206584,3.585276813255174,3.9928130899630228,Feynman44,None,4.24194958560861
3.345562546941339,3.8269845775261766,4.024056168221943,2.112910665349587,4.896764726185859,0.3340012553923978,0.24597287620661157,Feynman44,None,-0.16562411393060394
1.233547122143571,3.856939699321713,4.12620230961878,4.659642975820335,2.5680942634842845,0.41073408613326146,0.6870247175675568,Feynman44,None,1.2681732947816122
2.6663084529640146,4.6718469231828035,4.576226836091735,3.344393271870995,1.5388667324343506,4.463304116554766,3.1805272664945483,Feynman44,None,4.826581622675533
1.7936160900627214,2.6625474607050377,1.1124436258298118,4.8746376772285736,4.425358691420838,0.2133919921964509,0.24490024963264725,Feynman44,None,-0.21198990913359328
4.709849486609249,2.1609103801315177,2.098071998333896,3.125272489872169,2.7154720758601267,1.8280968943708529,0.8091423855235922,Feynman44,None,2.659184856766576
1.0309981638040044,4.572799657542671,2.503626763586036,3.908533625372674,2.5287535171090605,0.297576269320529,0.1343869421553283,Feynman44,None,1.3304949400012687
1.1679404457390996,1.2844987409165003,4.947868038145268,3.2512814212315715,3.2152113173949797,0.049912792850570264,0.8701230949632391,Feynman44,None,-1.039593839178332
4.81508392736581,1.0550411193847475,3.5487961168834756,1.5307880215400451,1.8988401249871378,0.4039307893477764,0.33864900070253723,Feynman44,None,2.7871879090703287
4.988074004350242,3.4992689256949765,4.09633367050769,4.0246285532745185,4.121560393909105,1.8579740051607154,2.2836433962633897,Feynman44,None,2.3340878384568464
1.9623304887751813,1.8137440308016406,3.568948044974609,3.0579050218116772,3.5848626698157853,0.1520297804601747,0.9137945498618535,Feynman44,None,-0.7403714200567303
4.920404881066302,4.580823916562281,3.825318652964262,2.121577285405736,4.228633330063708,1.1382912394969433,1.6320534404940668,Feynman44,None,1.6007600519110274
4.845342862175699,1.6567160105434748,3.233911804542676,3.1550825655846704,4.777585287330272,0.42508700954549056,-0.7344008969594724,Feynman44,None,0.13287230371616277
4.551954481569585,4.147947423080213,2.1289137311969135,2.1551859924359484,1.5049220370686451,7.592481187642931,7.822523851105341,Feynman44,None,6.664692318340342
3.6021496932388573,2.335812755150941,4.944936794182605,3.2006590978495035,1.2952957972122836,4.817511902264406,5.051505242087637,Feynman44,None,4.425975127288128
4.97288536935614,4.346572185608981,4.581385013980378,3.350784456001179,3.8995436579955487,2.11349230384851,3.3532454406681973,Feynman44,None,2.7358739879649647
2.4384863126819174,4.347362690946198,2.6288836619452773,1.488849641808093,3.572384202806651,0.2821130305236459,1.223153901045129,Feynman44,None,-0.011718077902176284
2.532678751260687,1.8142814756228245,4.882089021212039,1.1684829972556994,1.4106022378778178,0.42007074345501344,-0.2598356611818707,Feynman44,None,1.2002864973951246
1.9100949343129923,4.967777466673506,3.9263003580459683,3.7869620081555144,3.435004039658437,0.5708982780855915,-0.29338817880684265,Feynman44,None,1.0715358596609128
2.1747873884354134,2.676727638926824,1.8893092584752824,3.1883764624243485,4.063227081501937,0.2383529177308551,-0.13279037442137864,Feynman44,None,-0.4262651524024727
2.2504491310242773,1.2467017801644893,2.722270250339168,2.560248719114968,1.2023521155058812,0.9687231775946895,1.5317106376862797,Feynman44,None,1.7011724861000341
4.094905651127666,4.456823127190672,2.653337166366587,4.3996941689494165,2.851294892133766,3.919775619221417,3.466261691934667,Feynman44,None,4.462085837730303
2.7920644185411523,2.7335769608550717,1.6568578293546885,4.511230401153975,1.9041041586943046,2.6071555392588914,2.1131152932547015,Feynman44,None,3.2420344635271396
2.9458652882161966,1.4296982349448606,2.8683887207150565,3.186117311549781,4.554345480165695,0.1659950272040729,0.7990594669630415,Feynman44,None,-0.6924956632333583
4.024985954307779,1.5246561628865836,1.4602202753403475,4.186290163591588,4.6959268721813565,0.44113843724643814,0.8928227795819688,Feynman44,None,0.27592822256781907
2.866297523652027,1.765733157649216,2.777843578774549,4.091078053065525,2.844806951158304,0.6797523337314033,-0.3872140701542257,Feynman44,None,0.8542600950177933
3.2148456128771654,3.410374235279875,4.518401283488488,2.393191661771323,3.9689166629200625,0.46934904116953763,1.6250911113162054,Feynman44,None,0.055764543631134436
1.5495198574407145,1.5794110799865462,2.4069787206760025,4.708581510735476,3.6745219176183803,0.1287153849894689,0.315868763488487,Feynman44,None,-0.5682237604891621
4.730754406609071,1.360815845958752,3.900152986160362,1.5862829901562567,2.7890376637348,0.29542669159262286,0.06217877875253092,Feynman44,None,1.0550349755885204
1.9191090139957456,3.3490331975805767,4.097025709865983,3.54146386339755,1.035653376922426,3.912557438644941,5.5450065793680725,Feynman44,None,3.7792069908360406
1.3269141062714964,2.449490390451186,1.9288089160007336,4.301408000945415,3.5023769128993982,0.1502880531553912,0.16904332389672483,Feynman44,None,-0.3614415350672043
1.6197905207084924,4.254628445585882,4.836527590980834,4.498769002882265,3.8710070696228107,0.3286270423439167,1.2547606279774546,Feynman44,None,0.3540481925115817
3.2299158140122164,4.624203458558705,1.0254225943385946,2.382783337967915,1.5837158303614096,4.533356341399316,4.745865281142431,Feynman44,None,4.960235451198179
1.7452646096070143,1.475131500154331,3.2546455438487425,4.264426787124149,2.674438585742006,0.2523879283987835,0.39526044574668406,Feynman44,None,0.07695160933329358
1.8934755890810346,3.551748901523518,4.565992202804766,2.1154266270067876,2.461855918062411,0.4103555585366187,0.9635476604170807,Feynman44,None,0.5068288885155752
2.847038822578211,1.6837826165808862,2.318441537443444,1.0998005362872978,2.0094945594090468,0.2798455962259428,1.5615687054022223,Feynman44,None,0.5868723240705597
2.561237251559936,3.1449452074636697,1.453190888709396,4.748304030588744,4.371388623788019,0.5091788502412845,0.806714996562143,Feynman44,None,0.48394184713203514
4.209617636210517,3.525418513639668,3.0742896757585516,1.6742667789592214,2.2119805960102528,1.8100137529059244,0.7408767340789386,Feynman44,None,3.0825286737369195
3.8799038891226405,1.9931260499620578,3.442535121187638,2.39876332846362,1.9626397741089114,1.5033558172636952,1.43788237153378,Feynman44,None,2.4794781149243303
3.7326467623955897,1.9919400104504685,1.9427207901525136,2.334033389321321,1.5416357278034063,2.4329638227709376,1.1396001692927367,Feynman44,None,3.259078873574594
4.1460560622277125,4.727616794633201,1.1593178427755602,4.104465660563259,3.6425226415840655,2.4973307559678997,0.7638321213443515,Feynman44,None,3.248590294155565
1.792924672594849,2.4527444150060247,4.094860840317008,2.1793968227642813,2.771385675329269,0.20280947109733338,0.3397412824322473,Feynman44,None,-0.36297159406597646
4.074131565634232,3.1606363982054817,1.6206933781009156,2.0265225673254212,4.704288948162622,0.44791326999359105,-1.481195400128989,Feynman44,None,0.03500169606944045
1.6904991375056522,4.345217298709229,2.123224982029398,2.207465399993976,1.4505431975664056,1.2810840530307537,2.4534696299427887,Feynman44,None,2.7859172917201174
2.9913352369905644,2.230264306130136,3.1761378993837313,1.6295670175132928,2.847458086089672,0.32769519042384526,1.1031860001019342,Feynman44,None,0.04197578313597256
4.665093223017731,3.9883696277577276,4.5201005908712535,1.1035024577596637,3.4616439319026404,0.5399717996278645,-0.15273096194670366,Feynman44,None,1.188964443352766
3.742781774151064,1.7744022614880928,3.1641177833110454,3.4419499848848423,1.9626662701782367,1.9209541960559031,2.20119254561349,Feynman44,None,2.836899356008366
1.7947763300972088,4.2127284122351405,4.030389836827309,1.6296379134503147,4.059444362095853,0.12488745277622802,2.073740937028831,Feynman44,None,-0.7259767117044269
3.083277077911695,4.725053737990213,2.2301477388651816,2.838002814716143,3.5637642128683162,0.9760790089854495,0.9346078929090703,Feynman44,None,1.3737300717568446
1.0935293215778503,4.753204969891116,2.6654953565563275,4.551713701906017,4.754150731108538,0.1147393265844941,-0.17887440819194628,Feynman44,None,-0.27263503717984533
3.275113406504351,4.509989859646955,4.616564199924745,4.293606801267002,1.963843316316538,5.124750491757735,5.961144067290515,Feynman44,None,5.238552092535757
2.535421040852611,4.558794242440615,4.69316266421935,1.9010386656966296,4.909280387767675,0.2095513818646757,-0.2944141832852035,Feynman44,None,-0.45844558890437626
1.303261980453823,3.6507295807829467,4.450436772903764,3.006950183666738,1.6900554558119025,0.6339859779800145,0.11793745553984569,Feynman44,None,1.6534663223622386
3.9821752176543206,4.108749670894687,4.336980039992783,1.4867413014133533,2.009148053192914,1.9252845024323815,3.132445290929771,Feynman44,None,3.5927339227150044
3.2601114484334763,4.59603932026752,4.755190510798448,4.882633123802766,2.948155825614656,2.630320902653768,2.8258685602077995,Feynman44,None,3.6001192256267722
4.547746425425992,1.9285517559258825,1.9044086975317267,1.3829091088298342,4.848538951635531,0.1815698506372306,1.2791467040184703,Feynman44,None,-0.6904504768180929
1.9284593980390081,3.5452674881733564,2.285019684517981,2.2224982388809846,2.557478370363321,0.4340267588044174,0.5607325138456468,Feynman44,None,0.5717544807750494
1.900027480019808,2.8225581030071694,2.793451315514869,3.9909406624065644,2.1751971636310117,0.8386008753331804,0.17077723684045232,Feynman44,None,1.4234786836491737
1.6614433210376691,2.5713346234119703,2.411384846010836,1.8493355246260235,2.327478915854947,0.22942007952320834,-0.8875165335705312,Feynman44,None,0.0146139480431277
1.5317140215025131,1.264126020066322,1.9723488268527176,3.9863174328398094,3.602675002896871,0.08795970119909641,0.8437296872317315,Feynman44,None,-0.7954781556314396
2.0257541292433925,3.7060858017537317,2.620719909669609,3.973496968263621,1.8941329305302523,1.6581442194016358,2.6154282954449637,Feynman44,None,2.710746739842448
1.351045049198056,3.596513187028082,4.005956385188191,4.741199472427839,1.8000776202324418,0.9488811427705093,-0.6286669393512634,Feynman44,None,2.4946936399609903
2.3057305841695857,4.864547127076501,2.546445035781479,4.05043586577272,1.7043034157352142,3.5680303550324273,3.3409547226911127,Feynman44,None,4.724064499495995
2.0292947821328085,2.6478386288382345,1.113096235651053,4.0015349467118195,4.8767113855304975,0.1827536174555027,-0.14535967601785502,Feynman44,None,-0.4179265213203188
3.3689284496823544,4.057673424664744,1.7469619379706365,2.1363329662105888,3.3895222471944355,0.8216323543856081,0.5977955733351822,Feynman44,None,1.0168508358610813
2.9347788887557353,3.159689141783439,2.0395286360517804,2.226449428051275,2.715558652505489,0.7774151235601302,-0.6235534594310418,Feynman44,None,0.9552281029603107
2.701048780754033,4.482027596555398,3.0252064260545266,3.573194808756203,2.7278957545840066,1.5271731944028843,-0.24305687730130376,Feynman44,None,2.3510966875222072
3.2310241009503597,1.1255502712207686,3.505240146353438,3.4395786676325444,1.9154128642359312,0.8764108211737505,0.5558573112512191,Feynman44,None,1.8864873629291172
1.518030586086935,2.830023116865264,1.8399087251891242,4.823548832312783,2.3777813069325044,0.5546049373802588,2.3052202692918957,Feynman44,None,1.2897650836397367
2.5657324562614217,3.227978576848442,1.216310282469637,4.4393165665819145,4.957645691621506,0.3821824207550228,-0.8985029350004767,Feynman44,None,0.25177301324021956
4.70966279595995,3.330331777511242,4.876630050134431,3.0632953845231854,3.411209917610638,1.6383762788545015,1.2031524291710691,Feynman44,None,2.147183832207436
2.06617082072712,4.290007879851564,2.035472803195033,4.662751052119396,1.9495185642716795,2.2386790639858947,2.9906062097190667,Feynman44,None,3.7039442458427407
1.3487638838021732,3.3713096181525017,2.47397918026045,2.7401211132294963,1.6984090560519811,0.5734724576313068,0.8390585884113526,Feynman44,None,1.4286963943092543
1.4129536272306717,2.8832135578076197,2.905834202215283,2.927465287577201,3.5175798024539318,0.1327140294558566,-0.9638214621857064,Feynman44,None,-0.6210466271192483
3.6764234334892496,2.752785023347269,3.607625309032128,3.5302089608024416,4.52902059281984,0.5808898875399656,0.31843608381235367,Feynman44,None,0.32601761554839276
2.3679808882660156,2.5410077229383123,3.934135436041724,2.2752641847143438,1.8228241534628808,0.8672156590011296,0.7887906931737596,Feynman44,None,1.3003680076344364
4.965551459666244,2.4905490749231753,1.184682647251727,1.9605148660139675,2.0420893666031246,2.653682433784158,2.6749650186632135,Feynman44,None,4.008937358622558
3.8521948898951495,4.311215903275903,1.8128490971005804,4.099594466914338,1.6655244573590982,9.281720015717069,9.063140179228066,Feynman44,None,6.790950125878537
2.190999543181258,4.53159078934606,2.196469761933884,1.7594762315314139,3.841223751738028,0.2504107926243883,0.3923247064567249,Feynman44,None,-0.1356325877003319
1.7766036586257874,2.2279022960193315,3.8092890257182614,3.06229512722967,2.3751924650387144,0.35702122469447134,0.6003916589745302,Feynman44,None,0.24231428742226546
4.33194541110219,2.4691594402838812,4.9630718711869335,1.7771139629734631,4.409665660417886,0.2832935787924401,1.5048828314733274,Feynman44,None,-0.3414002156910201
3.785359850889023,4.478181490851038,2.337493046695303,4.356173713272769,4.285286153160033,1.4872771112813492,1.0274463632653021,Feynman44,None,2.065405821693713
4.82691935851237,3.169688865396533,4.214330214362533,2.154792440469986,2.6047500963506733,1.8575467605816927,1.3383777858164616,Feynman44,None,2.9933805469279604
3.564379892173725,2.965902779373362,2.275757883710777,2.4088118151295808,1.5485878906484718,3.4988549565609546,4.46484354101981,Feynman44,None,3.805383575361114
1.6890107339015734,1.8989430691851732,3.0901015513684036,2.0525360665161663,2.9146667678223257,0.11898443860990854,1.3572953963683037,Feynman44,None,-0.695513864279978
2.5557421667686206,1.8285635773342417,4.221046102283607,1.8392429640924726,4.292971196011185,0.0925560398091746,-2.339223344231571,Feynman44,None,-1.1144179955160558
1.9264081420199397,3.2560208407224573,2.104772572631341,4.5227198335695125,4.143896308208356,0.3154390901040665,-0.5746311737059826,Feynman44,None,0.05738294524596677
2.0145662701913314,4.8286491672484795,1.1064799529143285,4.525352259135502,1.3958720700854852,4.5742500645632385,4.19892881549215,Feynman44,None,5.567298696174997
4.6363549239648805,1.436806441127851,2.997289504997062,2.0066791344977206,2.747337905470477,0.5532694279762601,-0.16390367077076895,Feynman44,None,1.3483277972604504
4.215516389826721,2.506184036711571,3.420938884200852,4.247694070546947,2.912481177243441,2.024807993695045,1.0808878635812231,Feynman44,None,2.6668559838861596
1.2791711853429377,1.8037668103425832,2.395905722838434,1.9356914888352779,1.7576305763472537,0.17459425829681474,1.0616106698218624,Feynman44,None,0.11419596075692848
1.1373694375309151,2.400239543277431,2.491807704710584,4.15494872338058,3.346361527274755,0.11410890936993938,0.32624717038670703,Feynman44,None,-0.46577929363195236
4.5203650547499405,1.349240971803309,4.511967646789808,1.1240381779376034,2.159821181360321,0.1920260083513337,-0.572776558949442,Feynman44,None,1.7064699718481802
4.040954599700646,2.6817023572406233,3.938794073226399,3.8478740465757557,2.114851651254916,3.3677671736666364,2.5173858760208834,Feynman44,None,3.8679930021620486
4.153041545159313,2.456015351088596,3.9284283420275954,3.9195485447905822,3.986477237852747,0.9222172539621529,1.9888198697535948,Feynman44,None,1.003482113549183
4.621607885392418,4.612395567001686,4.377248681924305,3.2465422126615815,4.679957697945923,1.3262464232148146,1.1726669635322413,Feynman44,None,1.7821133222844467
4.32113977953567,4.217745010304448,4.591919271875602,2.4898615162273114,4.509792834305921,0.8373447584887134,-0.6568068629742546,Feynman44,None,0.9157644108839743
2.992728245176558,3.392794608254192,3.1599004557969046,4.0515836495665285,4.827825845912496,0.506432332774583,0.4689689484957236,Feynman44,None,0.36617054254408343
1.0877668710552486,1.4155540745864217,3.7089313793106173,3.974439913441235,3.1481400532163577,0.0642461898178827,-0.8762671287451504,Feynman44,None,-0.801064122970006
1.8761970832529755,3.643297857520013,3.4366664343399185,4.467519136429054,2.459476676855132,0.9297583970507463,2.430026013482478,Feynman44,None,1.7875916025844774
3.0217657649263425,1.598494593834876,3.7455874839315935,3.277413837603523,2.994384139133159,0.45294736192263857,1.3684005488658366,Feynman44,None,0.3088972527784287
3.980603229118598,3.405537072302363,3.0308240769160757,3.9893589218559575,3.8055176221521325,1.402193660349711,3.2727546142780217,Feynman44,None,1.6911420503892383
4.11630881241002,3.502098846716122,4.306702576825427,4.2735696811088175,1.4813773908494952,10.639586554109146,10.032387426380087,Feynman44,None,6.951942754347806
2.7526260835811094,4.810916817371912,4.290354784522053,3.5906825442377244,1.1136875487190232,10.121189057074757,9.438734018414305,Feynman44,None,6.622016845394533
4.454794180770641,1.3441253880716864,1.2468824030476955,2.481232765070124,1.6143995727256577,2.247036399259193,0.83480096453313,Feynman44,None,3.866653764875827
2.5558403549675885,1.5169708474005952,4.104942985024847,2.703400967258544,4.479313805072058,0.10960269479175974,1.0902852308241588,Feynman44,None,-0.9919140663798576
2.7100817782603337,2.6938738928743713,4.241365219225276,3.9825544801245596,4.859903782355889,0.31002394655098015,0.5887668694424109,Feynman44,None,-0.18131016798433475
2.0039555286912845,1.6272421973499256,4.890835338789765,4.290207451012822,3.0717309359040645,0.2686693625425135,0.2530596045706532,Feynman44,None,-0.07890146864835033
1.6729072549406343,2.2820326919152296,4.954473331467469,4.629713147612028,2.2280793210767675,0.5665838326959954,0.09920402313682553,Feynman44,None,1.0802343798663783
2.075451940745187,1.9150221216457473,4.7193706728312055,2.4721896846483005,3.605023211088531,0.1342465944127551,-0.03922173499479323,Feynman44,None,-0.8803720649310548
1.0364669498872492,1.6529364998470268,2.5694912920255786,1.471118749041719,3.1638758693215516,0.024203373162342,1.049466773851817,Feynman44,None,-1.1584657715323792
4.6768394030083895,2.9454157825225575,1.920716381058809,3.407528282622411,4.267100404403168,1.136649830430807,2.1331425000253947,Feynman44,None,1.2628672300751547
3.5415232233163865,1.1385443074433335,3.643064920496368,1.2006810116057869,2.795672835049978,0.09563567225831014,0.4308537764876604,Feynman44,None,-0.1390629922627751
4.433059720038086,2.430035373671529,2.4129176719122145,3.295093006045792,3.9104929361355167,0.9357052986168624,0.9423171923352078,Feynman44,None,0.98322384736748
1.8306526087045323,1.5386246339081575,2.3988279414164095,4.032005653969405,3.7102249121078636,0.14456791621223447,-0.6810554190816096,Feynman44,None,-0.6292057463950561
4.778454786798832,2.7377294223461472,4.362303210775886,4.051545728109502,4.727586428379311,0.9850126574091317,1.0114831046728898,Feynman44,None,1.1828521674228996
4.978219905111594,1.9154671495067639,2.0362692911416973,1.197042316237947,3.895384141637661,0.2614676805306994,-0.6678895169466019,Feynman44,None,-0.05620872645650281
4.933968353772421,3.3088274993344404,2.0555080023945966,3.621213419217856,4.97413943083159,1.115846761890365,0.1356751844355505,Feynman44,None,1.3665597429067278
1.0985060152827302,1.5920606963084434,1.6632071049012391,3.7578950484235776,3.3396714201739495,0.06400370724234974,-0.33664949579071113,Feynman44,None,-0.7962527335928917
1.1213231987341348,1.9055741828005615,4.477537855554005,1.1164673745402989,2.929311675408892,0.02602517745363367,-0.45324580533093184,Feynman44,None,-1.1396604481784318
3.5996609976331815,1.3667217452629004,2.576186785339545,1.196731410722514,3.822477490698777,0.09049579983929827,0.3372277601266744,Feynman44,None,-0.840741842967543
4.682971468018357,3.525055400311881,4.747313057088595,2.8795923246842623,2.6968552860965946,2.5920122464351065,3.308681099752757,Feynman44,None,3.4250942521703642
1.7081861205628144,4.841625899296533,2.68055386913054,3.764215578727956,4.7238589078447895,0.23666313213377085,0.4065569674476601,Feynman44,None,-0.011966261883537334
2.061988995933579,4.01879697447787,1.1441135618034943,3.081580456976199,2.197995263899641,1.0876491576706726,0.6483769510180408,Feynman44,None,2.0123181349031594
2.320980475191047,4.343377078560753,3.1965802892755453,2.5565228468840946,3.093461057061209,0.6002537841567286,0.06557139090254616,Feynman44,None,0.8176297926455753
1.8704348336404295,3.0190653751822873,2.328459627924025,2.2309272088221124,3.82679293856578,0.15478694470051968,0.39381449348531816,Feynman44,None,-0.6826450796720177
3.3953293678182965,1.611571002203493,3.799906181282723,3.9638710172441507,3.9504412493031835,0.4053898677724582,0.6412419820547907,Feynman44,None,0.09077822694514182
2.0184703935706967,2.9416478774097277,1.4007712095934437,2.951806948037635,1.2556206107214432,2.215158184654574,2.83910561089389,Feynman44,None,2.7805459044432994
3.0767426660536215,3.730522937569141,1.869492371689141,4.028339866823018,1.916278922723511,3.8068507322413025,3.273607954785002,Feynman44,None,4.128731665657411
1.717753636696782,1.4390005910411654,1.3066886203905788,1.7122211226855648,2.103872480890802,0.15464643489407656,-0.1945962639534136,Feynman44,None,-0.13544244617383408
2.2549529611715955,3.2791775861405337,3.010126933847591,2.112214279258228,2.9940687270178015,0.3678291659555581,2.0041717838993476,Feynman44,None,0.10176486830752925
1.192944567276875,4.74069273187456,1.2475808166148274,3.3603404346414374,3.8490447686342812,0.15389594000823117,0.2675372500055876,Feynman44,None,-0.002783950106125253
3.3936815568159115,4.809354794350813,2.2122483187742183,1.9320338999432112,4.92447632619464,0.4189871166560158,0.4197259150756694,Feynman44,None,0.24928539317939322
3.907874982161187,1.8312647644623166,3.227414614529565,1.0987122493373311,3.9502953716122238,0.11626679761636691,-1.5917499971302496,Feynman44,None,-0.7333595786982131
4.574408582940795,2.566991486430602,4.461862417310744,4.745044798258279,3.889081984553951,1.489853205227017,1.5842699098929494,Feynman44,None,2.018048992174772
1.0663138724851176,1.910411393459274,4.888128294327483,1.6579929977629582,1.7291441047192189,0.10675933484790115,0.5974441967038049,Feynman44,None,-0.13297015975568213
4.642021944153111,3.1783661710952495,1.9694407482330463,2.2173379296928117,4.920245126976535,0.5722342459148038,1.7128883569312805,Feynman44,None,0.31962664348796926
3.958001070295534,4.65143827408926,1.4068703953596602,1.519554614768762,4.700377386149965,0.4766270311168774,0.14921609483228176,Feynman44,None,0.39773600613771504
3.701251880444003,2.987654081880392,2.8956162751367747,3.2026582808701427,1.3323187323869181,6.834980465570949,5.579269516269996,Feynman44,None,5.1838672679969955
3.040307603764399,1.8355272322842522,4.612440110235891,1.7663386700013324,4.881033192579627,0.08857750142214543,-0.37922702011072545,Feynman44,None,-1.1011556867496906
4.589394089697552,2.0010411904963235,4.9473060302889635,2.720964733611492,3.5832226699439054,0.6376495560952343,1.7993746366581167,Feynman44,None,0.75567770118971
3.8459860456228583,1.9395038023423008,2.5459351438070628,2.8694540556897326,4.577673477056365,0.34489981688449023,1.4340059694040743,Feynman44,None,-0.21679267238268324
1.2822976906945098,1.0020513925576564,4.7538413930450325,3.066736799114039,2.366864113763589,0.07772134698756485,0.6941184624480451,Feynman44,None,-0.5415614192783841
3.145249381710056,1.6402943972112176,4.5739777069604655,4.02216826300274,4.35936027856717,0.2910781153024843,1.5303670842871644,Feynman44,None,-0.24484927464420425
3.959380615926944,4.029824050856865,1.165964358043594,2.924650648946926,1.1965976832735628,12.67100500465197,13.666938782708812,Feynman44,None,7.1462620977497355
1.9433442476837688,1.8767012949034196,3.8108547848063714,4.214365193872869,4.661488808328906,0.12915616714271902,-0.14730383254896326,Feynman44,None,-0.791749627024445
2.40250235208133,1.9460954192744535,4.047258089683424,2.3508559983080097,1.5686686239326524,0.9137642456754552,1.906727721254918,Feynman44,None,1.432546964582985
3.9400057633857615,4.660747749389321,4.497570572900793,4.866495951410608,2.939024239097785,3.878635868475958,3.982658318409091,Feynman44,None,4.591915709278357
3.372867099161465,1.5776624129871184,4.417998188456342,3.11585150551943,3.646062844448969,0.33164567921910715,0.3804912112850567,Feynman44,None,-0.11853547749831173
4.982403433206197,1.9491412241764978,3.7630228533267114,4.812062950377353,1.8345250118126244,5.953764791528743,6.102208145185453,Feynman44,None,6.41069387872586
3.9307816054853633,3.6471369487343064,4.320603676631828,2.8469734199230796,4.278963385866369,0.7772540823723537,0.49383629386103306,Feynman44,None,0.6928767191644684
3.389704234716505,3.451926327505529,4.065712169329066,4.11209223925621,1.27526392299974,9.396405878728643,10.183826632930337,Feynman44,None,6.0327905519258405
4.272954373968947,1.1450861242477766,2.4697012686035786,3.057110779440605,1.1046091250496173,4.1356915907384115,2.8276263476989603,Feynman44,None,5.197861752592268
2.5646167224616505,2.7898250823356827,2.1223459672177722,3.1527565937620996,1.7260479576929684,1.8721669896078896,2.417335905334305,Feynman44,None,2.426549739965811
4.437644351463781,1.5871609482929947,2.3375023790366676,3.39935842321913,3.577813098669913,0.7188695571829856,0.10752368849794647,Feynman44,None,0.9227408323585609
3.3352972099547697,3.4242024499753736,1.823125815418714,1.9191640253019746,1.8875723096682844,1.929581348492881,2.0341245836033384,Feynman44,None,2.815162866619404
3.602500487441157,4.429432167209128,1.5539714907366768,3.7906115429328793,1.5019787644239546,9.529369864426313,10.26408230910578,Feynman44,None,6.72620456074017
1.5649823627863997,2.9355579668407175,1.4378418028067723,1.7885707835337619,4.193700621161855,0.07158556155321433,-1.0323027050151212,Feynman44,None,-1.0041813208592076
2.206325900786563,2.520127524712619,4.137396018408349,1.497884974249665,1.8166075376261466,0.4625592756065678,0.9059321836403469,Feynman44,None,0.8009188228597796
4.651201601531454,2.473401035908296,1.617487134370005,4.842459080289509,3.5314249905130874,2.0017151335168104,2.903269933256416,Feynman44,None,2.675261265831533
3.1058883729490585,4.002554083220174,4.703497002296485,2.527156508284379,3.1345401744051977,0.8950044100835519,0.2724150629827732,Feynman44,None,1.1249620217987566
2.8212695966934485,1.0522563142814745,3.2143133888076942,3.7799810574428845,1.293497008842425,1.5903590467194575,3.3040228304235235,Feynman44,None,2.787775130493711
3.7641376727486637,3.0942375180979464,4.416272097394758,1.303890514836918,2.705315393600311,0.5600661295906407,0.7647021774250939,Feynman44,None,1.0573925826412032
2.6445024814655436,2.183028941205487,2.1226211611679293,4.771288180915384,2.0283539577301988,1.7180578074722874,2.4515677583041127,Feynman44,None,2.54103478663374
1.8632543436928741,1.6609936389997073,3.0069269763111413,4.712641293590778,4.34263277545084,0.13784767620132812,-0.3229307031179378,Feynman44,None,-0.6840926663879763
2.0230710012981117,1.5219364145177043,4.5291463325057,1.2296308115416363,3.2584794756162108,0.048274618344918856,-0.6746143553485093,Feynman44,None,-1.1311482479234862
1.8594477479128884,2.644203081043813,3.550709972374248,2.3927062989905252,4.437256913772378,0.1034805964874571,-0.3413550033848147,Feynman44,None,-0.9929126875665019
1.2995281582608884,2.6155529437120957,2.381194121115631,2.4034443155542133,3.063910505318488,0.1101523923803642,2.3265430501782234,Feynman44,None,-0.60515404617438
2.4764182080629022,2.7855088191907282,2.6760018978296176,1.5357841915587933,4.871732100558502,0.0987598167705223,0.6300889964533638,Feynman44,None,-0.9870221998067664
3.270655117804422,2.272082325570471,4.761427068223202,1.7699406922486567,2.922206847971727,0.36918617790314395,-0.3017042028409968,Feynman44,None,0.1497320800345885
3.2700732296823443,1.3573197673292854,2.861091235117114,4.915689189051232,3.174465438731684,0.6402921380547179,-1.2149365016179674,Feynman44,None,1.0389373307352587
4.558034513524371,1.303233636495265,3.3979261230215427,2.7783382853065475,3.0917633825767092,0.5565028268794783,1.633250801298293,Feynman44,None,1.0901055681314138
3.549232640197206,3.045926481589068,1.642300299011462,1.3568265050359818,1.264369393055424,2.943133352929689,2.12943116657084,Feynman44,None,3.9492656868655165
1.6485958799585547,3.278235638854004,4.780986119517086,3.9755213424366485,2.7307103008632363,0.45850365669935367,1.2225349157939647,Feynman44,None,0.6806350423055828
3.0373412093819283,1.723757498527053,2.6318912731822914,3.519661296884181,3.4422305003694738,0.43018243126114475,-0.4053157040005788,Feynman44,None,0.12705649613126338
3.726670226309151,3.8804710082549243,3.1363362186500754,4.010610274818164,1.9889734133383707,5.211533184901898,5.613330498391133,Feynman44,None,5.001613405174957
2.9824936891903198,1.7404458797125466,2.2847482706230338,2.7861384992121194,4.961491038983854,0.15842645570345867,-0.6450967488018743,Feynman44,None,-0.7142864611239195
3.7976044122413315,2.6248919814988647,3.148676824107257,4.077548923879733,3.0039145781872456,1.583700498868223,2.2258097315320633,Feynman44,None,2.0322730039129477
4.98269773237009,4.5481413012658845,3.1775894465777657,1.2769991686824542,4.436910026172385,0.5927592507076318,1.676080829084733,Feynman44,None,0.8674763272020776
4.404124650982228,2.7551188209982267,2.146774454279537,4.48144017408436,4.710687065612149,1.0281955391702662,0.5851250870261702,Feynman44,None,1.2826507423623694
1.893938972923118,2.3374447466696697,4.214112746548842,4.287260763206823,2.353217941632692,0.6168983185205701,0.7877880020542524,Feynman44,None,0.9685561024536358
2.6811211870570895,1.708991972228377,4.083913974558699,4.51639357261687,3.4919789941199406,0.4109345137636353,1.481249679486628,Feynman44,None,0.19552985553211705
1.229791624591266,4.31864480778853,1.5915133252598408,3.484475340668517,3.4798407177725417,0.18846325863148963,0.32154433846465735,Feynman44,None,0.13863364442916787
1.5866520277540586,2.804183917768394,3.7822620754925786,2.160832330341792,2.155856889820911,0.30702514375425677,1.219546594204016,Feynman44,None,0.30660268318710754
1.0678110595984371,2.489248030386764,1.0255800691423858,2.8683858168352314,2.4412501354910603,0.1367284169167432,1.0078689359758397,Feynman44,None,-0.05598022935921397
4.360804676258507,4.155791153110927,4.0410546491456465,1.0852764081178687,4.239924176231915,0.34858017922710893,2.3575347975115,Feynman44,None,0.24695412353482118
3.163009697946815,4.95490279517767,3.9518883294828435,4.042141494023711,1.371881507510683,10.2604658074626,8.716363300664693,Feynman44,None,7.145497909800874
1.4123719819220844,3.321367903111326,2.6142059050731357,3.6814604198000467,3.4289650765662296,0.20517849193776094,1.2059219557893845,Feynman44,None,-0.14679803779123893
1.7915271690716876,3.530751098200434,2.3324580325199538,2.8036602593422346,3.0467764265190675,0.3352647589882194,1.227161002644308,Feynman44,None,0.1874172313289787
3.4968827905814277,4.9926848114144216,3.5816721137561127,2.4989959722923394,1.6794981888534375,5.054151408013287,7.065358724152297,Feynman44,None,5.492019540548766
4.713057766371701,3.7524698166498878,2.654658304309306,1.9785863750615622,4.365731915159831,0.764405935950547,-1.1014705016154682,Feynman44,None,0.7699933890650131
3.504504173233121,2.846705902792641,2.9647454953583003,2.7346061983591547,3.4955761853009735,0.7115583159085971,1.102702918903565,Feynman44,None,0.5663858931954364
2.1320224501312035,1.4823815300737575,1.2340358147671435,4.029414383631064,3.0212856110508666,0.2909313519541256,0.5549696089707894,Feynman44,None,0.05570121140775097
1.9291546070994436,1.1084695530792388,4.709803176445419,1.9389095907022882,1.9435904675575175,0.15039747240521523,1.3815811139431298,Feynman44,None,-0.06476233732111754
4.024405400955327,4.871823273459763,4.844935479757055,3.0954052936603773,4.892782187075272,0.9310021384761034,1.4521021546073087,Feynman44,None,1.2616338661891318
2.208394858308648,2.484214376393446,3.6808284264089215,1.898593718051881,1.35189323783142,1.1083234284680044,0.1777729459628714,Feynman44,None,1.7618688264188065
2.9911571794170158,2.7523101211254177,4.849398374955209,4.296082688422977,1.588955795777609,3.8444910510665986,3.4075820670199746,Feynman44,None,3.950459285421981
2.086304915137383,2.7435728002117705,1.8380037458665694,3.774786440765011,4.08211036969306,0.26609450739550833,0.7642977351212821,Feynman44,None,-0.2634943636560239
3.3870966810309584,1.5881251560685228,2.036207201701552,1.1842511934536222,2.9150481391267036,0.18945731003912056,-0.4667867837336185,Feynman44,None,-0.13029369464129972
1.7676643068292348,2.19359857005794,4.183321937204876,3.739188198695466,3.7242543634644827,0.1741108243464826,0.12001543156148273,Feynman44,None,-0.6047155329001415
2.2754107314866134,4.672213868661407,4.27153069919757,4.5575626692573294,4.671399734063111,0.4935270014407111,-0.4274324904475761,Feynman44,None,0.6517982698181967
4.222525858511197,1.0352771760123054,1.9270684805332108,2.920632643526746,4.141333498311914,0.2551394726901026,-0.8305965460128668,Feynman44,None,-0.15245032500593997
3.4818586076699143,2.533942676644413,1.5560460267201486,2.5796639755726427,3.136081224187172,0.7637444018427495,1.6241397164639446,Feynman44,None,0.7530184661438852
4.234815434896459,3.291447227387578,2.9963559008919627,2.7868154605810402,4.8985399959697045,0.6209340591197087,1.7252301368589316,Feynman44,None,0.4425661045034587
2.1203012849527085,1.480005218907115,1.3220190889366883,2.8156304629215327,3.7123340971973304,0.13049251811170445,-0.017229553519701346,Feynman44,None,-0.763621628612656
1.5892360091193436,2.8914482473684977,1.1638153109446079,3.3370686581429565,3.857083953313562,0.16345487813308804,1.0570066206454136,Feynman44,None,-0.4748646984005995
2.7116474184049437,4.470701702647183,1.3696587406419183,4.897675201944146,2.234142963461536,3.2242977830472284,2.794014465156004,Feynman44,None,4.350726054255147
1.6865515507779656,4.6639747217913055,1.4318303287299692,4.5128800675876395,1.8672181484970536,1.72404345505441,2.5083927252254097,Feynman44,None,3.7153636003652983
2.1275130419958055,2.629735717951088,4.163004550159963,3.403316310429064,3.256508127640124,0.3573592082589182,0.306857315395639,Feynman44,None,-0.046227712120033834
3.302038215809196,2.941627511379851,1.9796231098015382,4.737871583580251,2.5729576819511957,2.240061033311115,1.5359322253877261,Feynman44,None,2.9011054729451837
4.423190817294839,1.9982919172286242,4.485321898585823,4.988495756869815,1.6550204663287582,6.131931309062127,7.226688887596799,Feynman44,None,6.10618401759783
4.4077677076015735,4.075406200910825,2.0238215053317115,4.936921006395563,4.641707232748423,1.7741745235737503,2.5581865008717264,Feynman44,None,2.478177860871397
1.521435950860178,4.970755180163475,2.7086540160968253,4.221055422949165,3.7031981892335346,0.35325758421765013,0.5354844135676452,Feynman44,None,0.7317919439002576
3.527240463814495,1.0992085030227101,2.6086084015284734,4.617705180904021,3.0571550953926074,0.5905923833442195,0.5649823354281902,Feynman44,None,1.1395491635899766
3.9912318150679265,1.4001835542787626,1.474323896232118,1.6322476319732195,3.2262798549409837,0.2867243226248601,-1.2455857154789345,Feynman44,None,0.07000512802767345
3.6635724626462554,3.2068346558185734,3.509148071842114,4.359360904579955,2.538644058725933,2.7392773166298876,2.411675217798214,Feynman44,None,3.2886477426079996
2.069224131261564,2.657056809037887,1.8101815121198164,2.5544181995523663,2.289491889256839,0.5374247871166464,-0.6124822612596998,Feynman44,None,0.6747959812297032
4.289321705753533,1.0833785896618502,3.607667868498738,3.6431697173663258,4.951449985219874,0.2161485279907569,0.8221549536214986,Feynman44,None,-0.23367840391565456
2.6501569146750805,3.9928884732641063,2.8701324078966564,1.2167798456853012,3.4597729951496468,0.2543420122254327,-0.8343755206564936,Feynman44,None,-0.08691564763286293
1.6196453140823408,3.460217791019811,4.474844827268816,3.7944933738727813,3.47106130055408,0.27711234874277985,-0.37847517397870983,Feynman44,None,-0.01503826537919651
3.579060942042902,1.7174014468296637,3.039278102107128,4.0102714913389,3.3347393807916936,0.7070222115078787,1.4515374124599298,Feynman44,None,0.8382486106786939
3.0210899774674274,3.837379254143693,4.3049676037816225,2.8457500374490206,2.5622331129549907,1.3970491923952326,0.23804349371155653,Feynman44,None,1.9477096873298194
1.0233609547746219,2.3337704944337507,2.1607552316924052,1.88736421430663,1.738514538482801,0.1485421869141615,-1.2440670357237393,Feynman44,None,0.22175844333535186
3.356128574132956,4.147351286958626,2.2884193195614007,4.359653258116087,1.0976212563495622,16.555126232720852,16.228806316505317,Feynman44,None,7.7280724569178005
3.560403526880768,2.4076846164670784,3.997432255465327,1.6998378878345477,1.9368532122857398,1.049056777817378,2.4001713106709217,Feynman44,None,1.9820863620206224
4.441122874173005,2.6500563116234774,2.664840336038511,2.576841315728051,1.7938175888453705,3.6829894348838206,2.9395840438850827,Feynman44,None,4.343973976532849
2.2776986251185076,2.0886513876056765,1.7074308938430174,3.3567815202395903,2.4445758141842244,0.5898799658220941,0.004937933144743112,Feynman44,None,0.7105895405186482
2.7377731203594142,1.0826187149580844,4.202283040250706,2.418097851510163,1.7379668819696739,0.4546341738104928,1.1100570041418776,Feynman44,None,1.0742813769284911
4.24225676083873,2.756905820794953,1.4367691135583285,3.461244720948612,3.251593151419757,1.5634853643030133,1.1156132084454504,Feynman44,None,1.932810422722875
2.9341679301149495,3.3806348384259697,1.1553968964376136,3.0590084701957916,3.1109549742679325,0.907993826347137,0.8998755289664465,Feynman44,None,1.086362742544841
1.9067631346951441,3.7940959858348506,3.3258642178674043,3.819449778306376,2.0130835274343553,1.271942565675512,2.2785311073450893,Feynman44,None,2.298111498183011
4.971476937873147,4.081631246759281,2.541068343567494,1.3842424149484183,1.543132510100092,4.947069654647849,3.9636052921433693,Feynman44,None,6.596903812105961
2.5395119791697347,4.793785655631094,2.7846846601185957,4.549391229808027,2.903718030413757,1.6469072336814161,0.5715811571573783,Feynman44,None,2.791652917500508
4.6999215167520365,4.800628379580216,1.5078644566750805,2.520959068933862,3.089716482615665,2.707154952834934,2.1075636668370334,Feynman44,None,3.686418760349492
3.5775972784931174,1.480593797152319,3.458118596511142,3.8533779915553588,2.4685425380373447,1.016678695996317,-0.15363294553915452,Feynman44,None,1.762486351528604
4.724245194707031,1.6652131570205801,2.8547596282912906,1.1485443900705605,1.283515853861866,1.4220700652578713,1.0954233351006815,Feynman44,None,4.484784195213034
1.492138883187299,2.361506411648085,3.8031203574920114,1.63013663083938,3.5374436008847026,0.06157595691372841,0.1996631817798767,Feynman44,None,-1.1065828009075263
4.871539613553734,3.6948168779564825,3.037087473404898,3.6909586008071558,2.41012588588006,5.171918138710014,6.8261290756353965,Feynman44,None,5.275857921241279
2.7880749657382378,2.900597554514805,3.412889656199097,4.100149570314765,2.0415450687789822,2.107336066655024,1.9193797216005053,Feynman44,None,2.7121393842440615
2.3958004753691586,3.2235805425139286,1.4101653130057548,4.251702061569936,2.853999163071689,0.9595072535534331,0.9864855306456823,Feynman44,None,1.4364582692620842
3.9375261981330754,2.3779184926669887,4.911045208158464,1.3081994622984707,1.1202144696095537,2.280410891981924,3.096014966597583,Feynman44,None,4.168040019773709
4.2670388848535,2.4526660230583004,3.8983676399869247,2.6667081596475466,2.6374828506970407,1.407119822682236,0.6835552476480667,Feynman44,None,2.0884048790494645
1.7767283532594904,1.0163932575598436,1.5831818780736953,3.684889572903672,1.1223792302493796,0.8952300995938965,-0.6358751195507643,Feynman44,None,1.8572687839072344
1.1380350459070576,3.61891835626388,4.251569367407987,1.3401280169993859,4.193265719608244,0.03339617587740959,-0.06527754392639139,Feynman44,None,-1.2651318508240756
1.6331422274706187,3.163809071964515,1.5111611676839591,1.1499648740511583,3.596346825092414,0.07198898079167751,-1.2297069102442382,Feynman44,None,-0.871382229687164
1.3521410432848868,4.502105188919716,3.833845910882395,3.9467112735967644,3.398694652203531,0.2783871304447806,-0.410745838602792,Feynman44,None,0.45974639151833063
1.6727206719383498,3.067824605206921,2.926049983564604,2.4247924095765514,2.025165716799684,0.4877457336334934,-0.8628913584082132,Feynman44,None,0.8345667868321018
1.590340337026937,2.2855080991490015,1.1164458026018025,1.405833523638396,3.9338292410692794,0.05090122081903311,-0.40377693438627554,Feynman44,None,-1.120495855116932
4.928516285506847,2.9705215099762707,4.808019386253264,1.8341098234546798,4.849443692836045,0.39541811451955555,1.0634360734799853,Feynman44,None,-0.008611061102620617
2.2090180466146188,3.576198409351143,3.149043284425678,2.3969959076727707,4.825340040135059,0.17052360649963094,0.4843084961488986,Feynman44,None,-0.6316738618260462
3.697326025582871,2.099929631346925,3.6444956534811768,1.746163665680795,3.604837129908065,0.28762058418877007,-0.3565251996962239,Feynman44,None,-0.24713682750089974
2.0157948326999824,4.975872456326452,1.6578500022315432,2.409874298547303,4.818053797734061,0.20799167922289957,-1.1069810413283379,Feynman44,None,-0.24352072761520147
1.8306395056069924,1.079391278296836,1.8661430423986802,3.0380746883116267,3.2471380003614523,0.09709143528434301,-0.6224638504215261,Feynman44,None,-0.7476773444159763
1.5845713380186908,4.399565329265748,2.4276571296311884,3.141863634905946,1.868738559307773,0.9848510232458225,0.7750698311088592,Feynman44,None,2.38912730344699
4.025256007443316,1.575520944714718,3.302349261551478,3.0601066636588654,3.1003316795880034,0.6559438316589142,1.9219554161375942,Feynman44,None,0.9018369248057668
3.007856343842429,4.165469922885351,1.530718963448304,3.5363430013802417,3.999464624528017,0.8233456805656229,1.7200465019174636,Feynman44,None,1.0020145134488958
2.778486268432431,3.261692400887224,3.29859877318548,1.083529332045793,3.3609093881237686,0.19768954340555872,0.0007274697187794055,Feynman44,None,-0.3332602355994305
4.293825781629868,3.8907865407170275,3.747909383379153,1.7029302482873838,2.544804160392332,1.5655719834920183,2.089877852443825,Feynman44,None,2.7617562954668653
3.317712171070965,3.7266981216880275,2.8076055218714546,3.859486212257436,4.508193356075594,0.7492939923004084,0.6584106204861345,Feynman44,None,0.787838268815374
1.9231184008904747,4.479085251409678,2.375704283243368,1.5437209860169498,4.832029977737674,0.10523867576971857,-1.5717627471669116,Feynman44,None,-0.7914129612077105
4.290925330686241,4.786573487161063,2.6493683684882265,4.668792639705602,1.5192129957056815,17.341823062424357,17.287812868469416,Feynman44,None,9.353090380905087
4.754553056714407,1.4462461052952547,4.806494142473445,1.3287079430008104,3.5764269256774117,0.11553143880469198,0.829356630728613,Feynman44,None,-0.13892923257045425
2.6975166138106914,2.268616919474399,3.3155235955398994,3.4933890444621696,2.957339512774173,0.609886540690557,0.8760905311329115,Feynman44,None,0.530888322654188
3.9915960693899355,1.7467750083493785,2.395998165361555,4.490364532576283,4.83641428332205,0.49050597071719,1.239531784593241,Feynman44,None,0.39159102188193134
2.2590568312364665,4.725940315757375,1.8236165359922856,1.7558089223557802,1.9375298527578222,1.0983788315521505,1.4999164126529672,Feynman44,None,2.513620995102948
2.1885515101825663,3.631913255663002,4.300453465098881,1.086688324164979,3.4923373223575975,0.1291230149338698,1.7458091809596785,Feynman44,None,-0.6270745534618346
3.9376819241861543,1.7035818901202537,4.094188904108057,2.982751201210426,1.5534698444766963,2.542747260876826,3.010673141294637,Feynman44,None,3.6538763727553483
4.592792073173992,1.422742540499037,2.2655390222612843,4.740412178212001,4.078537471861812,0.7645010390089771,-0.5247943636403579,Feynman44,None,1.2005946556871272
3.6756673399226125,1.3022016473164388,4.171169804760538,3.89379380218281,1.4867563022279748,2.4449008717613046,2.1660840770363676,Feynman44,None,3.7956675632222288
1.9389133878480806,3.8719995059680863,2.532733209674233,1.1507822340373335,3.5209981696441233,0.12524742920352275,0.4608932482778815,Feynman44,None,-0.5501517744427534
3.5048579809127407,2.387723111455353,3.087107904727223,2.3847494292956855,3.791651036270469,0.4221695344289976,0.26129609528744857,Feynman44,None,-0.05992704809576622
3.2458514634874693,4.899436005076794,3.2470203397769573,4.044471630073412,4.328665778754731,1.0817980261172813,1.154000075087226,Feynman44,None,1.5802116703604148
2.8895850812782755,2.806570440019971,3.55852629947288,3.088090344802352,2.8121400271689043,0.8423943002623215,1.532822013717404,Feynman44,None,0.9380245380745359
3.6954924218637246,4.5842385667078,4.63256329198542,1.7546437507712058,1.2709290991349436,5.789341054447403,4.791717809535934,Feynman44,None,5.9488656172960255
3.147904536306457,3.438609897852613,4.10163562277021,2.150654936195677,4.178622105008197,0.368888664052976,0.7869041532645373,Feynman44,None,-0.1781639464639142
2.296896363359903,3.7579053966354796,2.173909340828131,2.4357597085516733,3.9305650271868937,0.30315457511628285,0.35387080453576586,Feynman44,None,-0.17562938175398501
3.2752621343875914,3.8336080860696984,3.2267778035814625,1.6127842389627265,3.8940080613206676,0.38562834886427555,1.2331010130190228,Feynman44,None,0.028445586936022334
2.475883082392895,4.638104456365477,2.043648060648712,2.730664096161557,3.9953284785444887,0.4772919448265144,-0.20256914770291712,Feynman44,None,0.4248898160408765
2.434981599251467,3.673387993173316,4.9523243954570155,2.5116733433960987,3.1548708484072434,0.5009631451554011,0.18374246754552814,Feynman44,None,0.3549536873274299
2.991200783908098,3.9753369733985324,3.8343431812423043,3.837467042171276,3.863363788541399,0.8722410865491679,0.8560748179531301,Feynman44,None,1.0210807751233613
4.560633976812634,2.912443499035556,2.715459766755882,1.2725594742586277,3.1111297320656206,0.6113136935846976,0.38134275133424755,Feynman44,None,1.121907931053645
1.8387796544755401,3.265561493211273,1.1759895757931202,2.034944068884347,2.1625476031544073,0.4742901570489321,2.0996124181898397,Feynman44,None,0.8349120181265004
4.630291142683262,4.9810705763142735,2.6122485020423887,1.2343459871839069,3.1678352442007234,1.1334175927387096,-0.46391722985491746,Feynman44,None,2.5959465285352468
4.762007554853372,4.142373777800534,1.3895293258678634,2.9448205875696716,3.9696364447239256,1.7029642886968428,1.5169979511106315,Feynman44,None,2.149529725277034
1.0151229073245625,1.8749125040143761,2.3256183851300496,2.433617075673306,1.290208532328554,0.2745661391744939,0.06350962979715757,Feynman44,None,0.7356230735346451
2.982275789870537,4.586942512632129,3.7849505023797088,3.220237263144078,4.734376934772409,0.5584747570833554,1.4286044289702144,Feynman44,None,0.526708540949776
4.824080596318056,4.268060561313216,4.207551154049051,2.928580955800607,4.458232474304777,1.2994573506311262,1.130422758936125,Feynman44,None,1.6552747484414172
2.4629724579221937,1.8136222423119497,3.0763216468751664,1.4634510926350193,4.687957802421394,0.05863920156129392,-0.04746844157030402,Feynman44,None,-1.2372687955570887
1.0319578685828832,2.768138503544606,1.539351737000671,1.7639236280056227,4.770133024514153,0.022559977062287136,-0.08205331077673064,Feynman44,None,-1.3016047826402946
2.596220306477054,4.434389611656496,1.496507482714843,1.6461201574662145,2.6194155250893347,0.6962177477770022,1.5661163489098282,Feynman44,None,1.3746855715070758
3.6276275076665008,4.08482696396906,1.3937696364863639,1.0777168452568655,2.5822428789889966,0.8022924573448179,-0.2668814453736469,Feynman44,None,1.8540941095161654
1.5817045479660394,2.303956713378001,1.2194223966834459,4.640831884674072,2.704284081114958,0.36531486968696497,0.7743662802858984,Feynman44,None,0.5926655727492894
4.990582118497473,3.6445440831155054,2.2089769345376618,4.179554037276754,3.398087649755058,3.14090562474574,2.5609001358580503,Feynman44,None,3.680373409963433
3.6006854048341133,2.2525423495599464,1.21038401524478,4.153999860975193,2.883654691987293,1.4240563394212478,1.8392053265374684,Feynman44,None,1.9210365626817592
4.650462454978253,2.808631155833463,1.4664022341438145,1.8636125474108938,2.1490039560930883,2.2349284792321322,-0.7454719465321009,Feynman44,None,3.451124681388266
3.976104811613689,3.305446251557744,1.649284247626999,3.2427904132150878,3.191156975226212,1.6052896457465862,0.43306672186397854,Feynman44,None,1.9727652999419105
1.610841827876082,4.2675890505579055,2.7119447199914344,1.4592275630098253,3.9815719095321302,0.09761871694884856,0.8768875469768296,Feynman44,None,-0.7397867524797415
3.9869913730601483,3.0736472910599457,2.7528310604338677,2.2539066011811792,1.8618671704273924,2.8299602795441094,3.8291476851231865,Feynman44,None,3.6131658427512336
2.5249517594558344,4.819666692688033,4.009190207490933,1.1931113821043056,3.8357583784999862,0.21874734869854956,0.10186368992073,Feynman44,None,-0.15688372605362066
1.6899578708332132,2.1103322930230353,4.930585799704005,4.732001889121876,3.7025953580602735,0.19709652842795036,1.0502369306051274,Feynman44,None,-0.37059302799016264
3.5636540777622523,3.91338422056412,3.6725585106770557,4.422108572454919,3.278162240848056,1.9499035901834185,1.613206600335217,Feynman44,None,2.534791404113434
4.3159780549028,2.398895317549268,1.1403733330510795,4.763793832996707,3.9072365728738956,1.3649412346775414,0.3224350883306677,Feynman44,None,1.8211176686586532
3.4870375515781213,1.430458429867452,1.6358778752541796,1.5496784670848882,4.124500709489553,0.12990417644977467,0.938165827084081,Feynman44,None,-0.831420095612066
2.399593787646431,2.9474493035123586,4.975047003805258,2.092945718942271,1.6406672214195006,1.1416747551504725,1.618616971548809,Feynman44,None,1.7885142908199252
2.235751277200602,3.547745468878669,4.1426397395910595,4.7565620563816875,2.604762136950326,1.2054530345394328,0.16004160759354114,Feynman44,None,2.0161714470997936
1.6796183436833894,3.804439066945042,2.062419696467811,4.44719878103086,4.552871004574339,0.2295264758684081,0.2672416763456712,Feynman44,None,-0.08460812130636369
2.5526378386142605,3.22402173543769,3.4116806008841145,1.3910013409430624,2.007011397070093,0.6272842113657796,0.36760726914279057,Feynman44,None,1.2299725158738273
1.5772706873757438,3.041200528621753,1.3613079475128287,1.5723685705745951,1.452276105299135,0.5513193922165879,-1.1555893556063883,Feynman44,None,1.3565828119597882
3.969627295485944,3.703990413084678,3.1460690126038915,1.8201575648444828,4.89797171552745,0.3857932221274925,-0.5876281168404167,Feynman44,None,-0.02337606428756606
1.4495909777173193,4.858620145201499,1.9182852697357937,4.481787569706412,4.7116465282909585,0.20672318592979752,0.1251854371127086,Feynman44,None,0.09545583019232272
1.6608036458952342,1.211744158760637,4.316723061054001,4.98608111466809,3.130629907164511,0.1565271564414308,-0.27205344540060494,Feynman44,None,-0.2526964670747207
1.899349420599671,2.776572815020972,3.6335466850077602,4.079992320726246,4.352272436728681,0.20817176032697948,0.3219401375870341,Feynman44,None,-0.4546366768504883
1.3621332445092031,3.8474204807381738,1.1035085697585805,1.791106319873775,4.535950662876754,0.0618776218290451,-1.7932453170497378,Feynman44,None,-0.9509450865490787
1.808456171255298,4.858462458545128,3.767970287600332,3.7632766352806817,4.4930964739273564,0.2913035686447699,0.15238292496026776,Feynman44,None,0.11885519229113449
3.001946496985604,2.1718996616148503,2.3911629747506633,3.6975670512806267,4.9699337800357775,0.27625090079220455,-0.13739935705821477,Feynman44,None,-0.2659388455366622
4.440699825842101,1.7440626661245773,1.8525068870215016,2.2252057429091106,1.506429176593472,2.872913752225179,1.9780644965578325,Feynman44,None,4.192337289209096
1.0565014787326956,1.453305816037974,3.960797720743191,2.0922670658009648,2.4575503220354866,0.05093083290141172,-0.5004384458187529,Feynman44,None,-0.7860043390287597
2.7021179024321684,2.915075206349359,3.8887151530631456,4.8559533494290665,2.590949359812081,1.4696313089871131,0.3432587124824078,Feynman44,None,2.142896547125309
4.059592152686509,2.15945830502752,1.023446519573742,3.147633104455966,4.396931745215285,0.5589828392465337,1.0653765803456705,Feynman44,None,0.2824948321764357
4.131817224274963,3.542670691767917,2.160825234290258,2.0065352521561404,1.869407092851466,3.1785031914289523,3.175166848847915,Feynman44,None,4.094669067543231
4.879945239183482,3.7657881949168206,3.720305545509917,1.7089956341208778,2.6986072949880717,1.689326660186462,2.456426762719465,Feynman44,None,3.0595388519881945
4.338741663152609,1.2309166570387275,1.6155731103015332,1.2785118363917212,4.2762885580741425,0.11278171412549291,1.4614224477975895,Feynman44,None,-0.7949786450023205
2.000481398777438,3.0153794231413866,3.762629542170906,2.031759828078319,1.1186694627827194,1.7973298803083486,0.9183275389837491,Feynman44,None,2.4621646409620666
4.946030861916757,1.0899776265430452,4.43570379678714,1.2051364492941743,3.79170712403189,0.04536277108295367,-0.16781479374597252,Feynman44,None,-0.43493452248570363
2.4222696448818444,2.6082748407590213,4.76061880536731,4.029110774128521,4.603058356815628,0.269861229954358,0.9353884982429523,Feynman44,None,-0.3288773335644883
1.6093658595246731,3.05036138320845,2.3887820364224,3.2942797915107267,4.155172541947698,0.14813390922964875,-0.17524604848498632,Feynman44,None,-0.62103443536893
3.844634144095459,3.15413173528601,3.254279461745245,3.255725658571418,3.5592106532067316,1.100127695127789,0.8444481547595062,Feynman44,None,1.217453879642952
1.760380222112377,1.2895348833078732,4.849995023087046,3.0854501132435828,1.5024183565074183,0.46431677767406215,1.3878639114665343,Feynman44,None,0.89121278860488
1.6412721998693933,1.0038905795555677,4.146699578554477,2.344428236168105,3.2887404665653985,0.046769265731167034,0.11287952877438533,Feynman44,None,-1.1219073539816364
2.871251818662217,2.7436034473336997,4.57321702042505,3.770029702572563,2.053234128513549,1.8493543049581571,1.895719678544737,Feynman44,None,2.412527281648691
4.519302026298032,1.5206680944832356,4.953151077424629,1.1946218225437661,1.8233884633822939,0.3630784209234035,-0.9946597596612252,Feynman44,None,2.545893143417505
2.6970956480380317,2.1082798167124017,2.87423739728497,4.335554296121364,3.945249208369408,0.40427509686473967,2.7860384737810073,Feynman44,None,0.05364508664652037
3.385298373594191,3.199288102532512,3.9158327763214453,3.5327799142183776,2.129129605832577,2.6332673901032835,2.057097150457098,Feynman44,None,3.1297322919925796
4.8584406477632704,1.7920085877441152,3.2355654044094235,1.1057909310944076,3.657113912107733,0.17652064895031455,0.6674297725253694,Feynman44,None,-0.04945122920754188
1.9770511671859432,3.374744280341409,3.132981816503499,2.503272188535088,4.346565833588791,0.16695768617198734,1.1472102106214987,Feynman44,None,-0.6695866391982994
3.2395377170856383,3.9122974801768113,2.3864788436497864,4.775398281611488,1.3166207996639119,11.086811343535727,11.873529146467677,Feynman44,None,6.872106898461245
2.1330160238938904,2.9127391911196616,4.45680140218831,1.8944269420003388,2.8924847576280266,0.2642565047501062,0.6318373867671296,Feynman44,None,-0.20258898766641434
1.1211981456390707,4.250023804071432,2.2875242123624027,4.917128476453886,3.282046743168862,0.24469775520259393,1.5183636915760117,Feynman44,None,0.7474929178092715
1.889446085611508,2.5597069106968107,4.607191977628878,1.6669124484576692,3.6133229573952073,0.10005617889468024,-0.7499566676930878,Feynman44,None,-0.9921143833851074
4.1675098075759305,3.9073039692041323,4.337854355399443,2.963561679697419,4.803330643287122,0.7780144980077386,1.1156405585401037,Feynman44,None,0.7960279854562009
4.4358486021602985,4.95161522097615,4.8508495975879455,1.221992324609508,1.5626440004877868,3.673392076729768,3.7076777746370455,Feynman44,None,6.355294170064942
3.1479939185632504,2.1123738025275705,4.896817310154958,2.7929707207691283,2.6213084992184266,0.6952560102999403,0.8968530719176975,Feynman44,None,0.8190056743806404
3.2953552931143455,4.259227656054893,2.878524876513696,4.832819411223289,2.805966966856535,2.77234585642964,1.4662358938481332,Feynman44,None,3.61023297446865
2.430302334676609,3.954990118787922,3.1290939995137084,2.5614189064457946,4.800695009804255,0.2476492124313562,1.4524049198265896,Feynman44,None,-0.3401640407806761
2.880082926153938,2.7996092697979638,3.902363659905901,1.9675583624261908,3.2205058391102326,0.3778030469312235,-0.4638553902596169,Feynman44,None,-0.03621506560530663
4.889754608653618,4.2508418790668046,4.726679430758315,1.896313277797086,2.9919979065232387,1.721410969996277,2.2377371334410494,Feynman44,None,2.96702717755469
2.1603865024497595,4.361206220456605,2.4486018376291723,2.680016326586798,4.828876632325036,0.22860175603412844,-0.27744975430586194,Feynman44,None,-0.2867141744849302
4.140399378039387,4.3571931931283245,1.8268135189507477,2.1371315329107285,4.2994855101398715,0.8196255154035417,1.9895733634774426,Feynman44,None,0.9351882260049135
1.157786187573656,3.7591662821652077,4.21405616632628,2.497342093841523,1.3835588530708676,0.6389198185927918,1.9542110589486699,Feynman44,None,1.9090431363786293
1.1036526327385667,4.549794089378455,4.609191592175147,3.2161934431195083,2.1456518882666225,0.3815142542499692,1.1711282967979793,Feynman44,None,1.5242423166491634
2.9573589067809825,4.507911710874268,2.375180850265256,4.232986607476326,4.984650402237541,0.6608108634255626,2.314502262699635,Feynman44,None,0.9512532781228621
4.989049552350153,1.318996889448583,2.007801056312897,2.2866684448863586,3.130524454626636,0.589012576261922,0.39181380822859224,Feynman44,None,1.2245824282495776
3.37287127047603,1.8701788998122297,3.3231876643424973,2.675366440954128,1.1712448450722621,3.4990588182980473,4.35169876161841,Feynman44,None,3.6892706265053357
2.276315796230782,2.3653313452918874,3.0622601499574325,1.6215865118965453,1.421113614839761,0.8598419992591415,-0.6721165931516524,Feynman44,None,1.5333755889694307
3.329163618080203,4.861553756307245,2.59137795236552,4.175285651587693,1.4506344277111438,10.469947626386192,10.846361357613153,Feynman44,None,7.25155143896488
2.881882925025372,4.519694419219839,2.4219121261216503,1.4599667630801698,1.716067133621991,1.731282071637539,2.6802032301265815,Feynman44,None,3.322046779706477
3.51696788989711,1.3618371213453981,2.4511325127753443,1.0217768747699476,1.0293961632215982,0.96559618659907,0.7220507100547866,Feynman44,None,3.0109067147977115
1.632735126680581,1.566379737431559,2.942373987030416,2.7952984554918787,2.891996091361505,0.12941671617498648,0.9735542856656428,Feynman44,None,-0.6049966504997047
1.4574006378885715,2.5368324570366227,2.583532972777453,2.5945670611770084,3.206952643656246,0.13155567427901638,1.011954199554958,Feynman44,None,-0.6127754485047998
2.729309992528472,4.584048494126881,1.277001105385302,1.241438294251335,3.0450756250647526,0.4410075024719577,2.4661388897130454,Feynman44,None,0.8140484490832585
4.107997714989731,2.5489037938827206,1.654223743704856,1.5023030118477099,4.353997340560873,0.2988963241639227,0.6117515098087059,Feynman44,None,-0.33601625021559756
1.7501396714132644,2.8121259112033705,3.8051607881000944,3.0028259186967614,3.8729293026270692,0.1639799824293019,0.8406848886212226,Feynman44,None,-0.6731754008575813
2.1342471232726963,4.657394705653612,1.6918969794415424,3.8330386642449374,1.8270121558866124,2.4287555448182103,2.366755499785734,Feynman44,None,3.853906109681695
2.86542628494536,2.3707516989128474,3.70331635321888,3.4218624096395143,1.5744915519346159,2.4488131710804137,1.865960409925723,Feynman44,None,2.8825852685100926
4.775928563166831,2.6427766084283397,2.8016029013549906,1.5195897721547489,4.540205782276649,0.34137240915728445,0.016680683613103653,Feynman44,None,-0.16639455931991048
1.4656757615311387,3.4385869885854996,4.8940254862095784,3.8937372060765028,4.517637592087178,0.1367895869458829,1.595490092153315,Feynman44,None,-0.6195399848466014
4.773574322952712,2.889204872489444,1.8177931608019797,2.3713643978467873,2.8556766279468024,1.7508150009187056,-0.18551627745499077,Feynman44,None,2.4875344951979597
1.7178380238979414,1.9415157198893809,1.0746555015217947,3.5713075473970206,2.274903401566249,0.39216871657936964,-1.3513677382762606,Feynman44,None,0.540820391754912
1.5846331128879374,4.588995822572798,4.589526089656888,2.2845395923786236,1.9930603932047677,0.6350936912170937,2.072609055537845,Feynman44,None,1.758101363734044
2.306920849525335,1.596126894247933,4.051008883233266,3.906089108308882,2.7689708491674274,0.38824453164704026,-0.7403854252136577,Feynman44,None,0.26480995847892597
2.638286832750395,1.1456827958895852,3.6069893812306058,1.4211794309403931,4.355312659925902,0.03668459327248098,0.9160316330314593,Feynman44,None,-1.3312786767484472
3.041669354021877,3.3435950048422307,4.037820108913369,3.4844864426240174,4.795150177923945,0.4362457492764259,0.47912107422312755,Feynman44,None,0.10875582107416364
2.536460728813878,2.8383751823425833,1.4637092207089935,1.51366174164266,2.8039073143037374,0.3322927758552664,0.28487707768618326,Feynman44,None,0.11600333627291484
4.500116199348381,2.160969588198504,2.1535377596742595,1.279133124492609,3.442490180787699,0.357420488472132,1.033730186545015,Feynman44,None,0.27930667757053124
4.950867818823488,3.2227153491716978,4.317504518459236,4.589685418938402,4.6579151358007636,1.5058570748246805,0.5760848006910729,Feynman44,None,2.0074682897732883
3.232429983109038,4.046573572447048,3.022417993846993,1.0092079696805203,4.958362090098693,0.14449473456046466,0.182067067215347,Feynman44,None,-0.6200674413921043
1.581552858407671,3.455936470269577,4.4749088910193535,1.8506390254968519,3.412887807507867,0.12726434116484955,1.4243091969257449,Feynman44,None,-0.6742827790790198
3.2022298155932805,2.9834879650644224,1.510992418925703,2.173399622349123,2.9271985477782465,0.7404932720283847,-0.3117642277289351,Feynman44,None,0.8157563136960582
4.540766299762952,4.445606053533032,2.70610401321037,4.331167473066616,4.269141107844913,2.096870311650929,1.9142066637732613,Feynman44,None,2.7441345735043168
3.3938616759323823,1.1589644811122248,3.532608102495308,1.2488738796398229,2.664519622417707,0.11459441220899612,-0.5517471321740501,Feynman44,None,-0.05717969618846414
3.991376969555361,4.57997945537196,3.4441230111623335,4.8112872136855405,3.1692981982205843,3.3682620145664353,2.3996496412590402,Feynman44,None,4.109309887868121
1.92946338716416,4.223882171456886,1.1842108145818662,3.8084086422926813,2.4941791203324857,0.9643956516238943,-0.5198673636212321,Feynman44,None,1.9729537665828294
1.7733265632343693,2.882816773924612,1.7148983587412578,2.0198579426876613,2.438069928210027,0.2993289970782838,0.7885303991944668,Feynman44,None,0.2077163647808744
2.983167344206366,1.7965244655398611,3.4365884307225536,4.1455878269088435,2.8574105493371285,0.7356788917181506,0.2820682328091249,Feynman44,None,0.9569948088782907
1.178270648086563,4.668756808918687,4.123017339147868,1.834812628815126,1.7717465387494808,0.36680344151404615,0.632835662884941,Feynman44,None,1.6695462476953142
1.2931461699554925,4.477205438012602,1.2567848993575983,4.234005559765375,1.7156478929957841,1.0837554478075953,-0.2769702888715986,Feynman44,None,3.2124587645493277
3.914447644666977,2.6599874526189615,2.7514200249085334,4.685365083337329,3.416026072708764,1.5467264969672803,1.3052206999305247,Feynman44,None,2.0159027734850867
2.1385016882933314,1.9483177128510016,4.555697644812854,3.100276364075112,3.3950338392043378,0.21298948556080546,0.13356447777168146,Feynman44,None,-0.5304605505606909
4.57618353430748,2.306269792874168,2.779536069786095,2.1733357150413335,1.6812941247185065,3.053557294624277,4.666333734016879,Feynman44,None,4.276359506174441
2.3547581294855857,4.776292325916975,3.7842832894615643,3.6424100805439275,2.6117198305173166,1.3752988631416074,-0.8853241371828324,Feynman44,None,2.425437920002571
2.947479828666764,1.9074939359120036,1.7030362514133195,2.8233703814337985,1.3247402063756226,2.50588630011131,2.702230425135791,Feynman44,None,2.920123591289517
1.5529618558712786,1.16811626869513,4.267909254455134,4.485613108034677,2.491495744612652,0.1861915801663507,0.9326856576868734,Feynman44,None,0.058394295704615434
2.0894817218655963,3.8682076011085353,2.0594043587022046,2.3014453728999893,3.7395740502749812,0.27091408149092716,-0.5461830818544811,Feynman44,None,-0.18310997845704996
4.703209349615113,3.54467277623191,4.655888270490337,4.691294216211928,3.0154070159806374,3.6843572925291994,2.276637788119267,Feynman44,None,4.270387349968667
3.6053046490722376,3.875062211853887,4.848725829910352,2.2195922801817125,2.622590128912758,1.3948972381936329,0.6881102724306423,Feynman44,None,2.091914267781403
4.981796972515623,4.095846806585282,1.0413435634600137,1.3364898057685948,4.235642497841184,0.7108515496447696,0.2620877760535786,Feynman44,None,0.9327426966322475
4.794577523491164,4.776714959507174,2.221283027838137,1.041004005572971,2.1790391485388563,2.04706857304377,2.351232855701058,Feynman44,None,4.825649401828174
4.931169956473848,3.669404455143373,4.6019621083855125,1.014570583049823,2.236886465539469,1.0854929096898214,-0.6211602582735445,Feynman44,None,3.6000731835594597
1.061920867053547,3.509007558187402,4.0886516605352945,4.62795623031835,3.109333662612602,0.18786707063585398,-0.450036608174726,Feynman44,None,0.27244844010975394
2.6561181096126254,1.2340468187334568,4.622264724293226,1.8484846188196924,2.731492471461575,0.1381459293195175,0.6927883095616804,Feynman44,None,-0.40878328972878875
4.940576522426554,2.3483109364860466,4.446177435535901,3.1361124582376934,2.971800003917802,1.611421384511724,1.6449548135960175,Feynman44,None,2.479013009295667
2.7004777284659727,3.918259317644051,1.1598639461103586,2.543013059712967,4.194113800316826,0.4081631040059815,-0.4346656957863551,Feynman44,None,0.10065636445045063
2.1711644800795242,2.2346272603288004,3.3609827893725353,3.0701034076445044,2.6808567787811537,0.4184254883396238,0.22589323956021223,Feynman44,None,0.22008541363692644
2.709262490577012,2.7247713803903117,2.7921917101533476,3.281415604617805,2.8676884098732596,0.7553732569424428,0.1981814751221952,Feynman44,None,0.8054196891746396
3.2392068131936735,2.286304681273963,2.871841594530787,1.6146536594947603,3.9173781746550915,0.20787631656067065,1.0772589394895835,Feynman44,None,-0.6099603255474987
1.4931130294283377,2.6518464781764264,2.7562196784149804,4.127526430743737,2.985499749545839,0.2691726920527393,0.4598374194301242,Feynman44,None,0.11026287999538793
4.969806208705151,3.3840204878827422,3.39630938465266,4.078894916134853,4.940302374376297,1.2820377925187816,1.0180842078154102,Feynman44,None,1.669711532512441
3.4129406065218615,3.3772687976184708,4.921622668044536,2.242586785790264,4.432532365833634,0.3793755290016729,-0.4090285153847419,Feynman44,None,-0.16423525785036694
3.6786204494336694,1.292335622997351,4.17977711972317,4.45533544909775,1.3881772533159373,3.2876215036601346,3.1801005423144675,Feynman44,None,4.491069360901767
1.7460815658260196,4.592367901218198,1.1420923819558566,1.2761376951017493,4.949683854355396,0.07191103868634371,-1.3477063748127065,Feynman44,None,-0.8950600599206384
3.8757168759013587,3.578041783776427,4.086568326403313,1.591540722967153,2.283874252660576,1.3208737299292097,3.0937343829980977,Feynman44,None,2.4482723697739197
1.7315493901497683,3.8876517745790995,2.6442049169150588,3.99829728245566,3.0024261736015236,0.5116443153010494,0.12632120656275725,Feynman44,None,0.8895776926546026
4.518270840608421,2.6116935446583662,4.298264833554902,3.2672741445948845,4.542955065105362,0.7096561518444363,-1.0996098483272068,Feynman44,None,0.5904264229959026
4.3132011887960875,1.96628465146305,2.5247671843229647,1.272277056993845,4.875536995940344,0.13752774823191175,0.5291009951673706,Feynman44,None,-0.8293867466894076
4.248550238259932,1.5005715448432215,3.9004987293129965,3.9888021935405202,2.570341503246621,1.3185852541611385,2.1551904102881547,Feynman44,None,2.4439837835365275
3.2801494349693776,1.520784317054881,1.8433985334816443,3.579302678426401,2.1047424903921175,1.2246159137604693,-0.34643815738054484,Feynman44,None,1.9909070018261668
4.97559837824831,1.2542148445737031,2.9612422524946167,4.938690498177788,1.4532983369752097,6.051561715412525,7.852111973460673,Feynman44,None,7.192566336305341
1.8237175787576296,3.8069953149575255,4.391097865301221,2.331304028327789,1.645191259810781,1.0275603811982976,1.3930676621459828,Feynman44,None,2.0048243352374904
1.0871578962072426,4.5753385853421875,2.9845557521468327,2.741533692960582,1.5324185751477795,0.6265806806348017,0.44577473730933265,Feynman44,None,2.4608721287137314
2.5012946996315226,4.951553423430948,4.545384977559376,3.4506280426503935,1.7888488785675762,3.208650360135721,2.9927408061957825,Feynman44,None,4.341794600800313
3.2119209638196935,3.4581446157274836,3.656647583538268,3.238010664209191,3.354356508119606,0.9558271750333497,1.4681124957317513,Feynman44,None,1.0543900029500877
3.9353793676502185,4.861872312699764,2.4158907578027926,1.8857463699633112,2.0425189552405456,3.171733314120311,2.0938650710267384,Feynman44,None,4.605334232635196
3.8165540861217164,3.1431004634405335,4.985148322581198,3.1799127069532727,1.706330246910615,4.337525963725828,4.647549227587515,Feynman44,None,4.396673910980515
1.7520635086173466,1.2717779498850326,3.031778909600781,3.789155343645754,2.9293924044399735,0.15978894993256718,-0.2717576187713703,Feynman44,None,-0.37700102715973227
1.492098072642651,1.2977421399146838,3.2344842232003845,3.2100031553163335,1.6848627860610343,0.3014433861833573,0.04827102718081966,Feynman44,None,0.5288967363956563
1.0806164636883007,4.454081528359586,2.7457194985440685,1.2940038367622688,2.2269618555442157,0.13194677665039523,0.10667684942482425,Feynman44,None,0.5973097060863561
3.0063214880750757,1.5557426050894776,4.1052669011490535,4.941052508874979,4.453567581517813,0.311489885908455,0.14757827267198886,Feynman44,None,-0.05558991580164462
3.0727617363792956,1.5497508103297197,2.657003546871417,1.2404621470778174,1.8539516292215947,0.37445206402176384,-0.15108359180522296,Feynman44,None,0.9972078954326595
3.7940812646748254,1.5644185017785777,3.7801476367733575,3.37503691710579,4.266711357606806,0.338146447467913,1.505302334242071,Feynman44,None,-0.12123070695972897
1.508588652956539,1.4628112698313358,1.056991677256514,3.312579755377526,4.582976541579653,0.05181780383448217,-0.4825264629638788,Feynman44,None,-1.101024954115292
4.308662002293233,1.2816855966057692,2.926279298682191,4.744069707072944,1.332774989961388,5.434643355233982,5.249958330274553,Feynman44,None,6.080210223559127
2.543804098088302,3.2211966068367346,2.3554429719236536,1.081933398288978,3.828002188798718,0.13557189861333868,-0.3610129067982022,Feynman44,None,-0.7037663696451747
3.2798280003809035,1.4722367489163966,4.241975457721084,1.1371544046923137,3.0020783919758998,0.09726136623604174,1.3931841392249535,Feynman44,None,-0.4565549034193023
3.285550516523372,2.2527077486302423,1.6803332807018312,3.872290994040128,4.449427507011818,0.45806245360045555,0.36015857350029545,Feynman44,None,0.1409199536492516
3.804416079886432,4.68913939416908,1.4993259683666973,2.4243662496973846,2.9124822284191265,1.8879259831357613,0.10974826225774592,Feynman44,None,2.7770766912577574
1.696860830781663,2.719397191394496,2.1317330297261425,4.45186768953846,1.1247605341747988,2.7259656884245316,2.8712947950329557,Feynman44,None,3.426202590635601
3.970304647324272,3.950837314702827,2.3596250424777008,4.082006818202574,2.713124754367924,3.3399544438030286,3.647768344993935,Feynman44,None,3.8506971223903106
3.4697678309887814,3.765509407767625,4.960382804502585,4.389822749263232,3.159129550037658,1.8576132141769608,2.645861784263923,Feynman44,None,2.4388310145143466
4.362779927859285,4.2114175192863215,1.6642238922283155,4.672090244987505,4.610232400454995,1.7334264127115027,1.2092244828107086,Feynman44,None,2.410397332737719
2.2775865733062384,1.928784542330038,4.351747048713815,2.8662824828654068,1.1402900819737916,1.9310340669818231,4.117516292259372,Feynman44,None,2.3566443892334936
4.514569742979892,2.5772514915628526,4.534365261460916,4.691161891424155,2.567030329564429,3.301258904733827,2.640883558215618,Feynman44,None,4.103558360566415
1.6903623072483729,4.9645363784836825,2.440387584284716,2.9939469786126223,1.8821818827364676,1.1880441828116428,0.8592328309131941,Feynman44,None,2.9102037535229717
4.460267239319148,3.184166413027042,1.5342511766044002,2.3324057792128317,3.452438025622793,1.1661024082424345,2.5455985689211005,Feynman44,None,1.4353926582258814
1.2067681117594078,3.6431551486295213,1.0401030224269365,2.34701967074547,2.3194653368659757,0.23178401008236985,-1.197396629700351,Feynman44,None,0.5475757309175376
4.3112038401665345,3.2095104128761913,2.8215190386454703,2.036429096224779,4.490020829412407,0.5245681916097592,1.703969520093556,Feynman44,None,0.19724064253090973
2.887405951514791,2.1510384025454896,4.577566843632722,2.7399307911716715,4.2111030747173945,0.23361687825345162,1.3637995730984096,Feynman44,None,-0.5986742118457267
2.8078832337620225,4.226139269527413,2.9678512453828714,1.8413877459005983,1.5494705156597517,2.374905477834305,2.822306963784744,Feynman44,None,3.530322856810629
3.0970577839855107,1.728584769241881,2.039664989125841,4.686659579947931,1.8969055341377672,2.0551086121522584,1.7318331603767847,Feynman44,None,3.000112792681437
1.8044007147428722,2.5827667516284483,2.9589110510119796,2.0791604321188317,4.888386000000848,0.06842178560285583,-2.0397595547692537,Feynman44,None,-1.1181044450675584
1.2430809472230222,2.3858537823005515,1.844451890436802,3.657641806237598,3.329051595289196,0.12072331769659962,-0.8459039825226817,Feynman44,None,-0.505998138063168
4.622615621353161,2.592266475664962,3.46164182725306,2.396978850598897,3.9582090873720888,0.6946792874768698,0.8956049050969548,Feynman44,None,0.5960242593200086
2.7329292151135083,4.33045294225777,1.8491482513101567,2.967662633326031,3.0801263853898133,0.9933600623742116,0.6838775560832757,Feynman44,None,1.4647797873635806
4.742926279044083,3.991192437492457,4.283335131089592,1.6689597304427393,1.7122358837486638,4.023053225022174,4.431177364887615,Feynman44,None,5.640971934156274
4.703557942910026,3.4319184428590934,1.2093854962395043,2.6377608162251653,4.693357941057914,0.8759122899394991,0.42887123860518434,Feynman44,None,0.8762371777111112
4.732255236756227,2.1660914041873736,1.9193485670894779,2.629361970179933,4.07324918894796,0.6842293798987934,0.9548276364513193,Feynman44,None,0.5577142344673017
3.7489176771385853,4.979490957821559,4.754438745906324,3.3108025391486073,4.770056963862773,0.9455463460282248,0.4160812685773053,Feynman44,None,1.3031080984534762
2.9881992308674814,4.516550235430792,3.5389945379801406,1.3721996132312078,4.725974829162423,0.21850216948399562,0.09146975753968434,Feynman44,None,-0.37973639453998304
3.999346131380562,1.7783632285683812,4.545146417187994,1.9629256423969537,3.14188220811579,0.36804380078050375,-0.4064284982591589,Feynman44,None,0.30936763685208934
4.684426597839618,3.211868377205067,1.6584475227249582,4.44361592460238,3.1224081692462637,3.115875414274034,3.3765692929323468,Feynman44,None,3.666000143255659
3.7182097519386867,2.9763977087495697,1.9434537721852703,2.9873931008697876,3.0671736819062496,1.240181724242577,1.6027289018993658,Feynman44,None,1.4965117539750807
1.4555464213634193,1.1491694507942354,2.4700128837566635,1.9693780930150275,1.2063860082742042,0.2933830659809316,1.3159222824398404,Feynman44,None,0.6760612257676699
2.966805547095058,2.446839282014149,4.6047464817349315,1.6122365473204705,1.8298266222256556,0.7876363809192823,0.026835456471173913,Feynman44,None,1.4766201585287009
3.5045302537431344,1.4154209862526113,3.977427853531854,2.531010476505543,4.997293024198458,0.1289086403725774,-0.5770992647125996,Feynman44,None,-0.8235724077934241
3.3074491278790945,2.653700546693022,2.522187338544202,3.4382068228397493,4.793660201990861,0.40884135282707956,-0.3110916612489718,Feynman44,None,0.009993163278727757
1.9776320116393666,4.582240296643103,1.5009614283748696,2.8062917439874373,2.3608952787191035,0.8975244924088199,0.6736405973996934,Feynman44,None,1.9283576344450024
4.719593697966731,2.5171982628738787,4.349307025610009,3.7278199073807468,2.9460682828570635,2.039877802616022,1.001151353429562,Feynman44,None,2.8157718016376263
4.048798767446768,2.071907535427963,4.0048955139874725,2.080643928937865,1.0003044120844677,5.2263262590847175,4.426914281014919,Feynman44,None,5.023492467326207
1.6626238830509261,4.726485357507664,3.0968692889720737,2.2576577785421033,3.9705377319213557,0.1823909242641842,-0.46614017059812596,Feynman44,None,-0.30363089901232876
2.3350876656635893,3.548383869803732,2.717721329540582,3.2537372820388213,4.453895326882234,0.30768399452484574,0.013284410256662882,Feynman44,None,-0.17446608100359942
1.6124233735694884,3.478867054146789,4.499243455808937,2.1506247543322856,4.591734413385037,0.08645005008561002,-0.6846595141357137,Feynman44,None,-1.0266402731418478
1.7228957635259192,1.2410463228076245,1.2487874225739808,4.945495646345656,4.2087844965357935,0.10132843924580788,-0.4884808649415307,Feynman44,None,-0.7002281407816741
4.1330377440152075,4.102034549896706,4.918731847562848,3.3532242675661466,2.8947205988741396,2.520047350692706,2.174075608655703,Feynman44,None,3.1886395131846705
3.4381746675913654,1.6271073695210898,1.1236540801701356,3.522056980337783,3.7257989069914963,0.4684070274139603,0.15484534948195305,Feynman44,None,0.23347245184067975
3.625002901966132,4.014133119828944,4.907069138419718,3.9090443018082577,1.1529685077136844,14.340936921199683,14.401962638025564,Feynman44,None,7.354058895472322
1.0235045126689086,2.6512561430790558,4.394409254834672,1.4767540792349534,2.089257122993489,0.08676605130825106,1.4619328283044628,Feynman44,None,-0.25001651632737837
3.4698000181597584,2.028062490220614,4.328043080742054,4.351009133556743,3.981400891761554,0.5912421438026351,0.8176506091288237,Feynman44,None,0.47963007433892696
4.919291603590493,4.068962337339608,3.2204828841808695,4.463428413571851,3.951151279176051,2.658976345066954,2.5066266324937154,Feynman44,None,3.275043890416311
3.3294882690704433,3.475750061096684,1.6141491091838835,1.9991541357469664,4.717939538604012,0.32948908606711924,2.0673357797386385,Feynman44,None,-0.1938384361751568
1.1034654705184712,3.4785982011523697,4.927203382439506,4.551292480467246,4.504215684394792,0.09366899976708637,-0.2887070890199176,Feynman44,None,-0.6521245416596663
3.849946604898095,3.922657221914927,3.5542464630638357,2.5486465784807164,1.4924793327730552,6.0328406099462635,7.4089499733583875,Feynman44,None,5.413339017774449
2.6410064562784012,1.0579897653246046,2.602539786789713,3.499840340203594,2.447653399750437,0.37543832105013414,0.9482556847808721,Feynman44,None,0.5433289383409389
4.845483972005242,2.800628001330277,1.7138965090821263,3.1049772245770337,2.7189265961079454,2.5910171491490517,3.941962722114477,Feynman44,None,3.3030464752817092
2.523624245818516,4.685285300663093,1.8337430226722944,3.494755384030048,4.734891760229896,0.46076364713969176,0.8387035016316697,Feynman44,None,0.4696809372875395
2.9668500831984947,2.422975133505419,1.1375309622023213,3.4523171763249203,1.6002007510035425,2.8208759986416667,3.8902280333794472,Feynman44,None,3.168094878679303
4.719715481818673,2.9862590840251526,3.535957383611865,2.4097887101141358,4.310443165242565,0.7227439479277388,1.456236316271316,Feynman44,None,0.5962426363292473
4.551307975548463,1.2015186640738054,1.7044341238895178,2.227783141945415,2.183412260379319,0.9274771564685031,-1.766554942242736,Feynman44,None,2.3947520510626723
2.4576976726392714,1.1928998707523686,2.75472718377156,1.0320116843603317,2.357925094492271,0.08475190748582967,0.024819267417165475,Feynman44,None,-0.31367567087956744
3.7078547097688492,2.7212272870961143,2.786226620201064,1.7401438957361735,4.127492796188002,0.3238507072969053,-0.06043230981737635,Feynman44,None,-0.28563047212754816
2.388698454510002,2.811229841738427,3.365037253469507,1.6852862543342186,3.8824132132425526,0.15828363375668703,-0.3233279205926002,Feynman44,None,-0.7769671415193412
2.247409609443453,1.8151474376026826,2.773241995712707,4.8274376036399405,4.985050383694516,0.17042778379155152,0.882110660190649,Feynman44,None,-0.5203513893616261
1.4581682320240583,1.9278749438392726,3.935366929614023,2.0554551349172376,1.6615965077417258,0.27494331287699975,0.8762791973450734,Feynman44,None,0.3557120917740154
1.4539006050482484,4.357140231994025,2.6425505300498497,4.948048490622474,3.3351144341914583,0.4092703896859468,-1.8043637017783034,Feynman44,None,1.0318912934987938
1.5232767354712982,2.724777633982556,3.970731345788804,4.9896937962899575,3.4122445523137,0.26492118541469806,1.205146141558281,Feynman44,None,0.09326842676880855
1.1241729449029116,4.2402741256024745,2.5847060548006238,3.1299182153840865,2.368571929305494,0.2976678054080054,-0.12144564046027506,Feynman44,None,1.0261004119530204
4.849134008745391,4.614442205314467,1.8979407917873714,3.1015333841515007,4.310879301290032,1.7425243992099673,2.0008791855905055,Feynman44,None,2.2893372136536567
2.362493413693887,3.443150042120017,2.852939398572233,2.250076846881952,3.72717733867034,0.2940500019084765,0.5054988189108769,Feynman44,None,-0.26144182400241406
2.368313469874876,4.393981812279232,1.3243189597241791,3.526610505573494,2.9100559977382296,1.0232408321864015,-0.8148891121557671,Feynman44,None,1.7431688300954828
1.7689172134929945,1.8625813505041973,4.715961905585321,3.0981941384278957,4.241602376069695,0.090440109350082,-0.056482017027710926,Feynman44,None,-1.068853893686226
2.360183893193333,1.8984224203640148,3.075604915373179,2.1181618209007915,2.7038540254501524,0.2679767374267695,0.9458582599623779,Feynman44,None,-0.16434015916616146
2.6361351011897063,1.7462233895754813,4.468844528917902,1.7055140341749828,1.500445354869699,0.6688022320857065,0.3605008275015454,Feynman44,None,1.3596624986466261
4.610586202825356,2.8682930803492805,3.60419542102165,3.739527282733663,2.944794159452889,2.3490960155143528,2.3961191276029177,Feynman44,None,2.986112101194391
3.023529074526379,4.364729568633066,2.4270391145248995,2.0529370424944244,4.5567265930930105,0.3742356980501562,-0.25918354763540563,Feynman44,None,0.021901885817658725
3.7601108810617347,4.276106983790208,2.2228390402582083,2.621815702352453,4.227756176971499,0.8462770300687549,0.37019006592395237,Feynman44,None,0.9321352545090535
3.357544127271547,1.2200532300102833,3.67046001524047,4.675889200797995,2.3339546070600687,1.0023224319400665,1.39297299306675,Feynman44,None,2.0937581549831648
4.578197219564338,1.9539717974189532,1.9356085080267897,2.1916777916559282,3.1475824763246876,0.7750951946589488,2.2487407925841465,Feynman44,None,1.1108814838263747
1.8939251710108085,2.9635582278812618,4.379287059663099,3.0182541576901976,4.965928525273852,0.12233602907593635,-0.2821305289494259,Feynman44,None,-0.8302024843223232
4.804361806172048,3.3607571298065424,2.4397459589515322,1.360830919269448,3.836862202914014,0.5884077539564299,-0.08644658131596783,Feynman44,None,0.7105143949197945
4.414471525401446,1.848723599949484,4.058803793372651,1.8730062739590294,2.9488579250212967,0.5064390321373906,0.4874725034942429,Feynman44,None,0.9051871942264693
1.09697374474184,3.4861985287422588,1.3793904151949574,1.2777162867896696,3.8336966255529354,0.03596257671506008,-0.35537364907064395,Feynman44,None,-1.0274891119716831
3.9846901315640757,1.2328982886184963,2.048542409991073,4.432864221691562,4.447145008672221,0.39382047916723634,0.34507123860355143,Feynman44,None,0.2839644079394935
2.599458116407838,4.789028317930994,4.987963508313707,2.1152991430928574,2.6123001716869334,0.9163339395029594,2.171808855926073,Feynman44,None,1.7214379387608911
4.668751544381978,1.6285846364448702,4.92796449434244,3.145178623734036,4.919050630018491,0.3201488931421505,-0.9209387194213721,Feynman44,None,-0.07800961443455891
4.581668052930935,2.6022491784614723,2.9728660747004074,3.79449172503284,3.2535175369958815,1.7741854912979707,2.6004390578651577,Feynman44,None,2.3025902641974443
4.74904908320868,3.9697832398193738,1.2025013221164311,3.353175155347939,2.670979885468736,4.1198778466797,3.401066644718036,Feynman44,None,4.542339918600409
3.3152812593219387,4.0022752756346875,3.328969666911584,1.1593815708137196,4.174643948264444,0.2439190030404431,1.1970889017542112,Feynman44,None,-0.27234844535649283
3.562716567895718,1.1216336066620518,3.1209345932793386,3.8070888135941825,3.8389163622532028,0.3007431129536201,0.7902091327989436,Feynman44,None,0.018703629453395224
3.9142479906773064,1.6655301337336086,1.6583063728279495,4.143934503536954,1.991675070333704,2.503900570380152,2.2140149160935687,Feynman44,None,3.5165648882734217
2.734896097267208,4.067921360518081,2.479504483173453,1.9859212841719862,1.8847711632946047,1.6108921491436232,2.3219900580421404,Feynman44,None,2.651798611508285
4.798029758478304,3.615126442440779,2.2289729337710322,2.9910108979211945,3.948452411622242,1.4937682998517245,1.6052030445901304,Feynman44,None,1.8079005119883564
2.5280937629965443,4.932475532510362,3.8213516110826165,3.188745505262548,2.035532285368614,2.339995145925943,1.4841818920177077,Feynman44,None,3.606755862860446
2.2071187734174775,1.64261629064399,1.461922807668861,3.6411097141603124,4.549165044691858,0.13660924809452363,0.05962248334192198,Feynman44,None,-0.7297283664488452
2.8740367735702863,1.5855147120882638,1.4505476359912608,3.3928624684425395,2.5800618286433754,0.6354812790315724,0.891472540996651,Feynman44,None,0.8316458746303554
3.9388359413702903,4.975852005125647,4.8750647689041156,3.221929612219403,2.7150889715878366,3.10312924212973,2.5797052918659054,Feynman44,None,4.025676572364205
4.81866883775923,3.4267208702727,2.6962397259590793,3.9600198141791982,3.2030569200616514,2.8806604684845625,3.2462523274972375,Feynman44,None,3.4313567741254274
1.6315650689638042,3.862819497920643,1.0426194722171416,3.330994310398405,1.6707494905932565,1.230233691740462,1.2861642955717352,Feynman44,None,2.5469988816876596
4.286934000077764,4.920861790237796,2.2605175019776937,1.8211031424812987,1.4978887655110547,6.8155663434083715,6.80817543611433,Feynman44,None,6.886561046552773
2.2263855846784146,3.439215644898966,2.535080025011795,4.835226929690574,3.1102061460943395,0.8402651394672139,0.6019927097293356,Feynman44,None,1.349266979494732
4.028970691585508,4.231122844314452,1.9261172281643906,2.7590896184953433,1.9131011093319659,4.97345161614699,6.006046825379779,Feynman44,None,5.104409687500634
4.220191884626649,3.0072647731058395,4.086220151408565,4.8110736956891405,4.044192326468952,1.4496780920597065,-0.5472738643291866,Feynman44,None,1.8787726904946886
3.8487896429603587,4.54605570715457,3.7899017957582917,1.3442141709310809,3.4063792688395846,0.649775218260342,0.9673636078268447,Feynman44,None,1.140391031414969
1.3233647947464924,2.860671339133491,2.9224607315074453,1.281477665414628,1.0200507482937318,0.5741484805055157,-1.1895827741810379,Feynman44,None,1.5641237218421862
4.440891123155398,3.338076640237941,2.454561288040131,3.016081681252989,4.781847180216916,0.8061827105347079,0.0429326100327474,Feynman44,None,0.7769286802894201
1.893301907587269,4.679467197647938,3.370321708288719,3.259781434442685,1.547966811389076,2.2359614168124957,2.9115846172112043,Feynman44,None,3.723796301343288
3.6097095707481177,4.973114451728611,3.5265927373370562,1.7293126073826195,2.285411069796707,1.9277816286044196,2.1666282578126212,Feynman44,None,3.494114464118777
4.053412009129079,3.057411795161854,4.575368045610389,2.940054805910512,4.314747845959285,0.679027275770139,0.4803622074983285,Feynman44,None,0.47719647976541396
2.5506164145558743,4.667505277159242,3.944879748543689,3.6679611027519434,4.383596340498962,0.5602335107491537,0.9995135099240431,Feynman44,None,0.609602293926257
1.9787067448583495,1.090964898673716,1.8724849636403986,1.5201607631109133,3.763230188767017,0.038685340259194366,0.7913798232414193,Feynman44,None,-1.2141623271993784
3.061701505346688,2.959634250040176,4.9116396919722805,3.0342509286254598,1.214258878859503,5.048188685761509,5.085198840613898,Feynman44,None,4.219216481769533
2.160534439232946,4.160920418112923,4.2043242184323315,4.6880293890118745,4.3751953239268575,0.4643169451712704,0.934047339872359,Feynman44,None,0.5120754189688714
1.2156222821897082,3.3303351388053493,3.305278678315737,4.792554836525556,3.701222560635657,0.17097515333168548,-0.5180362861270447,Feynman44,None,-0.10970750876472866
3.0962691973376972,3.8176846813053573,3.164792681793158,1.2363821719179287,4.41424545713209,0.1985621648464993,0.41918021073125833,Feynman44,None,-0.512665912563208
1.0851370883321838,4.121947996676729,3.570152908110321,3.5851915222784623,2.6506044424864075,0.2457553245191844,-0.7555671854565473,Feynman44,None,0.7087955649124389
4.360495475773858,2.068440922476842,1.0353129195922444,4.374161040345973,4.7033154790354,0.757082579575651,-0.8548347392951664,Feynman44,None,0.8779157345061955
2.8200888577013212,3.577463651614097,3.0811251625730463,1.3854097262786786,4.696450808748837,0.15697950230824537,1.4280024368270987,Feynman44,None,-0.7153415687666885
3.0230639475303382,3.327841595883654,3.7920826453562126,4.052164176712302,1.5756461908526767,4.696951933998935,5.430305745315255,Feynman44,None,4.406074542703344
2.5942611528047737,1.1000351242704163,2.137605329674801,4.983591001214978,3.1452353360609453,0.34829059364978726,0.6091648770982121,Feynman44,None,0.44628465439596476
4.287969399126065,4.945770005326311,4.65769687832384,1.9601454878148035,4.065051314057316,0.9235297312389037,2.294107098028834,Feynman44,None,1.3539770700612421
4.145129981643162,1.9332388248326033,4.077367098054358,4.581106615802509,2.3988664298969513,2.2929733579873055,0.970814469689568,Feynman44,None,3.35843634182051
4.5259923250996215,2.5130319036913553,2.6819707120040017,3.8799350158966135,4.138841934742333,1.0682123309814964,0.38837233579081487,Feynman44,None,1.2274399324801473
1.9318859637776415,4.653201019620109,4.585029571290434,4.071416084933778,1.8136080086752675,2.0980459554635544,2.389910127396335,Feynman44,None,3.664350604334491
4.809471564107039,2.917312465491567,3.4444012741199397,3.49445569791619,1.0786029632631307,17.995548678286273,18.754844098009382,Feynman44,None,8.413473976352135
2.0879244446299174,2.6604877669635627,2.3334518476076584,3.4794921867930966,3.6192609827404665,0.29926167033285467,1.3412707145764688,Feynman44,None,-0.19417570001168125
4.781334888522002,3.550923841038401,2.8712793344395275,3.3673778960277736,3.2714382706576726,2.358689719393994,1.1636727692876376,Feynman44,None,2.9144434362315828
4.688523082717124,1.3923755480674052,4.363270937044719,3.122087655394488,1.5348118364324432,2.761353192331346,2.873435508615284,Feynman44,None,4.81549331597302
4.440491254848828,2.8605015745972016,4.698814593464081,1.7424064192252127,2.503394623997173,1.1179287280676384,1.2826079255706777,Feynman44,None,2.1938336339903914
2.644910075246728,4.82926728532754,2.6623134236547075,3.648179311556224,4.034018722491458,0.7432201676658156,0.9182017976062108,Feynman44,None,1.0459594274628525
2.663433114100063,4.859672436185367,1.314597013121035,2.382736899784921,2.402552547564223,1.4074371291716554,0.24886194364591074,Feynman44,None,2.560152993273511
1.7652188136156526,2.239933546947036,2.2688720479035087,3.411785765487793,2.5641578249510437,0.35187374190202036,-0.19029213299828662,Feynman44,None,0.2522892044117635
3.054830246830338,1.8694697255438464,2.155477314861015,1.5427664435066464,1.324061397851127,1.28999669451128,0.23961849250894152,Feynman44,None,2.2985997774232168
2.314281925217405,3.7523983113781796,2.6531355712813305,4.874409461789693,1.6779999803735994,3.431836039520919,1.5530542005077972,Feynman44,None,4.24710798629568
1.2664803003937575,4.823249486524762,2.9784177763323507,1.9708467118264554,1.0704889177842376,1.305987813771742,2.4835002476120778,Feynman44,None,3.5021540285919035
4.7877877038106345,1.5740083896866444,3.3359783835763004,1.8106059114637318,2.2953928881212047,0.778210080106359,1.5340046043543327,Feynman44,None,2.3141381922027873
4.2847362058470715,1.8047776401701676,3.8856593307017877,4.331862659490009,1.6929355522860123,4.262765383386598,3.925430321606518,Feynman44,None,4.994383368734113
4.176212242827285,2.6967907678348513,2.857759317534401,3.925996724277358,3.2284854879920237,1.6387987638747488,0.6408695801868395,Feynman44,None,2.070445569344543
2.0992420745565563,1.2901946308337822,4.895572315072737,2.3481748595379632,1.649583531847874,0.3749439566522101,0.28106158895485783,Feynman44,None,0.6484455544545413
4.064314388756019,1.1743646761579876,4.261841146961234,4.134471732351073,1.4554930144950364,2.8494909615481534,2.8287226677812605,Feynman44,None,4.613463850673058
4.480980420328795,2.585455182597475,4.25257724465716,3.589309073524712,2.218679002655294,3.2427093672805456,2.0227197153290866,Feynman44,None,3.981071274609306
4.121837198568846,1.0225022488989262,3.126940267880736,2.582907795164469,2.2047411854683348,0.6186111956572854,-0.9039077675531261,Feynman44,None,1.8702894781236565
4.834016477481963,4.17633626467168,4.34404604463491,3.282370022480335,1.9571243981663375,7.482493432331816,6.376795673780551,Feynman44,None,6.642296595168716
1.0230331445411203,3.5981911579250823,3.5498839250662777,2.754505706418687,3.9618857894154065,0.06502475531631888,-0.20556740022053924,Feynman44,None,-0.8688098337709116
2.994690797156673,3.3404491639196228,4.259415270483852,3.024014362351851,4.117794085073623,0.48875675747370667,1.7370333249704504,Feynman44,None,0.10822883540004777
3.530366717083683,1.5269272814741153,4.079686648710474,4.407733301919096,1.524267872432464,3.070403685163388,1.6231585280374885,Feynman44,None,4.033085031934607
2.8776135041804856,1.093350242600105,4.202183059355486,3.254055172733911,2.2140690386366777,0.4590108326691833,0.34564959007651974,Feynman44,None,0.89026333187904
4.592284495240673,1.5044257372597372,3.882998667276699,2.325702137199984,2.7740926939935493,0.6301800224034257,0.4589734946478147,Feynman44,None,1.4313549177521212
1.5091468573422513,3.2219178560875323,2.947475223484674,1.3956358194803467,3.341749156019654,0.0857957975823437,1.1109561305758064,Feynman44,None,-0.7841677066866009
2.5045757283593786,1.6244291765277876,3.084075894747335,4.685379186307399,4.501264488797581,0.21998791094948256,0.46351873968013957,Feynman44,None,-0.3942210955955651
4.757020868835806,4.455272583569878,2.9464794700904027,1.8136219008518486,2.190362865455985,3.352976417778507,3.9065005258396788,Feynman44,None,4.935500511459812
4.523833738599649,2.8233300707575726,1.2120589192206945,3.6222793220541476,3.1252248410022294,2.0798567922821514,2.4524513637854524,Feynman44,None,2.589766730379108
4.416013398503946,4.280018163711443,2.7767279361596664,2.656201898697802,3.713086694802498,1.4934415676930006,2.238991432409343,Feynman44,None,1.9572740196186946
1.1362131672417277,1.2349983570837204,4.422851881754761,4.155130575282497,2.2638014492775556,0.12103486356628906,-0.5298619896642267,Feynman44,None,-0.08955952245644928
3.1985240378079136,2.4191376932164093,1.2030605511972685,1.3775741670653838,4.1274204715884935,0.18471445609384046,0.6711219748917876,Feynman44,None,-0.6685958177363968
2.112487877257987,1.9849339842617049,3.376029631909299,2.393618385282552,4.724524923504848,0.08520482813441026,-0.6370320478984741,Feynman44,None,-1.0906328017880746
3.928560000035615,2.5417202215198063,1.595195360078943,1.6286072236710596,4.545534063953892,0.27705759720046813,-0.019610216693899285,Feynman44,None,-0.42424847305192226
1.7343174292613295,2.60200140192922,2.6898831059952344,3.2438849849918165,4.359190562239327,0.12950226400191167,-1.4764683375078151,Feynman44,None,-0.7861564624019007
4.128544347129984,3.724342962785161,2.69933605669287,2.2044769693265387,4.221910782929647,0.7126499652449257,0.34586428129757163,Feynman44,None,0.6156829905885871
1.0386337679150675,1.5201689949469883,2.2526340297585024,2.1140899969125093,4.540507197408267,0.01607047595009892,-0.25386334727833915,Feynman44,None,-1.4331706988392512
3.256118948716321,1.586286269347581,1.021581502805709,3.311870459664327,2.509573857432645,0.8517059562734179,1.3494804500229791,Feynman44,None,1.26441045921518
1.9290606835255333,1.4077311098613356,3.4076515049512843,3.800932510638191,2.672582800241372,0.25573452376554884,0.09368571930714784,Feynman44,None,-0.007836532791242289
4.287536033513415,2.060461654291255,3.1018826442741414,1.7958971226004028,2.1986545486934923,1.0566509193581848,1.3068961661724834,Feynman44,None,2.200254137942022
2.6382073491664952,2.6189754937376106,2.6979009403456167,4.241651476700767,1.2295032430155954,4.922590166189,5.313346854953159,Feynman44,None,4.215968526596458
4.610511896345378,2.1497526186261626,2.9266535183811446,3.483505027213497,1.4929427116976073,6.248251099001525,6.863250030186393,Feynman44,None,5.77385073697801
1.6611801753797133,2.1201307433148115,2.6673448467993217,2.781815629564915,3.6526356116761485,0.11635602407436764,0.8251201620150215,Feynman44,None,-0.8384078786488326
4.291681891863547,4.177264237991778,4.612049838372941,1.8484880989159258,3.5101617546415103,0.9471339051882641,1.0178963674616233,Feynman44,None,1.407072379804685
4.9568190600744515,3.759516934385068,2.9136085455547245,3.008746024430431,1.3217201058864978,14.536918513451694,13.598870658882594,Feynman44,None,8.398190953740139
1.2684848259593915,3.5206100160816205,4.445071482295674,2.3164390301614675,3.6566235018506257,0.09406659526194236,-2.1305937535905635,Feynman44,None,-0.7922341308717994
2.604533890255361,4.758107901433036,2.84813764981727,3.506143673763367,2.1886516764477113,2.3100049726278713,1.0082126156111464,Feynman44,None,3.4610046119969025
4.216099641419059,2.7064988678084134,3.8077489657120265,2.079999641928739,1.1025358867478654,6.5906846385098286,6.141612480602059,Feynman44,None,5.607338816533439
3.879706600711721,1.473380616704845,3.492398027879628,2.6297720292332842,3.123474172996732,0.4526990553058184,1.2189697163896434,Feynman44,None,0.47882379835841654
2.8871886811041256,4.547333538865226,4.646317072494166,1.5352424247629326,4.619497558431217,0.2362082690665883,0.3954223785708202,Feynman44,None,-0.3670274428219853
3.302032732348876,2.7791059824322306,1.8711636802275722,3.6759962883118975,2.6058183834507394,1.5833803753567552,2.3990105806733677,Feynman44,None,2.0328628179962904
1.525264952525521,2.113075337317533,2.9880335850154527,3.19920874152151,3.0485748488031836,0.1624227282010775,1.7363237886720047,Feynman44,None,-0.4733953602960162
2.6575740136867974,2.5959483255549998,2.8929903638873005,3.3824313899399336,1.2262703148653769,3.894138032920127,2.293996959208008,Feynman44,None,3.5823434974614248
2.9189187199222775,1.669275427939155,3.5554089494075507,4.905971388569599,1.4264979119698502,3.1356190588084414,2.6114723380477716,Feynman44,None,3.847130554442804
3.248483992063085,4.113754500439914,3.162690246360871,3.565536056001285,4.2921174562944415,0.8047285948936488,0.13765109908612916,Feynman44,None,0.8882061079613026
4.89019095095419,1.8243844252370196,4.780389535081535,1.1999492755356065,1.0793707927180853,1.7305186243468575,2.0109952386480003,Feynman44,None,5.487249877561768
1.312739697337411,2.1660945058620644,2.031876750354861,2.5102921259015343,4.3931617631819115,0.04729784889981585,1.0793878213338988,Feynman44,None,-1.1766542361613046
1.0197000812435646,1.5299404221067086,2.7928651236678177,4.593989744591349,1.5834742323464197,0.2858966643145655,-1.1771714377315508,Feynman44,None,1.0595268011388637
1.9456739739633666,2.8843180121083827,2.5704792584553515,1.0836251488697015,1.5836555498513492,0.4197268089496695,0.3788375355063852,Feynman44,None,1.0934533782744098
4.095531690130159,1.2160739516902828,4.621729081545907,4.050440084493665,4.057709365290352,0.36869256254981797,0.4011726185792226,Feynman44,None,0.3063587789519755
2.791089467668731,1.462604750835875,4.6609257309971515,4.673038333765488,4.1673985088241565,0.2659528911858474,1.0734711903904866,Feynman44,None,-0.2099168732332138
1.3871549712020954,1.060713287653385,1.9853416845056722,2.0016628333598514,3.4803071635505107,0.030768439417600414,0.6982278803116153,Feynman44,None,-1.195590167626593
4.784467390946648,3.3929258857120916,1.44617058024338,1.266466131156486,4.534197950120804,0.4253019333614926,-0.1105816021976791,Feynman44,None,0.13490266409290808
1.9822321028871954,2.3547057386091446,3.4589445674537016,4.518653696019378,4.872194448179105,0.16945136940212568,1.2671563520360931,Feynman44,None,-0.5553854980308637
1.6501238768228332,1.6493262771054527,2.029107458863488,4.509013737781877,2.737164815714172,0.2641598085664774,-0.5447425384956261,Feynman44,None,0.18370082463710466
1.2918761315892389,2.3731629192061083,1.2335758480307715,2.531402753543303,3.2475289884647722,0.09430278617658396,0.19804750312701094,Feynman44,None,-0.692109328713053
3.6053608237569477,3.5986464288599675,4.7205966159322825,4.952564250312639,1.817528200642894,6.579365263304658,7.194455139074676,Feynman44,None,5.752580546391035
4.627673975231232,4.839097387194334,3.127102310474474,3.4860723406709866,1.4508368237071019,16.229505288652874,16.233189445112277,Feynman44,None,9.14237993658968
1.1414926327742059,1.516791874753043,2.870396625479617,1.2170494723657188,3.2162898327281484,0.0203885182118989,-0.7065851217968631,Feynman44,None,-1.2249056095954747
1.12580263528467,1.6718245938934717,3.0395857808969997,4.242760182055775,1.613433334690877,0.33665286425354846,-0.12521133896894676,Feynman44,None,0.9917291658513998
3.2956000974418562,1.7260291179013332,3.498499931484745,3.5527424078973806,3.7168557500220243,0.4190160013979312,-0.7386123908311666,Feynman44,None,0.06646818422179661
4.321976316279138,3.507456824633575,1.837141206616629,4.251638455664953,2.230389073499098,5.436521253214585,5.739642958055681,Feynman44,None,5.221884798910957
1.2973967155019523,3.3938492506191027,4.9507040602242185,2.3245023786241448,3.5189277569707276,0.10176676877063189,0.023179089193354305,Feynman44,None,-0.7642485759877321
2.605888658067651,4.859053366586902,1.5985447792604792,1.3417600015924158,1.2790801218752348,2.60479992615673,2.8904070138301328,Feynman44,None,4.4075151284967315
3.0832128299696353,4.31152830676816,3.40433427688843,1.5230524945528332,3.966203781883101,0.3530949818953522,-0.45251747120413416,Feynman44,None,0.035641097517894606
1.8556727793073033,4.634102167778875,1.3850640411262365,4.033413181392962,4.050128960399109,0.393226390780601,0.903513213456145,Feynman44,None,0.5518904046275169
4.561353600055539,1.7946779302279872,4.529061055016907,3.9177969018432823,1.7900255211026375,3.6283189065403696,3.3342664385219085,Feynman44,None,4.8234219340033375
4.918755397843765,4.962977918364905,4.739877347457276,1.7832071847440396,4.43543887841019,0.8876893063628282,2.190463368248693,Feynman44,None,1.3726096138560222
3.8780376137817925,4.1112661497016685,2.5795615462474437,3.7456627875738375,3.5072382087752865,1.8107313113095482,2.3264832449715405,Feynman44,None,2.304809577494339
4.150423338781994,4.936306231587533,4.420904563654116,4.383242835077209,4.911520233487019,1.4622230058690742,2.0513823846538033,Feynman44,None,2.2290669123197007
3.104599022122108,1.7486157094298092,4.367457558087784,3.416422192753656,4.440640760205442,0.24563273973768848,1.0401776495739032,Feynman44,None,-0.4654931441739492
3.5609051931701248,1.5845587357926179,4.479550212638344,3.2965682577852364,1.8226491286306867,1.568858910027394,0.6459081838413251,Feynman44,None,2.6188414828484894
1.3327316322420342,3.029099873738244,2.5994972094103264,1.6001159426242832,2.1333973234890125,0.18095497784266118,-0.6988487563949701,Feynman44,None,0.16530768539875756
2.9794025127341737,3.369959044452857,1.3256530469954924,3.9332174736705108,4.639851739406094,0.5407345268960013,1.3498783528672234,Feynman44,None,0.4547178495797348
4.407720023541364,1.4180206329063272,3.8143919013857994,3.2917771423667244,3.1636412041898687,0.6799172765148116,1.6917060814263636,Feynman44,None,1.1857110891831149
3.73983832105435,3.588573381402941,3.1216889342790926,1.0672410357045394,4.084357799553999,0.25277975360113514,-0.11431884290464217,Feynman44,None,-0.2153422742726572
2.670388152663916,3.3638343182286645,4.559434773573047,2.102704656133587,4.807359215261151,0.1922210819243775,-0.3050401940595028,Feynman44,None,-0.6544635179936804
1.0287773015690083,3.813629606425641,4.8316516483095295,3.9233011989455426,1.5290429113829758,0.668284913292109,-0.12294034180321856,Feynman44,None,2.3322958246870833
3.0442022900295203,2.9274624184166083,3.392319679175302,4.267200520870385,4.576167797108736,0.5240763506661978,0.506882726535437,Feynman44,None,0.331157996243636
1.6834921043776845,1.2147696042265164,4.64540525566094,1.4962710484133916,3.9857923193881337,0.02287951506739474,0.4349379372329574,Feynman44,None,-1.4638416158138294
3.808879670210952,2.7226752993808305,4.301370927326062,2.6464667317790878,1.6436784381463272,3.253684363467837,3.4482257977341684,Feynman44,None,3.786075199849136
3.9151440433079365,1.5435933035133043,4.615547923986364,3.887564032735689,4.930359384540446,0.2988327062987397,0.3339024579557887,Feynman44,None,-0.10989162090463307
1.9492903261868548,2.78989402684772,3.860930927335253,2.3849627152096424,3.0309312580569587,0.2545033177830399,-0.20989018546064825,Feynman44,None,-0.2749941396955892
1.431670709147041,1.6705274790019375,3.20273475856615,3.708030195601242,3.1729976750903193,0.12039552917651826,0.20321825456914377,Feynman44,None,-0.6188510540619098
4.71549052936974,1.6707186856288012,2.7163624479401625,4.505630900359874,3.8984983372475055,0.9715938198754417,2.41261263840957,Feynman44,None,1.4658132905033643
4.200012904068853,3.701144551114153,3.3003574064835823,2.7294634729089773,3.7823318874067584,1.1293061558018724,1.102833269985842,Feynman44,None,1.3110652115648662
2.4395440715297645,4.847191853505853,2.6849575704888635,1.986138231301482,2.00148819571534,1.3720986963256663,2.1131997922557098,Feynman44,None,2.7728207199983896
2.640265873434295,4.105157368918581,3.6529354857179626,2.0172526436817346,2.799075603102407,0.6794916194153365,0.04635575251281432,Feynman44,None,0.9992007584952485
2.09353208463203,3.867772799264211,3.078302697440204,4.358710899842133,4.235507589775699,0.4047522604825111,1.3287467282265464,Feynman44,None,0.2941266725870972
4.14913327892396,4.143701890760887,1.3077841071488856,3.6880629793224995,1.3465663481029049,14.289516296521333,13.247434403194196,Feynman44,None,7.8552628748856685
1.8313209718980028,4.218923880008772,1.1149749736223074,1.9389487439040418,3.426983737890154,0.23201605479227974,-0.8470300169707675,Feynman44,None,-0.0407802207838169
3.280553291929372,4.452269073540821,2.446380470031775,4.1486048214998466,3.7541735603097552,1.3802139901835586,1.49057686271201,Feynman44,None,1.9299346395061985
3.5538417316831246,3.1238868033798664,4.710039624089797,3.547597568927111,3.0289196183202556,1.3674320331565304,0.9724927682642464,Feynman44,None,1.697863125998368
3.808201950150381,1.1362009977441079,4.357837563586019,2.103720066169052,1.903666047040863,0.5303660470014082,-1.2837089944595421,Feynman44,None,1.8093776062225495
3.104785190253983,3.0179925637356213,4.085387267512425,1.5679681004366839,4.581778393646188,0.17653279958464604,0.22684905665268676,Feynman44,None,-0.7386693007182482
4.547562344563817,1.959704545134541,2.5493568551172077,4.470482074972293,2.450280436054782,2.746847891500753,3.2107351564596707,Feynman44,None,3.806359081044393
1.4260631641773691,2.9329035319179395,2.65244182218219,4.533887733568832,4.410811538638816,0.13767065825146924,0.5716318613794319,Feynman44,None,-0.5353659001374153
4.664940941660783,4.2702984477509,1.0646654712050934,4.928809944120392,2.89614009661209,5.429664823603409,4.021103809096085,Feynman44,None,5.575153410911444
3.9464664203987967,2.300316470382546,1.5422566912635074,1.13779732726075,2.0134001782890896,0.8419081172199714,2.1703547631868467,Feynman44,None,2.0461573787655563
1.1676635958005117,2.9016517142485,4.2642850159601355,2.09764311943105,4.909026553283897,0.032669525274646824,0.9305860476159051,Feynman44,None,-1.346384410663299
3.04977923055705,4.12633838115244,4.119708525997959,2.302530012722161,2.279143347510806,1.5486747563351178,0.8214386465121543,Feynman44,None,2.3868483905197087
3.267105117335225,2.625169967662944,4.3740866463369095,3.9018508245681454,4.473971555732486,0.4942647823688676,0.06949854174168829,Feynman44,None,0.17884420772430934
4.300274732933987,1.2382637276251391,4.510216672044951,3.918451260140943,2.9450503368020087,0.7498747492570654,0.03823380147581734,Feynman44,None,1.6539928364786958
4.058082103344052,3.98186881972135,3.5676436935228693,1.1386766283543222,4.916646060262021,0.2401450008271834,0.8011071000397699,Feynman44,None,-0.26953494346367773
3.492718746594743,2.144800946390445,4.158404933102071,1.0843389106140489,2.220117301678365,0.34061618352373363,-2.0303890814372685,Feynman44,None,0.9365815901591477
1.5246104996006706,1.0521837527666977,3.627544115599634,2.701035558190981,1.037639723666405,0.5303436567088269,0.945063833275654,Feynman44,None,1.167867767587082
4.017810143175281,3.7230258639069578,2.498140544410863,1.0526723885130598,2.4051865310299445,0.8975502365922441,0.6395706853605785,Feynman44,None,2.2468327544012134
4.180773981933015,2.620334052663346,1.005366406505352,4.318484987791236,2.667003199055665,2.7349807973641456,1.8831581802832595,Feynman44,None,3.3544952232980663
2.7499447839746605,3.618317207818318,3.4690554273028793,1.6280127271855767,4.471536262963955,0.19789232249891534,0.24918337545535413,Feynman44,None,-0.6033083861213554
4.982886820808652,4.221129661468571,1.636325651846847,3.1188346442142127,3.618245865975483,2.4071709380738935,1.3424998374830397,Feynman44,None,3.0152650520036413
3.399757034409025,1.0808443456949024,2.9903916540695974,3.2805762979982656,4.430366973640656,0.16694619676247088,0.1141195008326674,Feynman44,None,-0.5687029325147204
1.7797665735120036,1.5986308111727183,4.309455149402174,3.301970373829601,2.2832563527918017,0.28883877535014146,0.7986170121013413,Feynman44,None,0.13984113685094623
2.7948454784676255,4.104760102265027,1.381235637418817,4.118684348334797,2.6629536893368946,1.8527619687956132,3.1156824899311832,Feynman44,None,2.704456494847926
1.6553954544773974,3.441884014379533,4.729815859497025,3.9682042982980446,3.2236973054121196,0.34851606673054814,1.3922139856111673,Feynman44,None,0.26877542666073273
3.8042753947826653,2.8861916601186484,4.9456303461423,3.046913554036129,2.47729334042535,1.7637536456088863,0.44991528513137435,Feynman44,None,2.3579759915397416
1.0432987293699503,2.999739735585557,4.126923530276304,2.97174476817974,3.9437962452365602,0.060811343545049926,1.0969982926250244,Feynman44,None,-0.9887091618355488
1.3750786815742577,3.7412364946295504,4.278120194338191,1.6022709631483458,3.9769523301228786,0.06708855164490012,1.5703965710697578,Feynman44,None,-1.0192162540770282
2.4576432058206574,3.7898573839912504,4.151197654969772,3.749286022784215,4.773789798878332,0.3601907827079619,2.155882621592589,Feynman44,None,0.03789529920442688
2.587451451223638,1.8058796622364408,3.4668355892064713,3.5759334240177303,1.5135252050814745,1.7086489009315537,1.8873390665829182,Feynman44,None,2.3590941402452437
3.1459186039361975,3.0556061073790675,1.6959469432864909,3.5149054139205353,1.4603280458861345,4.853154687608407,4.9690193217284335,Feynman44,None,4.310675143552031
2.110983033766136,3.883556659971348,4.089185950005653,4.980676934892983,4.131433939832616,0.4937095426461675,1.842453409884695,Feynman44,None,0.6017031749513654
1.8851920727059635,2.0016553611630994,1.4712821182875206,4.430156657104052,3.6764180975186234,0.2304174786441,1.214004405145675,Feynman44,None,-0.23492143564765552
1.3378528891526544,2.287802626729725,1.64898015477563,4.948931306674094,1.8238048152591868,0.6077695164126291,-0.7634822839001651,Feynman44,None,1.6903910589794675
4.041444029019014,4.1108164835530925,3.8862889509420366,1.7397525464890564,1.1204625098823913,7.875675887370476,7.864162471302349,Feynman44,None,6.521366699663575
2.2057586600141343,4.130514221574428,1.2898459009831464,4.783624455236662,1.1832571425234835,6.877543377247776,5.8873441067697865,Feynman44,None,5.830016389686709
1.3859723486059434,4.270653356878219,4.439818188600967,1.01527424400015,2.030311576874931,0.18246998026199113,-1.3928472525477837,Feynman44,None,0.7604298954007385
3.591294215103367,4.98111909423889,4.284094315942957,3.66237069349025,1.5660808184603012,9.082178651231418,9.678490259058144,Feynman44,None,6.96912015899029
1.902588716975525,3.157265337514444,1.7513957342919255,1.1890152476972151,2.05273587914141,0.3042180056794636,-0.3941895701733585,Feynman44,None,0.6104729468568496
4.361961661405488,4.84172629153493,2.820352822050782,1.5878129614429906,2.2470356752682323,2.5773059970967576,2.267867183767407,Feynman44,None,4.4319999888628665
3.2426999999612223,4.290729217365863,2.1954405417393126,3.192268170499434,3.3325921090535875,1.2603564785488035,-0.5027003570625515,Feynman44,None,1.7012712194424082
4.966159850517078,3.7174211671175845,3.6281380399524013,1.0919819578529517,2.783037836547731,0.9010912688707836,0.9748611299680285,Feynman44,None,2.5173797081649703
1.3590748250803526,1.8912400926153814,2.4768400741756698,3.918101767235427,3.4552762644414066,0.11200810593415018,-0.48210103601091486,Feynman44,None,-0.656804835446307
3.289478619679501,2.0278744274245173,1.985776355633309,2.8592255648767715,4.556446546157278,0.279559657612795,-0.503062770204317,Feynman44,None,-0.39443359875774936
4.244348057886858,3.805828028757892,4.7822759585617405,3.7404778124951616,2.241930591743265,4.605170767392396,4.557161756389619,Feynman44,None,4.810336648562084
4.792781765297839,4.948356622743074,3.0606873891374753,3.4062294930837846,1.4566086316826756,17.23851166130162,16.55941067519811,Feynman44,None,9.569304988208932
3.7281477794040097,2.794482999911931,2.419583860632483,3.5746781319193035,4.219161563144847,0.7348363153815687,1.456457112393414,Feynman44,None,0.6069169643496156
4.193348027153316,4.295316256433329,2.947968964233045,1.7348589449859118,4.19806060774831,0.6582502570067311,-1.7180888738830782,Feynman44,None,0.7041011866701921
4.093267572777933,2.899755118125163,1.4662101665428158,2.3257312404344868,4.692938657616004,0.48389750512876084,0.5738948301445539,Feynman44,None,0.09257000937738279
4.592695462422291,1.4070256072365694,2.674144563119943,2.399061390763557,4.680494676618645,0.24310927186417927,1.3366782436796678,Feynman44,None,-0.3906859359627031
2.8156805683961164,1.9314058429285148,2.5215500800500448,4.937816506090157,1.5640521023979415,2.949785405948165,2.8745537160019237,Feynman44,None,3.6421007212968344
2.2636779184535305,4.063739655223279,2.267742420368256,3.0280669636328805,4.577559142248737,0.29488700134061563,1.4148209659166517,Feynman44,None,-0.1207577346526921
2.509906699474303,3.0969087240571818,4.701025664181065,3.1761816449342968,3.709456229092372,0.4141073726059654,1.685669834408453,Feynman44,None,-0.02151749696272007
3.357233288992905,3.952187573046477,4.910158645519023,1.471282197334487,3.653022739853644,0.39376658437105994,-0.054709464719488676,Feynman44,None,0.16897827214791733
2.5489935211920636,1.0800693261304657,4.915761236778577,2.4457928838052934,1.8238611371322562,0.3500493929729479,0.7038791316218611,Feynman44,None,0.7449021877052566
4.461451640483093,2.4801667700168712,1.9923168360123835,3.142011906442966,4.946509051638337,0.5857701007616913,0.8007507166783444,Feynman44,None,0.3772398745606938
3.321755850322389,3.800498781727698,2.48152026473365,4.061068680864603,4.777832211646341,0.724213000817985,-0.09810262126896518,Feynman44,None,0.8428249835433269
1.3625052888105746,2.505595586161236,2.2054915178405237,2.1026623433129394,3.7815904917693497,0.06619828595875835,0.7826590147409513,Feynman44,None,-1.0223616160707354
4.9274631829130335,1.9936487135061012,2.8092140645210475,3.557722619254339,3.5715386985101136,1.1664490271916785,1.4968882892893238,Feynman44,None,1.6462579851652335
1.1083487297303924,4.292285502356309,1.2023751094852697,1.9829602690664516,2.8764575784042883,0.1264495847361392,0.08111446388023319,Feynman44,None,0.085832540706026
2.634100357343351,3.0155427008485765,4.963715951926227,1.945922197096717,3.230376979337429,0.3293597030817725,-0.2354935704257472,Feynman44,None,-0.15714164342282216
1.3875810627130414,1.0569443392563889,2.784822939527016,3.866225384996206,1.9756015567276126,0.1892635897752458,-0.091519800342405,Feynman44,None,0.2756712801530643
4.024254245402795,4.045476476608663,3.8139276384136345,2.7808032163924423,1.8224602399969188,4.976120273333106,6.069873017716699,Feynman44,None,5.063215886026431
4.339195449991367,2.0389510605802768,1.3045519505151293,4.692509661703573,4.847217050474852,0.7408633732863104,0.21177063171002486,Feynman44,None,0.9243085427875734
2.34412163948582,3.404651645835297,1.9728686221872729,1.4886646174930989,4.910321715125873,0.10874125564609827,0.3061273594579144,Feynman44,None,-0.8637996417279636
3.347924101887725,4.787662944258145,3.0599798721352123,1.1404284617688805,2.2405095986476553,1.0599659093432157,0.6902389981017292,Feynman44,None,2.7426096151115877
2.2793154851809074,4.912124956214819,4.23941566328628,1.8494201777125197,4.331560793611097,0.2339087501022081,1.136399760440574,Feynman44,None,-0.2901930013461474
2.0322142536202294,4.08786563256227,4.443087348837986,1.7825318580990372,1.0922073794179368,2.3122490318117093,1.6774518716086033,Feynman44,None,3.388762856849246
3.639760096853357,1.4598894555461022,1.2678749184436424,1.646919355483083,2.792097877041802,0.3539616873406818,-0.2336575939066753,Feynman44,None,0.3579331673107712
4.037353016574375,3.1342507923168887,3.0657508083985014,2.574728363488008,1.211738248302206,8.01410937381566,8.64415356450504,Feynman44,None,5.788956712937338
3.3550069595853698,4.766297389802345,2.652469942238476,4.515798133947047,1.3878098924729279,12.330350531948664,12.614272679373443,Feynman44,None,7.710351350091647
4.504082592856852,1.6465795564380246,1.1276088784592941,2.815983641148245,3.910641163664315,0.5704594476874778,0.33651319951246617,Feynman44,None,0.4435728555211922
2.7118987636809853,2.714843520365181,3.7017725400174424,1.5008365148863114,2.3741818187289154,0.4399158313956269,1.2928716446287734,Feynman44,None,0.5505396857101428
4.106715696040379,3.9709696038733924,4.689855385522259,3.5558172487310027,4.315726651403612,1.1599115554357735,0.706774441480334,Feynman44,None,1.3991375235493326
2.720147535713226,1.858793999344436,4.420791391973147,2.243358978820087,3.710815595630829,0.1788988662303202,-1.2477564276151782,Feynman44,None,-0.7290228326515892
3.157459004067818,3.033791920251544,2.898680872234265,4.0902969257900175,4.247142604044674,0.654912365325062,0.961769007046595,Feynman44,None,0.5443880665235538
1.5552262354879094,2.4713429903230746,3.7539065419983686,4.988022846123034,4.505297077714079,0.14329511884922191,0.06628347979413582,Feynman44,None,-0.5844660141341352
1.974409460080194,2.601253660575881,3.501444214580969,3.3423832065569385,1.0731168138991447,2.79736848946357,2.8349639224566854,Feynman44,None,2.9623721936133376
3.479835303947088,4.164279375097326,3.5914620987641843,1.6387420932340615,3.9628202126920065,0.45923010654776225,0.4409293287827498,Feynman44,None,0.25864368161492673
3.56752830301297,1.495446918080214,4.811138420902617,1.2550602842975693,4.913883170827352,0.04439091161331883,0.2512954692106935,Feynman44,None,-1.2716054622820485
2.3763250685198036,2.7976145965073043,3.356614352813454,1.6976811731925805,4.236729791768367,0.1320568707513989,0.13194376383374867,Feynman44,None,-0.903704310320844
2.864349234904677,3.6637206167731997,4.479686013307334,2.4707908233733114,3.024915207899364,0.7331207932148089,-0.4883302024769607,Feynman44,None,0.8173080194724643
2.2234220401642104,1.1113846282252657,2.481098416705094,4.536441978234189,3.555862359302747,0.1828397461455666,0.42803830395129894,Feynman44,None,-0.3277173312795452
2.3977135595404917,2.1516639401179165,2.417505543358021,4.314443141608786,3.0671558172301427,0.5467190905192035,-1.0370995805544774,Feynman44,None,0.5481639703449737
4.735248245005246,1.212770499364615,3.544543359096806,2.6333402706567135,1.9098293293865223,1.2719294654199806,2.6409319325416885,Feynman44,None,3.4361951849593884
3.340561187131846,3.9162490051415775,2.967356986964167,4.741747303958448,2.984439072720301,2.2586219404421493,2.36639614945597,Feynman44,None,2.9809993589329458
3.1318900767184097,2.6623717257638058,4.925392967835323,4.675926730358423,1.7600635466839987,3.6129803134431357,3.108250818533434,Feynman44,None,3.9751966168572266
4.227192909039166,4.071866132078731,1.982794610989147,2.202645240130032,1.0931391462253415,12.60358244939266,14.872166705673932,Feynman44,None,7.4206130605037615
2.1474194954304355,4.343451718787687,4.71576322295539,3.0424631457922504,3.887897242929595,0.3840711645123627,0.018478178317796412,Feynman44,None,0.1437343243119228
3.4735211330632794,4.107940425293355,1.119876439789238,2.7277473926836087,3.5257645374756663,1.0717887893665445,3.830130012590395,Feynman44,None,1.3586004398357865
3.3006656609033413,4.75903960168958,1.6789855662762774,1.6616136327645608,3.673735039860695,0.6113528831086686,-0.7112635801085277,Feynman44,None,0.8329958331990177
4.6884821817081725,4.738709752357282,2.9449715986836065,1.5924605062647,3.2749943032815327,1.349906788442697,1.2062430738256213,Feynman44,None,2.493572208588671
2.341470036975995,2.738095390772205,1.5541328046931748,4.349107448823206,2.6597591922421326,0.9125103507289342,0.4029789407640274,Feynman44,None,1.370917171380089
3.3378027639132295,2.318243116930856,3.827538889543833,2.6598579423621938,4.642688475219446,0.27260266346609585,-0.5104959726863649,Feynman44,None,-0.45560618686031634
1.1406088299002652,1.3525064481356615,2.3459563111077433,2.5406757809049614,2.506680261227593,0.06771341768275918,0.5561000342158748,Feynman44,None,-0.6393254129893045
4.054589904656661,1.774948505044053,2.6796617318579767,1.5489174581867649,4.25564320986709,0.18161944392350726,-0.3444792234941949,Feynman44,None,-0.6427341718233279
2.0129313359521555,2.8149248736450407,2.3413931808178647,2.418559996951059,4.358463963394743,0.13917786323630524,-0.6450776159298094,Feynman44,None,-0.8012262065765797
1.6922959791992858,3.9478616485430438,3.7315835893988236,3.992948323564257,2.2933821557911123,0.8422426817088914,0.6885034123080048,Feynman44,None,1.8100979531073562
2.894286908465362,4.397022722569021,1.3325366711341804,3.4789801056267544,4.901776030886737,0.5295959668598104,-0.26880328928055663,Feynman44,None,0.5896953142488495
1.0649311897551108,2.3604267615360084,3.1677620131307545,1.9459093798621536,1.950848693829467,0.13073128660152103,-0.4367354629293081,Feynman44,None,-0.02272037173335727
1.0873359816815564,2.86389171242301,2.3920039529072974,2.7485100571120293,3.619521754761043,0.0700986727893847,0.13385305627744865,Feynman44,None,-0.8392429034299446
3.7010875936631655,1.3425394085393405,4.165005352630173,2.8784257647872615,2.1958401467210393,0.796362344402115,-0.22634200680214678,Feynman44,None,1.6884854045341546
4.693564214899427,1.2448983948870316,4.609864836843061,3.336163014641667,2.645526635243528,0.8504455386958193,2.299868950720262,Feynman44,None,2.2291881629748014
2.05728198356979,3.61313367945588,1.1809048404719564,3.8235013277415137,3.7062032418045168,0.42528773285206034,1.5143679454938481,Feynman44,None,0.3655907196521923
3.1456049889864355,1.25046129274443,4.026468818615507,4.8337983061031,3.2608830223983705,0.48014082658794405,0.8247516359382621,Feynman44,None,0.6998887170234009
2.6107836472260386,1.285489479057151,2.6163512345692554,2.978728252243095,4.675557271817959,0.10460820441836592,0.566204262070579,Feynman44,None,-0.928400860351558
3.687564139909031,3.316941154184392,1.19344865404371,3.9670559536108656,1.3460891535674442,9.741544541661279,10.840747790218371,Feynman44,None,6.2266340724035825
4.240679108827186,2.6365898744746716,1.0930543325950448,2.4509413140502647,4.459033811678778,0.5590353192487513,0.5499472763047918,Feynman44,None,0.2233008521567381
3.0587473869639896,4.085663928695805,1.248517954711064,2.3862819162287363,1.8448858896804867,2.631633078389537,2.0432204899266044,Feynman44,None,3.4783257766852245
4.592759231592172,3.237333220988962,4.011040805253353,2.1067181326388162,1.572192131093058,4.7199980774324635,4.863221058658682,Feynman44,None,5.362411268065319
1.0710879793014665,1.3972812083586312,3.929223455285445,2.131790713296771,3.871474112397548,0.020600728825180426,0.5406969999743592,Feynman44,None,-1.4142305043740422
3.949083348995088,2.3706945505221917,2.543845502784607,2.3939125717119736,4.38186932993559,0.40434038533850075,-1.2417465398286671,Feynman44,None,-0.12463627695283416
4.861689311438224,4.699959010733365,4.7711983914331295,2.3545663742033747,3.829280431729154,1.5226229202453465,0.9408311918877589,Feynman44,None,2.241289692962761
3.772224158723104,1.403227508873102,3.959209899775613,1.8493960686178177,4.629859261048915,0.10664653808108096,-1.070044707001807,Feynman44,None,-0.9393033877061614
4.936292836916765,4.66298888460898,2.697828625351161,3.573613306525597,4.079933195912982,2.317691245110771,2.362724583143022,Feynman44,None,2.969679306533393
2.8276567338033587,3.3931478944353066,1.7794700490095763,2.2019082203690803,2.434634184381953,0.9673982939703073,0.700782110152719,Feynman44,None,1.406069048137004
1.7564010489329958,2.0194568493893663,4.114984182645033,3.864136149175464,1.3616566757300212,1.2209467428368637,2.589502039376188,Feynman44,None,1.979065847821216
3.71215141103709,1.3094122336042244,1.7437366049010867,1.833188663100818,1.0882127392855558,2.266122805540593,2.1223152094970046,Feynman44,None,3.6009898080576357
1.2093600062002756,4.599010846336823,3.1034287787322783,3.9227498981739966,2.115312420379647,0.5876352460380254,0.4799911618764363,Feynman44,None,2.153145542271814
2.6819775878510423,2.397499909215597,3.815280487849246,2.5378001989461194,1.9897329493883888,0.9768309504979675,-0.08909320405203092,Feynman44,None,1.3835049952673286
1.7824575251731174,3.6106482643333178,4.170068287340435,4.739679091117216,1.9582079106998078,1.3875796638290878,1.3034740128034132,Feynman44,None,2.6772017155877763
2.7358448742981003,1.31420872407862,3.2889912550018177,4.697637332109679,3.8749443745131495,0.27704562973803065,-0.9959150482099175,Feynman44,None,-0.1074707773539486
2.6256041634170364,3.0517576257580608,4.268332713601025,2.49951080507566,3.12538740873975,0.4841626912120945,0.002762395850796351,Feynman44,None,0.21480550735268558
1.3135554151302617,2.8422905323662837,3.3528653188086848,3.296833746213626,4.385907040298891,0.08201611718935292,-0.5141468050102462,Feynman44,None,-0.9421151404067027
1.3771580558825303,3.601901157269308,1.5427233314034985,3.9020754094830195,3.7933630240591483,0.18544357969430036,0.32997435251474705,Feynman44,None,-0.14735423701826755
3.5009858569319094,4.323645147661161,1.2065376435222657,4.577159575548745,3.9615603557395995,1.5395612478305711,1.9313222493679487,Feynman44,None,2.1907854061792786
4.635307061773931,1.5552123871987678,4.998772117790595,3.0572870457811474,2.7337001380121504,0.9167087037691424,0.7756412848908318,Feynman44,None,1.983541876038464
2.0304659305069865,1.3394466817644637,1.0828871538113822,1.4982599116980184,1.8872220255955097,0.2154482287356055,-0.2719381566299661,Feynman44,None,0.21096607376397106
3.442582387050916,3.4157611167799296,4.323116804555312,3.949707346586288,4.482036694095232,0.7377147309436369,3.4526149406563853,Feynman44,None,0.7114975473872148
1.849280999112601,1.3560579176624699,2.7585504520440183,1.5686313217899301,4.140883320032394,0.03530241144783589,-0.2727122598538343,Feynman44,None,-1.3331766827250942
1.1916049208415842,2.813708150742513,4.486856489932888,2.880273944298587,4.350507324852893,0.058424946525745286,0.6490115979961749,Feynman44,None,-1.1278706175340285
2.71707364127582,2.52495223772553,2.5825570198437373,2.0954546927586635,4.479310007751208,0.17716244326824354,-0.4740472528545358,Feynman44,None,-0.7445272096216102
4.307607926491418,2.313835763800999,1.2131416171340264,1.458075082908186,4.251395418429805,0.30945058199161346,0.5575354776363664,Feynman44,None,-0.2901426544441802
4.229815381535106,2.8781454355764273,3.9970807164566686,4.312969140892287,2.9204678789506557,2.362690042480349,2.317758441180608,Feynman44,None,2.9785538655705537
3.424892434978978,4.653834140564001,1.0935327257440308,1.9953468253251327,4.236484716683669,0.5953862829871659,1.3501794674093426,Feynman44,None,0.6157014610578919
3.0025523159018643,2.303644328539367,4.546912057334755,2.122485413013529,4.716183944163264,0.15947538044051823,-0.3533437348467192,Feynman44,None,-0.8359930588728964
2.7681364612331327,3.9268046350847925,4.386172329521624,4.653128834178796,3.0716047302279836,1.425482071660014,2.642475227548138,Feynman44,None,2.1070385101744127
2.385763738682538,4.278251932683881,4.691934008984948,2.0356484423602086,4.599513447230223,0.21395521121965483,-0.19892119138610415,Feynman44,None,-0.4939998887434383
4.386262599807525,3.9442676339303446,2.930849190774489,4.307621215907358,3.131858673255294,3.177440951016049,2.701164016765229,Feynman44,None,3.7273309699569657
3.1166500511400037,2.1747975925938836,3.7371875556862184,4.283656438110284,3.5340755515587907,0.663487776100214,-0.12997756555558337,Feynman44,None,0.6195296559842589
1.5991928775547635,4.468564781892357,4.467266989937826,2.800950544217524,2.2774186424238274,0.5973297852001477,-0.1379954815813027,Feynman44,None,1.471157930386059
3.1739311587883052,4.254522650443893,4.317982895753969,1.4232677296485674,3.3406727808069405,0.46004445929991866,-0.6625019511084469,Feynman44,None,0.521649811296366
2.1760716221222838,3.5306823271890404,4.947649504259006,4.269194756397413,1.7706606657088924,2.178016798805359,3.823347948825514,Feynman44,None,3.111371014698735
1.0271233753445417,1.1515983879632796,2.8969981589890503,2.4335475314401225,4.396610398806553,0.014224564827726813,-0.0869654449487432,Feynman44,None,-1.4782745649739641
2.7331483765867,3.2577609917087353,3.4159424368730686,4.603815829066223,2.495563355552115,1.733945855909788,2.3728133015707606,Feynman44,None,2.441702407916935
2.4229853946456434,1.2359504570729984,3.2873254229856714,2.5882507433881106,2.5283035524606103,0.24258328667318146,0.06128166758084297,Feynman44,None,-0.04150810084389758
2.1424960722062063,2.356178333795381,1.5255850913163114,3.821424100961578,4.578219276954549,0.1940771309077903,0.025451705065938884,Feynman44,None,-0.48826057593998723
2.764293991478244,1.1348074135273616,1.7390018252724535,3.8615552789659646,2.512445975495103,0.4919222139294147,-0.36477385710511556,Feynman44,None,0.819480263146865
1.0647163643420918,1.4452788680136974,3.5624762974997903,3.5047149552458152,1.8861542031010723,0.15398611896054887,-0.09086875190470273,Feynman44,None,0.1427530034156251
1.4503525932619423,2.3888157100990792,4.661320058934573,4.110869619002644,3.532056146242445,0.15874455863014592,1.89669210169387,Feynman44,None,-0.5025380996551487
1.0906434918762047,2.835574225676375,2.052212163408957,4.938965185261749,1.2262969123851364,1.1081958951787596,1.1666776739263307,Feynman44,None,2.92874539063933
4.949232701519,4.463595527560294,2.027794542487272,2.7185348482095093,2.5927572638988186,4.1915528749936835,4.818047641312839,Feynman44,None,4.952761875621788
4.1367652377848,4.501069191730544,2.603972804662639,3.735982880950706,3.306989992740426,2.53250366699956,2.4966222322622813,Feynman44,None,3.1921429448690253
4.8459034278858155,3.004776174572023,2.5382693730852717,1.1944461469061967,3.1284001186775,0.6561011318353224,-0.006407631809720371,Feynman44,None,1.3711560005716739
1.4548137900437346,1.700885690290126,4.179699450149147,3.023887284721734,1.323675949634731,0.57212786980192,-0.3751321711918507,Feynman44,None,1.0992321739954436
1.5979588733945516,4.842450905142099,2.592633299873125,4.582026928628505,1.6746869376114826,2.01659236293665,1.777491475123349,Feynman44,None,4.215952811770505
4.199353777147643,2.5429132517394764,1.0708306575340027,1.732315344781132,1.9095621189378402,1.9879219139960531,1.7040484299452183,Feynman44,None,3.1268097924036558
1.946798111412916,1.4991455874469546,1.3472169047937692,1.1335350796519612,4.949219407832286,0.023502604220621347,0.7857267390045157,Feynman44,None,-1.3649391533171593
3.8760810310977516,3.655347657378803,2.6245210074150656,1.8990933566446193,4.061586316920205,0.5687743494185044,1.4224259432374344,Feynman44,None,0.3658581670475517
4.659384130740868,1.5706577731915106,4.487111095167975,3.1995789643034964,4.681813337541309,0.35564768222937654,0.8729112647640398,Feynman44,None,0.019007927560460627
1.7588112379891974,1.1714905069846027,2.642765277313424,4.14930347306621,4.765960530952414,0.062099097844563016,0.39218759472553805,Feynman44,None,-1.0847831743016154
3.1820553221158185,3.6285791851514144,1.6286274124904656,1.7360985729989675,1.734157257831646,2.0114466677437113,2.948854368319541,Feynman44,None,3.0358791016109983
3.049539276122749,3.056065103025395,3.217379710884434,4.246294254070106,3.5804401136325663,0.8975871990971949,1.257907769399487,Feynman44,None,1.0109057166387982
2.231986981229424,4.752582411115273,1.4381858515492256,4.008833736236653,2.8881105169917443,1.1375429979824865,1.0984775596818697,Feynman44,None,2.184805087211542
4.045633293594493,3.3812628499493536,3.229427307317031,2.832149189324043,2.28135344327321,2.731991110633073,3.1671298127792937,Feynman44,None,3.372690679464634
1.0842330945477827,2.233526030748621,2.160862387982235,2.1016442852629678,1.64018843879128,0.19968467254535283,0.10384375864350276,Feynman44,None,0.3937496407430421
4.091028647140122,1.7201414706125662,3.815442399466953,1.475111746578552,3.4931808575059446,0.20773196670342559,0.15593806577217484,Feynman44,None,-0.2113628931161884
3.6054306958258113,2.2495720650258764,2.240412228638564,1.5864714503425321,1.6855332209191332,1.3743735748601609,0.4300608342365526,Feynman44,None,2.4826330976482516
3.3847746858611356,4.807097427505717,3.472338327459549,4.256250185797138,3.6890692752812133,1.6666041160154061,0.8349262704333126,Feynman44,None,2.3885153029169763
4.082350206796525,1.0584356430443078,3.7034817598414476,4.711420403265534,1.6288049963964126,2.4695265650504954,2.6824956303039005,Feynman44,None,4.586013147363959
2.537361526107159,1.537472561218781,4.5662043056716435,4.245940481065359,2.6191325520882436,0.5372175518753891,0.5299547681013205,Feynman44,None,0.7395841865004512
3.5230856382683053,4.504505164138043,1.1310296613925148,2.482009467318141,4.420265877614878,0.6993985217391614,-0.3308781087762336,Feynman44,None,0.7605465060833466
2.8495238042420987,1.2210157593439028,3.1314594505804654,2.101402560094585,1.383629713210412,0.8255009509967222,0.7067833494415964,Feynman44,None,1.7838721938319382
2.883112225859682,1.2469554809728316,4.372105428740225,2.649085158424259,2.0302708384220276,0.4906003277786585,0.9113098679052551,Feynman44,None,0.9345758707398641
2.078225181826831,4.729882124444064,2.1929989385390516,1.0446887009308918,4.831460928386076,0.0860002142703917,-0.08272340907923101,Feynman44,None,-0.8390967418040399
1.1312097170841686,4.495146237266636,2.680822729185091,1.8118647094041704,4.143245739470267,0.05970944308170171,0.359601153078957,Feynman44,None,-0.8641175325841757
4.85798436131591,2.167905781111162,4.6064346148957345,3.1851144710135824,1.1061242899696273,10.312486650322464,11.903087640117697,Feynman44,None,7.259172137118276
3.769711911930979,3.5344986961596385,1.010761284685998,4.8514542800911435,4.39047509219597,1.2583203101561162,2.0105287171871615,Feynman44,None,1.740310480422531
1.9578118999259067,4.614627570411702,3.9302554034075303,2.9244188746431723,3.369659724336979,0.4409523893858482,1.630985993564644,Feynman44,None,0.546740975323006
1.6723261052599407,4.833855294982335,1.2514804375545974,4.006743233502304,4.300603361103116,0.2941905392795088,0.3023407021498661,Feynman44,None,0.34121648267506305
2.5988227185396418,1.6689177290891721,3.577540304708217,2.4017356022627556,4.313784003077037,0.12186255462847953,-0.9683618992546008,Feynman44,None,-0.9598986480982207
4.3062881353172795,1.256357037410373,3.6012307647853063,2.33279182456642,4.402553209324031,0.18107525180102652,0.19127888090768824,Feynman44,None,-0.517113589512095
4.124967853848607,1.2344403715656158,1.7965932738975101,2.731425368145847,3.3403544015803632,0.43515466994044116,-0.23615137595480895,Feynman44,None,0.4618466232380325
1.6311671794818032,3.5025025336889293,3.8835466389445523,4.432413034706416,3.970445679727881,0.2569561313064786,1.313576572895578,Feynman44,None,-0.06072673209310736
4.403208098696933,3.641490190491884,3.8655553257307385,4.473634179491166,4.792399641179996,1.2807457829051854,2.4383827887460265,Feynman44,None,1.7185812371503402
1.0909535525486782,1.1489881379999765,2.0663122967755627,4.250544231496004,2.627785406637866,0.08219461471524882,-1.6053851629800886,Feynman44,None,-0.3534984260868288
2.348702568850947,2.9533526575448827,3.7720933898065923,4.807041822763786,1.327862897348707,4.280529069647881,4.30401159348624,Feynman44,None,4.26190084095731
4.943388937168315,2.9673976593457825,1.9016584059496844,2.9221696779109236,1.0970601259275607,16.3442277630526,16.254408957293734,Feynman44,None,8.230223560539248
1.312468746656593,2.336183825425341,4.828425658731774,3.6984693707610234,3.7033652936539077,0.10366205309860406,-0.83181770686407,Feynman44,None,-0.8063059706338846
3.637239290120566,1.872307003158217,1.4252047603293514,4.2708279745596105,3.496964462317626,0.8320580558616725,0.4775166155124439,Feynman44,None,1.0330530978544639
1.3826718282034105,1.3419477675264861,2.301062040339262,2.115755900949606,3.038291320820733,0.05442241258118007,0.4306284266251115,Feynman44,None,-0.9623291929574321
4.271971215321415,4.280653045186062,3.460394722921349,1.5861066015315446,2.78595210055527,1.3534270112952496,2.502810678771932,Feynman44,None,2.5197269961469395
4.048128148170548,4.833404746655779,4.220682067802631,1.7148197950891908,3.5032256766468106,0.947448340679043,0.3208820216659547,Feynman44,None,1.5958475977113904
2.7738618432892648,4.3793187174153045,1.0383225714282251,3.089980134703405,4.339048827843325,0.5508920680547402,-0.3496590752556953,Feynman44,None,0.5434197887653224
4.514143351081062,3.459556942463374,2.2974624518510853,1.5439501911697118,4.699665620284041,0.42612866067357613,-0.1301924268560174,Feynman44,None,0.07251278870669216
2.3191531108633696,4.742789969073421,4.979939148279023,3.309133171390376,3.0784381190993213,0.850680032895419,1.0133959766838492,Feynman44,None,1.4252914484601675
1.7724043142794326,2.827995729913779,1.9901427595798213,2.7376275452975816,1.0563118530997246,2.12938201063431,2.290637036787979,Feynman44,None,2.6552731779261025
2.6836769061788077,1.8351211473298985,4.221312466130232,3.154999911019069,3.6348308594624625,0.27257181292708643,1.447381905435966,Feynman44,None,-0.388604973038703
2.5816854413489327,3.542225168854524,2.9627705203745176,2.12923002454623,4.954344298675306,0.1912109858475545,1.2722951990642113,Feynman44,None,-0.5666726113731884
4.497551716641276,3.70263448320106,3.4184601010645723,2.6219427217882334,2.266884239058153,3.404443974830982,3.4648880545070986,Feynman44,None,4.173504027373514
2.201513954769647,2.5309621259122608,1.449169983489818,3.200089762616867,1.1890089433040858,2.726064705752311,2.4307330615527594,Feynman44,None,2.96135070701061
2.679353837434043,1.9350097203300334,2.188607825507618,1.0888495551239976,2.868912464784925,0.14799391270665574,0.8625269672648165,Feynman44,None,-0.40566218951926913
2.0304645053089176,2.2106709662415907,1.3555409476892457,3.1268325132219386,2.23719655093639,0.5588274272844416,1.2243591941027592,Feynman44,None,0.7508625842804729
1.3941605273948592,2.102029644699988,4.707801507053937,3.420314909187948,3.965598936608271,0.08365293013764903,0.8535321916634074,Feynman44,None,-1.0082002783807908
3.2320858983590806,3.6222477284952146,3.8143038808585845,4.894160591555211,1.8347461947956116,5.271270657853617,5.180141153404837,Feynman44,None,5.0757377143810265
3.158774698612116,4.465893597386563,1.040093087051062,3.7313589391674804,2.5843205261087947,2.483067789053113,4.131034921751686,Feynman44,None,3.3548501341915613
3.4592061020738374,3.6036502329271833,4.575961593696268,2.387752913348674,3.79927046960861,0.6220960670567324,1.107759556674173,Feynman44,None,0.42453075265732393
4.867955487553911,4.055849233350029,1.2940104573883158,3.404498502103763,1.7293301531156478,10.688360663376967,10.995790239869207,Feynman44,None,7.587331373755748
4.641360039359806,4.865371732134478,1.665732706008729,3.4277534989113785,4.453967580556221,1.7680820563745094,0.33288701441550295,Feynman44,None,2.405058119668747
2.8149649961602097,2.0917652912980595,2.9259626582927067,1.7764620821159163,3.5065372588366075,0.202350991223034,0.8706331687451807,Feynman44,None,-0.5802050224122254
4.79431223124256,4.125914738631542,1.7691530355850609,2.5569285877806758,4.171656099333095,1.323403867764887,0.7350756293675633,Feynman44,None,1.6586388731013837
3.2076923474939383,1.1254299540051962,4.733755109557261,4.177732833399447,3.6104967035488102,0.28762585550620107,2.7609264408823173,Feynman44,None,0.06043054984523968
2.090418056063633,2.5120983305946973,1.0131485928914934,3.3266144133369706,3.3831079770418717,0.3168004221027026,0.8938207462645018,Feynman44,None,-0.0701454572532768
1.9925785357959307,2.1812725037681164,4.435081821016048,3.55497037126385,3.389987631515895,0.24757074839511578,0.341411205754478,Feynman44,None,-0.3631281174260643
3.5354897568150934,1.4989957558448066,4.395013149603919,1.3949817665110356,1.2453442514903865,0.8923926778418728,-0.38674064390464113,Feynman44,None,2.6802584156732783
1.547152088177378,2.8850327053034097,1.5813393673384017,2.154737422806588,1.0254238980452821,1.389414994852015,1.5743110744573334,Feynman44,None,2.234160779773765
4.280725541673096,2.5476342287393083,3.577704074351591,3.0887718318851767,2.8860450129210378,1.4964227885969315,1.0398062200805227,Feynman44,None,2.027187650185457
4.758984823742095,3.5915282177022974,2.7548401445165775,3.297914246643143,2.961105252680783,2.8348190302761704,2.86786159534844,Feynman44,None,3.4431284694160733
4.045447470280875,1.497462628752722,3.0883019560911444,4.398944881212239,4.2667141270258835,0.5139912265250217,-2.3331919353190647,Feynman44,None,0.4853399642625748
1.5948085445128148,3.313830298311267,1.4106291281745937,2.6656560029500267,2.9244073125453824,0.2608222770397457,0.26100697211051677,Feynman44,None,0.07524094096389669
2.3110049316177217,4.058922211272301,1.5483641263703198,3.467881170511262,3.012931387194974,0.8222108216932116,1.5929496821101936,Feynman44,None,1.2782683058725557
3.9070123785927384,4.098777461962259,1.7950747676362333,3.273156662887313,2.5678433602823407,3.0177403711107083,3.0460312676754584,Feynman44,None,3.6222665001982297
2.023030441557874,2.7215823812122584,2.8982494858482646,2.5098971673618946,3.346776141606678,0.2360082302436612,1.421093672705453,Feynman44,None,-0.40105493271596665
3.652660807002595,3.555067550052898,4.212878587742954,1.713263991229634,4.473438904007224,0.3342495603979448,0.2639099480882406,Feynman44,None,-0.21126698489361523
4.587841397868228,2.897219605404441,2.9191665007169205,4.922836538986992,4.053522028058232,1.716297072740814,2.5712273884897208,Feynman44,None,2.2457417677930467
1.1078124655925867,3.2581725895590883,1.8398499257640277,4.062732187775575,4.692361981834219,0.07384306052596212,0.3341643034349178,Feynman44,None,-0.7674231975203056
2.008457638789581,1.0670592419823453,4.994417491439804,2.896768728636324,2.646940263303664,0.1377424565831222,-0.9952103608850218,Feynman44,None,-0.42727358219107636
2.8915043326523766,3.246904444249132,3.590162535363352,1.6915705027345869,4.432906082904767,0.20294262800281437,0.4372993675966006,Feynman44,None,-0.6357852770727717
3.0051056678501245,1.6533127621891137,1.415090601623763,2.4700391378886155,3.081995460375745,0.36168420260622897,1.0834160831975461,Feynman44,None,0.02499998702476677
2.862472385677737,4.777111183726362,4.605102107133172,4.840511050546903,4.677570708047604,0.8382012421830487,-0.1183531803153276,Feynman44,None,1.348246366429839
3.75140800141446,3.5352130634393983,1.4600168725175835,4.041091646265189,1.3182686858144863,11.367841599341585,10.823510459927503,Feynman44,None,6.732616722255199
3.3405580341832692,3.8822185910398104,4.013108006716141,2.331846502415392,1.1013885403138977,7.482609710297815,7.634542295649372,Feynman44,None,5.481603595513076
3.14423604837084,2.5643600520588263,2.7961819988869445,2.3779249939965843,2.754605982393363,0.7161562595876259,0.2154593932917156,Feynman44,None,0.7730512701793708
1.280502247118708,4.8395920675014334,4.263942868467604,3.835147225734844,2.7757728034675595,0.3909107846739133,-0.056501043415369934,Feynman44,None,1.2706350455350675
3.5859589463758414,2.993149557201063,4.225871414177623,2.740936611947414,1.7578749394259359,2.9755219373676622,3.108229577355546,Feynman44,None,3.483303229869849
4.511900831935106,1.9969457709891563,3.581650696671483,3.8006682430250858,1.2642995189801978,8.227811390539474,11.329698165821299,Feynman44,None,6.426176101338302
4.981426175307176,2.1432826780242946,1.8923465451415349,3.1416778774743066,2.946054784413242,1.7413526119848723,1.252438743041221,Feynman44,None,2.558504933925939
3.1428757170839985,2.053375790223075,1.198442986750075,2.446954031013177,4.876063562650886,0.19913389726161113,-1.572314275123715,Feynman44,None,-0.5903467146113179
2.707472663149376,1.9351971829575012,4.446008493984413,1.9155203927677706,4.332495494714339,0.1120249020006659,0.55181768111472,Feynman44,None,-1.0374693109739546
2.672595068051342,3.15568349037109,4.857916429467649,1.8086611517442206,3.2918085524692517,0.3163469024368607,-1.100836902220025,Feynman44,None,-0.1748938029872801
2.9525835932430833,2.71526496631216,4.791069583295669,3.0371366693541875,3.4195962335724706,0.5417517398970785,-0.6590302509027511,Feynman44,None,0.24091499616955267
4.654265905289762,3.983392985496676,3.7088447910379165,2.6850952335565994,4.392320749522371,1.0672290162249658,1.2232515421652366,Feynman44,None,1.249386834938181
1.5250274425567452,4.1924307325606875,2.0858784795656473,1.364335423302418,2.3802506024980543,0.22752832465818335,1.3210802739707657,Feynman44,None,0.5739978483562469
1.759617610457624,1.2063850268816836,2.7488281795515666,2.018392083272156,4.002550402069227,0.04054116397643121,1.0405549453418834,Feynman44,None,-1.2770433561664254
4.029852956615395,4.5389177827096425,3.9279823869280985,4.7148438903042065,1.6035637782293208,12.903631751433856,10.656845347522575,Feynman44,None,8.14743859677131
3.980017873127601,2.0885052300595826,2.7820625758555346,3.6691564215687755,2.1522551884113055,2.3615151726838,1.6785172747059551,Feynman44,None,3.14861310740466
2.3219155444868598,2.061714453947982,1.6981540807615794,1.3254461671562936,3.285382157873692,0.12302453198994016,-0.4008872751882749,Feynman44,None,-0.7333184097062093
2.051037081916006,1.1881357748068808,3.670717023462105,1.2085071690673401,3.3414517866914446,0.035087478849040676,-1.0801151562357645,Feynman44,None,-1.1807973835964731
4.095903856127773,4.839067806599302,1.09454442022701,2.5986130863108223,4.404030091148733,1.0710827901678646,-0.5150678356940435,Feynman44,None,1.4495009396708316
2.2276281239246094,4.165327538700897,3.7190477112056577,2.0279279033974213,2.6350165229122147,0.5651762304974413,0.34769191627754026,Feynman44,None,0.9200036056863723
3.087894936355979,1.672646273879843,1.9736922233626841,2.7269128445928623,4.409326836740703,0.20340395025844699,-1.3935141951217005,Feynman44,None,-0.6137860002053926
4.889674542971505,2.0985666365149074,3.936972922082074,3.618068557638165,2.6786160730981714,2.081006733253934,2.4714338677885643,Feynman44,None,3.178173535528238
4.9449470820521455,2.1363904953329094,4.812167252773241,2.179758514549528,1.8115384955592964,2.277798983299654,2.462744208096126,Feynman44,None,4.28644094863279
2.610798957115994,1.5534277214358503,4.195952336755658,4.22864700847364,1.2658499105969265,2.472100835807501,2.7726296611559302,Feynman44,None,3.156225382848511
3.5497352638369866,3.0042342586573563,2.2081738732614387,3.7654881824076996,4.75837501330691,0.6033412598925817,-0.07030359075078474,Feynman44,None,0.47671459396180244
4.660209442206752,1.9032884375956414,1.6111790362078264,2.4621983509189658,2.473800608057723,1.4793148121598723,1.346697707926203,Feynman44,None,2.492917818256913
4.045943886531395,1.293867048320723,3.843694788225466,1.918194058198503,3.3145273957994545,0.21841272271464482,0.0072797111813407145,Feynman44,None,-0.03162941718895329
3.9798697344728655,2.0172749262147467,4.667458266223227,1.9295037569030495,1.09041267093898,3.5086642239002575,4.293318776292742,Feynman44,None,4.450182155497596
1.4883708164818703,3.7790609334681013,3.435071602294414,3.5534573304937322,2.7403414123406504,0.38933537440890637,0.026901110128205452,Feynman44,None,0.6870664640022588
3.576776057080578,3.0464888431550947,3.2715196268616498,4.011342561029826,1.779258757457113,4.632148126969565,2.151463172588817,Feynman44,None,4.460284857362061
4.789168398370455,2.0509667517480796,2.2073031507939636,3.3764988628974573,2.9384985224636884,1.6465360691852569,1.0151296172945403,Feynman44,None,2.4317794856895456
2.1977372570799814,3.9746415631057928,3.8513436408420216,2.537819156296886,4.303796114656517,0.24910586995704814,1.003642587586215,Feynman44,None,-0.3661668853515769
1.685912636361135,4.307436824335809,3.6041983140991114,2.4051232773529874,3.3159809134572287,0.2588657211626827,1.0850972752484775,Feynman44,None,0.04050502633101803
2.138161607168481,1.505504230722543,3.413989354488149,4.8327503742133855,2.247357066117024,0.6154297049981111,0.1401090658249997,Feynman44,None,1.1875471817970475
1.3821248529067738,2.6106087055771283,4.6552988874689705,2.9879592095902847,3.5956410386266806,0.10927974838916696,0.4375868323090676,Feynman44,None,-0.8211332048874748
1.537149000486934,3.1560447785191146,3.4210498207335194,2.0410580976380173,1.8280172936232044,0.4321669535854027,0.3926865897644992,Feynman44,None,0.8815933422489475
4.81535067453526,4.067650577038018,2.7907029883957777,3.116832105855575,2.52328119969032,4.294722746292033,4.710773828879023,Feynman44,None,4.802217955589267
3.2223502445968664,3.0720951322259893,3.9001380310062093,1.4750955890112452,2.0024290297467404,0.9458471594585094,1.2379813801641402,Feynman44,None,1.816603855227883
2.507320397299154,1.4907684209994851,2.02260180471868,1.9384238690884814,4.976141753445593,0.06443649623706556,0.44638990396843786,Feynman44,None,-1.137263152238887
3.25564964096322,1.229572311135907,3.36643709130164,3.6604694226835734,4.659472166450408,0.1822724804657108,0.7133052838216787,Feynman44,None,-0.531363204849192
1.837285357124955,2.1765271011363136,1.8411456826798758,2.1965422187174077,4.828285078043603,0.06626568069637878,0.412825427331883,Feynman44,None,-1.0989909812507699
2.530803319693521,4.3801548561269055,3.6546953146781225,1.3178705198934444,1.7944256997913337,1.021353509586206,1.1364014776437157,Feynman44,None,2.452057283308906
4.708492816848377,4.564971735020961,2.7879852939979646,4.486666472359263,4.813472992495282,1.8861230823161943,1.0851353622330744,Feynman44,None,2.648842268315507
1.2602003794403327,3.447721915425789,4.704778096017675,1.7910037431800685,2.582784549576177,0.13785599384085398,1.2313623388018904,Feynman44,None,-0.20025926340815942
2.79199389714137,1.949249438719841,1.105865403117944,1.95156021667023,3.082558552561627,0.2962125084425455,0.2335261858454116,Feynman44,None,-0.16871001964157842
1.935303719458529,3.6941229015330848,4.246533217815539,3.959148681940428,4.717954356888692,0.23836345450295207,1.4631510325198183,Feynman44,None,-0.2553099532256659
2.6057173553520765,3.6231008937877776,3.722891079153801,3.342406566827164,4.115398206603161,0.46120274343641326,0.6343170320097393,Feynman44,None,0.1513924877210477
4.039629095882823,3.3328287973416635,1.2343675695732563,4.528230119873214,2.2827409744510456,4.663829511671687,5.70639215812758,Feynman44,None,4.754949721127434
4.692721252108313,1.1057012695218567,1.8137993245842519,3.5146808623923107,1.2099208553910086,4.950719936663157,5.552507879484946,Feynman44,None,6.058479281313798
1.073833162637734,3.638210501558397,4.353537382583898,2.041788991930363,1.9344758021851218,0.22050307557971244,-0.00821769555831614,Feynman44,None,0.6589611784681336
4.224426857951157,3.2059962449899952,4.558221714759055,3.908743178462354,4.307602958086594,1.0778979755637033,0.7728198600088896,Feynman44,None,1.2380327927093453
1.118779924494394,3.8631740711194893,3.4995726474353894,1.658100521632012,1.9660774375052257,0.20010046959204641,-0.3893637659117676,Feynman44,None,0.6897957147541678
3.295344598678785,2.654805801733122,4.795177579241804,2.4223104679900267,2.8685316763525277,0.7026833817887034,0.7008633488161938,Feynman44,None,0.736536030453371
3.172324940632615,1.517301851509301,4.808414736575675,3.5701117373038795,4.0744978782149825,0.2637017448834499,0.4837647832078875,Feynman44,None,-0.33612284586808333
4.923028924333131,2.458757352486277,3.112173526421158,1.5327805434049862,3.041256877857114,0.7115502967490553,-0.5502385604804684,Feynman44,None,1.4196125802633008
3.0752520564508896,3.671233837860809,1.1764761402559523,3.8547326942318754,4.827870425598455,0.570021606385169,-1.3267274515046479,Feynman44,None,0.5850132523927916
2.7293569035231586,2.4908025308908264,3.8099152243611876,4.276618478631837,1.539970912412595,3.1337307099849943,2.198729833419266,Feynman44,None,3.4688968576731125
3.556722213327892,2.5335372519248343,2.307582496563587,3.2783025130596206,3.3032028056329423,0.9009638216894247,0.6286241935427928,Feynman44,None,0.9457418360144919
3.133784657671187,2.4270874819674213,3.271550518752043,3.5786226885620707,3.7194589299611476,0.5678687191304963,0.19603060879235734,Feynman44,None,0.2995431490233266
1.5590811958735373,4.603070010828107,3.739983332155357,4.7409760803604115,4.018615974374393,0.3257865633570086,0.972031100473999,Feynman44,None,0.49299301533299866
1.3043227428265731,2.6757075826248657,3.3101885438362846,3.4042814473738647,1.854885775719688,0.43935531619079443,1.7946789761031106,Feynman44,None,0.9568120874894456
3.508954002934952,1.2622588534537762,4.098795202021769,4.080538093417482,4.457750693029295,0.25681385564499726,-0.3364721983691661,Feynman44,None,-0.2111641409187413
2.0306690862409,3.7038183893263983,1.0616788606083287,3.4751315505987677,3.7955189011706087,0.36834566383534373,-1.0264141167457252,Feynman44,None,0.1968998540685122
4.287153147589379,2.6086213585722784,1.2226885117453872,2.567515852405903,4.66767325635066,0.5375672665334121,2.273104103888641,Feynman44,None,0.19728457609393707
4.693491167290501,4.598700400931252,3.649266408456592,1.6819794046023642,4.405673037467574,0.7419084993170784,1.8877549941963254,Feynman44,None,0.9856307442258879
2.809808540244281,1.0096166666871547,4.62017096648315,1.793653224936901,3.969435434817573,0.04925334573093858,-1.6204767412983256,Feynman44,None,-1.1755035360127493
3.1645589294993473,2.2662861073481713,2.1004123491295643,2.847216096011609,4.682876812258849,0.27475745094446025,0.20613849470129603,Feynman44,None,-0.3976916528374671
1.731460343958327,1.1110922093536946,2.200356353116011,2.400707480064688,2.2692188371477595,0.1401410948252392,-1.013026088931093,Feynman44,None,-0.2549467818974889
4.904323550760257,2.6457388426317547,4.720981058501048,2.8583310198445955,4.972593186823514,0.5784344617738287,0.9665365700088255,Feynman44,None,0.3845394021089226
1.898547242198172,2.4816565453145762,3.0832920550024685,1.6750338090152086,4.210084956047763,0.07640993078124789,0.2905558404718353,Feynman44,None,-1.1230736635491378
1.182867869246956,3.829791901778109,4.797866709622185,1.752495643689982,3.459325292167285,0.07427988652920928,-0.13692239158779096,Feynman44,None,-0.7927965652126083
3.5227332207216975,3.0688891447704725,2.680311916080087,3.418058928825325,2.21259871319083,2.5057365097894717,2.2414099185937784,Feynman44,None,3.0039257122006897
2.2016431132308063,2.9185065732598368,4.364111348256887,1.46418602782146,4.643445531513488,0.08095589022596167,0.38924607218856755,Feynman44,None,-1.1340199977297654
1.2410669495390256,4.980866245926949,1.2051118350756056,4.858134046861027,4.414964042245195,0.1927848271767062,1.9483799421004422,Feynman44,None,0.3113863985017875
1.167888154959265,4.116798851605257,3.448941488944547,1.9725085133223907,3.579510668936216,0.0841740747385643,-0.7158032865423276,Feynman44,None,-0.6507837615389582
4.018145199544084,2.0931327752443796,4.590419547618373,3.240077768072357,1.7444575773227324,2.913423640848054,2.559100297006784,Feynman44,None,3.7618318297891715
3.9265405961207933,4.175124522677726,2.2811577888478007,4.53290094825886,3.3605753242831784,2.5204583231890774,2.1216123863073393,Feynman44,None,3.181726012810653
2.1028285563573843,2.901899765991402,1.4161809813953279,1.9342185256521098,3.679955490536817,0.17796950402516423,-0.4321496469514913,Feynman44,None,-0.5860025113464373
1.70087112326385,2.2148794500118343,4.860710537759148,4.981071243655066,2.5443568346113516,0.4703315572542863,0.39183566994838925,Feynman44,None,0.8344304449036168
4.629399700877357,1.214698793387607,1.899399264125519,2.0208260525181214,4.452402512718507,0.1994772108030888,-0.21532543840863613,Feynman44,None,-0.4831985981601476
2.9097417018178504,3.8280496860807847,2.03048949056069,3.094144195450547,2.695813650543802,1.3433664267665044,1.1998074696463672,Feynman44,None,1.8737353227553517
3.211342350054399,3.3442944096266953,4.54547298303325,3.0692705361162065,4.30503431388004,0.5156867135563348,0.1652790481035077,Feynman44,None,0.1656262402507894
2.504770738136006,4.988173557965496,4.655650097587758,4.918469535199371,1.9530017163469902,3.9361553034227454,3.737866406117105,Feynman44,None,5.170486222871969
4.704250830618729,3.763570769153456,1.8697862147834088,3.2932265467291972,2.3720517746647545,4.665489924481548,2.857824083017296,Feynman44,None,4.905582813071069
3.4768972813993173,2.128505120299145,1.3487802042373107,1.2801772067423038,3.631527011263442,0.21999587116175334,0.7299464522484549,Feynman44,None,-0.43075512764459356
4.290726930132712,4.279386179891102,2.0970032733972985,1.4887004139947155,1.5681374692666057,4.309807111448862,4.311245526932892,Feynman44,None,5.6116123138938
2.9972332993325104,2.0576683782553125,4.945058692726955,4.3093633079588045,1.2006124198224337,4.8873963929222395,5.602124171229031,Feynman44,None,4.33813836243261
2.7370498258809,2.147684236004686,1.0346812619355528,3.984504132265408,1.0472085927820296,5.768416332567766,6.101901776133422,Feynman44,None,4.323916185012437
4.983273740971223,1.3799169876268187,4.772451570646325,1.313078532011843,3.2683747886237615,0.12598446608276823,-0.12234356679899927,Feynman44,None,0.3566547935019188
3.967239740576463,3.5289259458527176,1.5822623982857373,4.027052593615342,4.211512800992764,1.2333200639850617,2.8171795304507317,Feynman44,None,1.5095821524764177
2.521852742293304,2.9078021916227086,2.0119074479826704,3.5258551414425217,3.7356117174080867,0.45501980133716374,1.402939056144982,Feynman44,None,0.14899456895041854
2.555012985790222,4.190165265743296,3.4600717886963843,4.011591423201875,3.749553834052956,0.758179584942507,0.5117049692980589,Feynman44,None,0.9826051452400016
1.700772303551739,4.931107789679135,4.07154053859662,2.9657858534322323,3.0389671513427006,0.4468460298806007,0.07629353155733865,Feynman44,None,0.9132525702830178
4.387164630323028,4.651189669475691,4.66482072202427,3.126468547668563,3.8676040065610273,1.6914408349273773,2.2690643490231075,Feynman44,None,2.2624708301661283
2.9239121238461983,2.2042981496135936,1.9065736078906301,2.7322065235763255,1.4634245994766237,2.260944081836925,3.495571229711742,Feynman44,None,2.729612793467536
3.3027543489640006,3.501393321555767,3.878320539381951,1.692649111304176,2.754217725134751,0.7234873707900207,1.754477378798009,Feynman44,None,1.0615823098650348
3.14702348026718,2.883947138131313,4.407606662294525,2.1939904879744074,2.4619400238944777,0.8753950546676968,2.162240163610734,Feynman44,None,1.1934280699221596
4.397610415565797,2.4016112642748464,4.376264530652655,2.866485260868767,2.6657032437672896,1.5072030830317293,0.7606478868292578,Feynman44,None,2.263287675589205
1.580129273486019,1.6529920250856334,3.9548848432923775,2.153256956852588,1.7991502749951773,0.2411164022565934,0.8820674447631421,Feynman44,None,0.17765804968940785
4.171174419501219,2.5995854387170128,1.4808660102656104,1.5412512082555052,2.175501343358674,1.3167581978133607,3.475760488162006,Feynman44,None,2.4059470689866744
3.4362381046633885,1.031151869212097,3.3111938241131225,3.5458571722920764,3.4622855217892807,0.2819733837040648,-0.6353487920512141,Feynman44,None,0.07046884959676886
4.313468770364744,2.682471338090857,3.91523018388604,2.814507339563722,3.2275048595740934,1.137519208732134,-0.5269507604360595,Feynman44,None,1.4489518194298543
1.642878325880123,3.4874574805793555,2.4184212476243028,1.7352394208006356,2.0057910682594096,0.3902293770345312,-0.5140524888731213,Feynman44,None,0.8480038870309627
1.1602349148979925,3.324549485994339,3.494327526758965,1.4226499890302797,3.1322855946450403,0.061367564346901785,0.6866574680481576,Feynman44,None,-0.7739621891143185
1.3836765273476286,4.023583653295384,4.361224324942333,3.5689959165700342,2.413780800559939,0.4623052474051914,0.84597054802857,Feynman44,None,1.1555092115089092
3.801394508147471,3.3113808894423724,4.241052344856007,2.8557827040994206,3.925902394494929,0.781971360948402,0.9310625186287624,Feynman44,None,0.6724996675727177
3.6259174828276364,4.186232630120891,2.991933415199249,3.9873337052939535,2.5430032883223532,3.2635713263462454,1.0363785557280156,Feynman44,None,3.851122663629022
4.747946214760751,3.3138645661154116,4.697721988946714,2.320705340832344,3.097078350891413,1.441053059570042,2.532982042270455,Feynman44,None,2.1605511652811944
4.839361049359651,2.7036922156324756,4.311515551215734,2.598003694099652,2.0054599792306846,3.2415281444645276,2.21269359406948,Feynman44,None,4.395852384955552
4.5192842984740285,1.4658259069160797,1.831064390182434,4.6968185962426725,3.106283914073472,1.339806073158006,1.8307313236604659,Feynman44,None,2.38356445302943
1.4992920708856983,4.230460032352832,3.8237446734203004,2.7367003238588383,1.1264991338686539,1.9971014847481405,1.9366638871104755,Feynman44,None,3.4028867702884527
3.459232564751178,4.420848218613157,2.8542573484874625,1.748781236681853,1.9201669078287433,2.29265231805117,2.7406820947152455,Feynman44,None,3.6510305837453174
2.1358660116614283,3.871187739181941,2.055954424970684,3.5834001026935067,2.596581706203021,0.9272519499598241,-0.5800608802120765,Feynman44,None,1.5706634612643746
1.3776167442875082,1.6254082252568889,2.9813210972507305,2.9050323473933837,3.2311843581428987,0.08108483974699211,0.10025868936410678,Feynman44,None,-0.8780384279578052
1.2776814467291127,2.5599392656727176,2.0750800442112314,2.4077168624129026,4.965056343525248,0.03995593007627742,1.7696266214169087,Feynman44,None,-1.198440816326055
4.781049013375633,4.787745128956717,3.5723450593529047,3.824727135526579,2.953391327012191,4.510275377273321,4.797823218790346,Feynman44,None,5.0413417801389
2.864921438882769,2.2039273000236634,4.2664243966582465,4.8496385621048175,3.6808782892540672,0.5981465608645851,1.9037701535616602,Feynman44,None,0.571231353286992
2.8290982766935144,1.0948481547241133,2.835391759418549,3.838316147887804,2.5595802815952586,0.44515930765095735,0.8698291594565852,Feynman44,None,0.7240167105273344
3.071287510065656,2.388478161847621,4.270731426315367,1.4446495635079466,4.547451856049544,0.11606735737608406,0.5724327640143597,Feynman44,None,-0.9910432571146388
3.866317950259786,1.342012922379968,2.6928152976300357,1.1228532496316688,1.5491784174712575,0.5220682568655767,-0.6118584963886767,Feynman44,None,2.301312157121472
1.394854775022171,2.7965498892235297,1.9107993988998633,3.855448240622129,4.004643031261073,0.12994418551541456,-1.3393990523613564,Feynman44,None,-0.5801637436716058
3.618684545402595,4.08866269108092,4.208231928125562,2.8238401570758396,1.6933720369288605,4.8010715258608965,5.752099324141042,Feynman44,None,4.8302627297212055
2.8095354475757217,2.5376389810043283,3.6166379206964563,4.82682531387845,1.4581041703872581,4.310211185775439,5.360211445445614,Feynman44,None,4.261164118563314
2.637501150165349,4.127375261414914,1.9627402953646098,1.6573879332175032,1.2661902543096923,2.8298908084098944,3.2371315254098993,Feynman44,None,3.8498314914244456
1.0433576845585062,3.8172397835904244,2.785720032010298,2.432112444743432,2.926861935267652,0.11658180257917619,-0.3359883600032886,Feynman44,None,-0.16722401359059555
2.9833429415878485,3.462684774480644,4.189232514065842,3.156685009453131,4.301160934409015,0.48580817912271707,1.1639291631813962,Feynman44,None,0.1328628666569076
4.830770264141984,3.2423682357485415,2.5225752154256083,4.243193839046035,2.7610304603807156,3.973517537711233,3.8117366157046497,Feynman44,None,4.415332168673168
1.7748186682337566,1.18700844574637,3.9009108757636515,1.6482693593091122,3.951371286359962,0.029783372831243778,0.43120338641987943,Feynman44,None,-1.3827733392565114
1.5896618062259762,2.4750024566751874,2.2942974141758996,3.477832768566479,2.975121217085708,0.24069050389369773,-0.6105469088816067,Feynman44,None,-0.1126176428488856
2.6360585296265726,2.613040629766869,3.008709985229393,1.0074194560897136,3.2564658860123448,0.13620604611120896,-0.2179699451462745,Feynman44,None,-0.5798796039757154
2.6222861443118606,4.260145310733055,2.0968747175298637,3.554583563038963,3.186374531584561,1.0094163637947882,0.004673398985884036,Feynman44,None,1.4938277860013778
4.483839529679415,2.565694275222853,1.7573826111010957,2.265480260566064,3.122048068854689,1.0884101780416322,0.12361834174235364,Feynman44,None,1.4659161907094516
3.14238394337213,3.3769125983753896,3.99358812700585,1.0109401504960651,4.736237664565492,0.11204110393371937,1.065125610068349,Feynman44,None,-0.8705298282734252
1.5504534333726983,3.1722676890854613,1.1996893213091844,1.0696965488472485,2.5102297370252424,0.12552767429725628,1.9354884153951237,Feynman44,None,-0.12551637018840844
2.3670919460757434,4.9691385211878165,2.8749123040620477,4.002083556024922,1.841103969842223,3.2408670699311792,3.37978336808698,Feynman44,None,4.530364294332561
3.2524420908688767,1.1489277626947287,4.591862434726442,4.579852807514072,2.775360060759665,0.5792257240900328,0.23900080111743727,Feynman44,None,1.1839549575894066
4.35677607195922,1.6805884658273715,2.1120535584089724,4.525920414398626,4.149625792559741,0.7703727194528404,1.3317991186864933,Feynman44,None,0.9992748242618604
4.178156934745566,1.0843701333231897,1.3885644036425804,1.4968925359849767,2.6879702975548923,0.29500092757116714,-0.06112074469060286,Feynman44,None,0.7008439086692683
2.5615154108968237,3.7485907474418787,1.3526667531293572,2.429946273680044,1.2559006448184071,3.7242248676258396,4.118573044718664,Feynman44,None,3.9047489708655574
4.114948460710579,3.2885803628566843,4.201136099236638,4.184533035320785,2.650515777822047,3.035879698303463,4.205754498875722,Feynman44,None,3.5799877160107014
2.5148919172737747,3.677357099964923,1.2315407080907592,1.2705460235220132,1.7479431105298726,0.9291794296458779,0.9265024757648909,Feynman44,None,2.0502910271450396
2.195690823704804,4.067376956981822,2.9769751287203174,4.600184573093214,2.0625678221918298,2.089230948050578,2.0360352295119526,Feynman44,None,3.315969007164147
2.9542864190076177,4.573091955154816,1.9192231995864857,2.6381332538568647,4.690363019389106,0.467041771430166,0.39564138654923786,Feynman44,None,0.329406323496414
3.2267819605133763,2.536214131874319,2.8055237600972345,1.7986198463648253,1.603767114373953,1.5910832413768803,1.9915308743472857,Feynman44,None,2.4663126886102247
3.3764031630023634,4.165207673143687,4.920243632901194,4.6171528949975364,3.9739123532993217,1.3121608757288012,1.8285955779213108,Feynman44,None,1.8112567629345164
1.0928185489663078,4.097028352689103,2.6526901887601357,4.244037284362413,2.9386312863965243,0.24042507385367892,0.00201404508309444,Feynman44,None,0.6935588624624359
2.7215816913107522,1.1255939308591159,1.7391797344864206,1.4703118519222862,1.4994469647502844,0.4361996473415726,0.7249907340274016,Feynman44,None,1.200469379232407
2.1741395616271237,4.959251549397602,1.4549499292697212,4.7807946309438165,2.7994052644550798,1.4336416970348442,1.656567321029722,Feynman44,None,2.926995050943214
1.969235022634885,2.177957373888473,4.168324043933503,4.637315788848612,3.341026108248046,0.3330129832208894,0.24659496894060864,Feynman44,None,0.06770137302585462
1.7749549021506414,2.1645999038921615,1.527446890664288,3.085470442692945,4.989475211036343,0.0829009657986802,-1.4565475877048937,Feynman44,None,-0.9334221240448293
1.6762063545873853,3.9873782998995204,2.917956711360826,1.214688977838298,2.8057243520181645,0.16145451273032643,0.8214524861473328,Feynman44,None,-0.036841064551031054
4.234835454566476,1.4855933887721795,2.4320614526425426,1.2856622304338368,3.8559544808050843,0.1474097344074388,0.5367348042595746,Feynman44,None,-0.5303160592463751
3.903080851116263,2.2763804634565115,1.8843358579713252,2.513104892704372,1.9760946866399194,2.0378260810309388,2.8601718361626385,Feynman44,None,2.8306145760952637
2.867259447732445,2.5020602266970844,2.9450587231721217,2.058913679854148,1.8250653544538213,1.127541318995955,1.7202958517467337,Feynman44,None,1.72283302207084
4.096676987383514,3.2040654066957033,3.135918152421088,1.360741023284561,4.029255630791392,0.3579185160493911,-0.6516712727990703,Feynman44,None,-0.01849230370474199
4.051431613484512,2.4114549194661947,2.643395742468506,1.2050020567865678,4.231847240496853,0.19840042286478102,0.939267603876882,Feynman44,None,-0.548949731298461
3.6693987498749374,3.25733168315829,2.087463172050586,1.3185205131615922,3.0456116674395073,0.5462560098945731,0.7554840149203907,Feynman44,None,0.7364180955242282
2.4137165076649474,4.5914785082692635,3.9873315835420313,2.7179118629077004,1.5918140974255852,2.7324351076451245,2.414691211619895,Feynman44,None,3.8028567191379903
4.411119222184585,3.6530702119364116,3.268925738799831,3.805982376668758,3.2800460252309893,2.343294738011284,1.7585414593718136,Feynman44,None,2.861316815251238
4.73157774747261,1.1870215939927884,1.3156089856412145,3.472397956197621,1.5395472615631864,3.489598831104697,2.9983226216732604,Feynman44,None,5.1676428793452445
4.603725497463428,4.987123433335441,1.1288343074386895,3.044866520855197,2.999202564898833,3.52731800851342,4.706270120287357,Feynman44,None,4.375631815433221
3.2516746108449732,4.067437433351722,2.417929021844638,1.7846585488794,2.590407877979518,1.0619009616121944,2.7523790094549154,Feynman44,None,1.7867079279392042
3.7017223857699446,3.386578431425595,1.7662081304091939,2.390201446150141,4.313935324313797,0.5659045462164367,-0.4550295388576131,Feynman44,None,0.28176092929906926
3.548838603815974,3.6601172114599567,4.893413356101213,4.389851370228906,3.0991297912507134,1.956363334401751,3.1583547938705627,Feynman44,None,2.535504000674131
4.344020673434526,1.2653709569738818,4.5178213301091015,2.1701207374730322,4.518368399227122,0.13805720049551296,0.3122518485583498,Feynman44,None,-0.6649894182314496
3.2893174694584038,4.773503131632517,1.3345939476065323,3.4899859190972844,4.288567414037139,0.9723207588150038,2.2632374956665444,Feynman44,None,1.3641393919577627
4.567294790819982,4.638162830232796,2.919117838522463,2.253261670863018,4.7326950956229785,0.8894560202964591,0.11935799911716793,Feynman44,None,1.122062062863215
4.827096388235919,2.901047430018632,3.494852051507543,1.538002594816405,3.8795755664306744,0.5102843078355894,0.5048409904174824,Feynman44,None,0.46919547808607626
2.58325825106592,3.48504762151927,2.657430154101783,1.025957193813567,4.388831706432734,0.10730842311120294,0.07979533821829018,Feynman44,None,-0.8673735155527293
2.1262925334481517,2.9886817080252994,1.628889985437071,3.715177336001935,1.3156617697439663,2.8661050852169097,3.675868923670116,Feynman44,None,3.3005041281012155
4.953737426731991,3.866268076147922,2.7955716741808074,2.632926467345014,1.1128192253875202,18.305580413349404,19.343346025422978,Feynman44,None,8.999781025957564
2.700296365109649,1.4745935938798373,3.2548334608337965,3.1149544893272534,3.6881487957001102,0.21341482884368054,-0.08330313844234019,Feynman44,None,-0.5120429218771576
2.701072766982214,3.1196894150093,4.370759945396276,1.8774333263512628,2.4030970016632507,0.6358930330064152,-0.456353830333329,Feynman44,None,0.8661951462947113
2.235272481854764,1.0358488064943612,3.542643056461612,4.9180081357064225,4.245633865835434,0.1261053285435452,0.9043281910938091,Feynman44,None,-0.6407940674721544
4.694801004383532,2.4870470503082642,1.7694973335281712,2.1007413694396795,2.011983982906243,2.5329799267982507,0.7908872938921365,Feynman44,None,3.741332824041988
3.7605040452221803,4.2074170540883316,1.0851365289472175,2.686602358965592,2.6769964359331446,2.1957338933633723,2.0511274834416873,Feynman44,None,2.9487786354542713
2.2246612594304493,1.8695178748485044,4.928526923579487,2.1643451818260644,4.995761580554449,0.06502377792082494,0.6473899849113134,Feynman44,None,-1.2171021836152531
4.183031958614404,2.443115842559832,1.1226157690555132,3.442420275186186,1.0741185959355692,12.357944758284532,11.152834209540137,Feynman44,None,6.650642798355732
1.1301048562138059,1.767247702428131,4.555702949126457,2.3595406306722664,2.5601000985983515,0.07450409040400334,1.0329833438430824,Feynman44,None,-0.7144086797404702
4.1621655695644915,3.9181637798042925,4.951705602581285,3.908306330061997,1.462681557933089,11.265936180133314,10.617136780613732,Feynman44,None,7.23992898577591
4.3193175065407505,1.1871715422972877,4.703488237402448,3.942465873570411,1.1474724499746602,4.66350620226098,4.993519884053722,Feynman44,None,5.828416874347367
2.6017185711821904,4.169983088457868,2.8541700660657217,2.511724675670731,2.901268264826626,0.8061552446347616,1.3249741085208258,Feynman44,None,1.1679045013185063
3.2009089500558594,2.657545580810913,2.1474386049254925,2.5867422658141224,2.512384375160658,1.043022156822158,1.0233213047758805,Feynman44,None,1.3510582854432724
1.060401253319411,1.0883459083622373,2.2403086282748212,4.439164983001752,1.3980673164999984,0.2707374990857965,-0.44151052968097726,Feynman44,None,1.0969821152468089
2.440741258295676,4.13908861950821,4.026383855774801,2.666073563620642,2.0519070171887885,1.4725301412662146,2.221505907813997,Feynman44,None,2.3710586864636967
3.127039411058436,4.739249776874727,2.1639352869837674,1.887439868707558,4.636280835059953,0.38797532716072647,-0.7430833562809342,Feynman44,None,0.13922375221404784
3.86085053368702,2.6710633594383717,1.2552997971722797,2.5822610091695326,4.0117614251621925,0.6117444772949879,-0.8180174037268307,Feynman44,None,0.33516548717422495
3.8845215351497324,2.0356248555422516,1.3257842236998587,3.9567653291731366,4.104906560479031,0.6942593610134494,-0.8149623829199556,Feynman44,None,0.6492992738102031
3.4761608951966814,1.3368564937039418,1.5965383121960866,2.130676419952933,3.7155815210539047,0.21546333920001753,0.009362002423205201,Feynman44,None,-0.44418492685089356
1.7599573079942612,3.1941580498290616,1.5781496401256523,1.9905602510023668,3.69991776718397,0.14075620823882373,0.3606349268077843,Feynman44,None,-0.6430084087900723
4.1120525332583355,1.3199760837363197,4.076499320622763,1.8837608851112981,2.9928619557343508,0.2652255617593214,1.5070062239694404,Feynman44,None,0.3607771443760814
2.3642575163338906,4.635137397487194,2.405805630719916,4.824894659308187,3.769337847435916,0.8735558436046407,1.2973505805664387,Feynman44,None,1.543887717177693
4.962421101119569,1.2375585103229425,3.3193996122687164,4.8997786829385355,1.6330787676160363,4.534772827372587,6.630260446819783,Feynman44,None,6.498134234270143
4.923797343492351,3.7192528053219247,4.429329387612743,2.9782763007315407,4.4630593793973645,1.1631513681549255,2.1321541830780792,Feynman44,None,1.3875825801443125
1.0624429459687432,1.3368560778064973,2.395420611501214,2.5384892387897993,1.2391646947565138,0.23797844632916743,-0.2813508356298229,Feynman44,None,0.614598504721189
2.719917319400457,4.6431212379128635,3.6229682055031573,2.1201343987725023,4.144473604788242,0.3962702552719982,-0.24917349691720903,Feynman44,None,0.12459623001587176
2.467324800663732,3.47335981621907,4.881531240729835,1.9501983230585473,4.397961098349126,0.18688720730629343,-2.4614358595240224,Feynman44,None,-0.6990464829362272
1.574974802854753,4.9506831730870235,3.0314553968899722,3.845687481569748,3.600860541243906,0.3617248467332663,0.7723690296642793,Feynman44,None,0.6748796363995406
4.640999180677211,2.9496267704681403,1.442675109018392,3.173484447416472,4.287964581257594,1.0489859370540626,0.000535992784168382,Feynman44,None,1.1140743818595302
3.3446419532013256,3.228796020666347,1.2286966841708424,2.5346897831616952,2.810661433324088,1.1279196286875333,0.37336179583921214,Feynman44,None,1.447037513564452
2.359536706063674,4.406588421072522,2.6683710383104753,2.905121742790207,1.9304961004144836,1.862835502809038,1.7508922823972426,Feynman44,None,2.9725117606704967
2.3035175697897636,4.314332884376935,4.873860831830739,2.0812579856095517,4.9095438853755,0.18101423440880154,1.5017730787830281,Feynman44,None,-0.5838352125053812
3.8923289297519665,4.3818242447415034,1.1394372010298883,1.2877288628210195,1.8505093341385819,2.374482261525425,3.616459598006266,Feynman44,None,4.189439404009038
4.107412453556985,1.02643927695636,2.410147209414747,3.1236971143400867,2.0130639039121836,1.0472692239879147,0.8449027771869153,Feynman44,None,2.595302840376617
1.0821651368102136,4.3922445580332035,2.7794569687619073,1.8391250038460045,3.948453698662198,0.0596758863901178,-2.0116970281514543,Feynman44,None,-0.8163334269369045
4.978269226617825,4.684774274277363,4.524672072446268,4.872553642944239,2.2395622116409184,10.55423243356666,11.373289272334706,Feynman44,None,8.242988983447368
2.8440392001604344,1.24562128100375,1.570082816255685,2.69886836265286,3.5639916617456464,0.1947833574338265,0.28934336642156633,Feynman44,None,-0.4866758671118832
3.7353593192613372,3.8357307827348226,1.2684211180903797,1.744781798388923,1.5776884398977584,3.590997046850204,2.2342363270493197,Feynman44,None,4.425695498665535
4.7272839681491075,2.1648828016897586,4.549120149813694,1.527444909013063,1.8256286318474215,1.2809304423634302,2.0271463289763254,Feynman44,None,3.481946265469547
1.8265374783582553,1.420873721640258,4.581729597705829,2.3199058857460546,1.9119467463225108,0.2473656703263104,0.29271092958234785,Feynman44,None,0.14669937763115048
4.683893248327061,2.402032211243263,4.264874221736715,4.0127055602899215,1.9628494509432977,4.694217265459722,3.5998402914987837,Feynman44,None,5.157324623035129
3.5265996480093147,1.9356347921882362,3.8094563574483917,3.2189237214924513,1.5685271829469336,2.674951776218816,1.822741242794498,Feynman44,None,3.3455894390601393
3.53420112306299,1.4307719805035752,1.6305290511296762,2.0138976037577403,4.152619473766341,0.17959626328851172,1.6621575347948434,Feynman44,None,-0.661424213583679
1.761235091817019,4.981334283402507,1.776679489393544,4.512222361611811,2.1367295894234237,1.5302125453471112,1.0595979009353074,Feynman44,None,3.518807849720077
2.532620874060091,1.6880143866331574,3.2103804820282784,3.930946873934936,4.595459241048985,0.18493563601964647,-0.43771244400392173,Feynman44,None,-0.597114724039037
3.776974156248784,2.5411320939134896,4.096393766050893,2.5399502862084566,3.8479148509094503,0.5175041656119951,-1.1579909098485408,Feynman44,None,0.1587211490615703
4.311721973218621,2.150959786986098,2.4043780842248657,4.091497531139181,4.587351163977907,0.7162181950353433,-0.4271080802408608,Feynman44,None,0.7102223520731065
3.061564993798422,2.3379402072384914,3.3152637088798778,1.344194699604389,3.8053440657350546,0.1576538346653035,-0.31751723129065557,Feynman44,None,-0.7330452177514855
1.0667461997385335,4.482645914379344,3.6984250160464214,1.659154949627366,3.2391778582738135,0.07832716168079723,0.04867206396059651,Feynman44,None,-0.4240194125725204
1.7853592857023073,4.988508236088809,4.462000307348154,1.110614204473264,1.1788177627430199,1.145913318481651,-0.5543678375826429,Feynman44,None,3.4698682462653285
3.475995622194664,1.6242523304632663,3.4364847803540863,2.877003865416019,2.3734292864384723,0.8229352185174893,0.8556343434174913,Feynman44,None,1.3308339898117194
3.630231680540788,4.728427371682949,2.646582336102523,1.8976844659939132,1.639449163578365,4.088688035752809,3.94792403308438,Feynman44,None,5.095592891105737
2.3045817851819566,2.1089145917546825,2.39499580789541,4.403002919471321,2.239596786263374,0.9498343698883767,1.6106675497357354,Feynman44,None,1.5166301732325413
4.475142626119152,4.430532243020252,2.042674679578175,1.0365525285724564,1.9717484796246185,2.0372878206763136,2.093249766019223,Feynman44,None,4.5549778994195105
3.485729814577755,3.4682102287482865,3.658366280756327,1.0580345267459945,4.401329396740003,0.17462309846290044,-0.4109591111019082,Feynman44,None,-0.5776408648261399
2.3985998619781785,4.344736378431451,3.3329142137695196,4.826802882269691,4.0025386360694375,0.7401618684231427,1.1656312385075074,Feynman44,None,1.1464582922143516
4.8180745334436015,2.914436225524054,4.929193854192383,2.580645027561877,4.14361270008245,0.7930158092993645,1.131798153181451,Feynman44,None,0.7958255618021831
3.917217379663331,3.29506356278458,3.503985161037417,1.663662977773349,4.274417217709136,0.3796884385189235,-0.6061882270971155,Feynman44,None,-0.08847465644360412
4.695223501317159,4.193234834951889,1.800557634057999,4.752065653105673,1.488399499117878,19.420501688429656,18.7557892417562,Feynman44,None,9.654190708631333
1.4802197556445509,1.7210483527365437,3.789667147917143,4.584736499543499,2.4886961625365713,0.2671254847604573,1.257825581521742,Feynman44,None,0.30064800800075897
1.9889675485306175,4.346426913934024,3.283859975587503,1.9231525170065789,3.2050635693698513,0.30629778357252285,0.21369609155452002,Feynman44,None,0.17668008276456423
1.9704716616803792,2.0697441070612728,3.0509402849185965,3.841341404093654,4.305861152543397,0.1587543924833067,-0.17136803843523352,Feynman44,None,-0.6919669693766727
4.483397485458276,4.689284723580806,3.6912062588126506,2.8668820499374803,1.7701854639785082,7.909621876734531,7.900286240600204,Feynman44,None,6.871307757058887
1.0183220299432674,4.818779757706554,4.306789230068018,2.028359700752304,1.5789641734705833,0.39738240274983266,0.5642901756975616,Feynman44,None,2.10498238867615
1.5811631413778602,4.27956745414912,1.9368998946243714,4.52516534986178,3.556820693012552,0.38290154144797955,0.9002528229841729,Feynman44,None,0.71705762639302
2.3485024614150753,2.077089298654033,3.3265169568176383,1.396575884695347,2.139691387259549,0.28359900492882073,-0.3186481714044396,Feynman44,None,0.25160590162794266
4.53599507743992,1.7802136907624964,1.8356165474115431,3.902884867964715,4.923841210296451,0.5422765774312192,0.6915412783970749,Feynman44,None,0.4449249468384079
3.3047629491206383,3.1379411502280647,4.640752468747218,2.7139965552969225,1.2205569465544692,5.462561462051906,3.8226630914591997,Feynman44,None,4.533038776831762
1.5619008836977235,2.6044797826911057,1.102108786400251,3.1046021145953056,3.2032719327001584,0.19149980088279217,1.465613852967363,Feynman44,None,-0.2925186286419522
4.7226051153078,4.093277806986443,3.2144241577783528,4.858966232559379,2.6500424882562568,6.01904813381479,6.563325289011415,Feynman44,None,5.881716287521319
3.5067225279751013,2.161222096715761,4.7270068852792,2.1062410902615207,3.231078224552536,0.4009626663711021,0.6319313402229154,Feynman44,None,0.09837290776256728
4.0107682383748795,3.4319927664953562,2.682881509193947,1.5432169934658049,1.1856746720588722,5.201064678306923,4.73819409176512,Feynman44,None,5.3810374355020985
3.709602509127735,2.1391987782227107,4.639103150403338,1.9406974061854743,1.3799054063379317,2.146628291547694,1.6751375691108523,Feynman44,None,3.3398052987566222
4.58304211500502,1.225419791534578,3.002117877105726,2.4800124898231526,3.4095072723049595,0.3797901608703061,0.6554674888514634,Feynman44,None,0.5220597187206554
3.87425641415251,2.0491253414267905,4.79810574639165,3.3705299741083796,2.7676313958945142,1.098484791940965,0.5597786923250037,Feynman44,None,1.601199210959239
1.0690907948002204,1.9046518710848805,3.7782445864805734,3.5374244588479824,2.6743569704207015,0.10397031774641134,0.633920489034048,Feynman44,None,-0.43788460352794856
2.0927833273009595,2.273989347503113,3.2808019718841113,2.4760084324203975,1.327441894089203,1.284791497318792,2.380759306017798,Feynman44,None,1.8450237714787683
4.392536427104043,4.286133782945338,4.1694353842762,3.218413854732999,4.893300798154641,1.011447458882779,2.1572141759373995,Feynman44,None,1.2854035758163778
4.490841989754532,2.164982779286567,3.2725094166200663,1.9305866994764935,3.990982574811872,0.40010141846827807,0.5987077826001806,Feynman44,None,0.028200137900795005
4.629769051565558,1.7949217123640246,3.513651283091015,4.190369403353938,1.218087120639138,9.222971222081739,9.101294952181087,Feynman44,None,7.003204120903379
3.561723498576748,1.4720627705536633,2.3799611216154846,2.1923467396567062,3.525224732672404,0.26887433571950986,0.5756045283200841,Feynman44,None,-0.24524865092160894
3.4331846943337436,2.4273932689402025,3.042733195355269,2.2269570627763353,4.528544006785316,0.26886441240086273,-0.7065303053831564,Feynman44,None,-0.4823459736040137
2.9517750657502533,3.367217826389671,1.144762043786939,4.143817688849426,3.576459603285298,0.944573084325541,1.249443316263594,Feynman44,None,1.1874132381278217
4.721379102343295,1.408730238737748,1.126506601006191,4.229508713214431,3.3077313268416626,1.1446687684593686,3.2862831627359466,Feynman44,None,1.9994463812819483
3.005975288841472,3.9241646806935773,3.1613417879969323,2.419365643299252,2.1504054259196517,1.7339134852649254,1.5067927996138555,Feynman44,None,2.530736360488822
4.5733118516552445,2.325612890816239,4.454030775848821,3.628693510750755,2.0378741318270386,3.5318924672788983,3.2032617988628687,Feynman44,None,4.379882912835664
1.4334549812970283,4.731737311982564,4.542965817321814,1.6466837341323544,4.79777309521636,0.06588931527396365,-0.6201517956571536,Feynman44,None,-1.0524681633325006
3.188581469515105,2.7087053381730963,4.4370235739020725,3.443881307862199,3.649805554923823,0.6378186099528926,1.6115717054872847,Feynman44,None,0.42354829620539136
3.4054101695801813,4.275203341487439,4.011830842632222,1.2073240583663893,4.836043090673879,0.20852453667807486,0.5593238040564974,Feynman44,None,-0.4052843207103445
3.8435961754548904,3.7922371440771827,3.6358448001708426,1.0892000887398527,2.4994014450191817,0.7470433987134854,-0.19283798769779992,Feynman44,None,1.8849618731610671
2.445792360983062,1.4901082669574368,1.0455851664633462,1.5823648432563266,2.366243413144248,0.23384251098703845,1.4005459965239409,Feynman44,None,0.019176647521272606
4.789981932248405,3.7272357446388478,4.625584221362464,4.83691578870242,3.39548737099724,3.2911934984983398,1.8131892866194592,Feynman44,None,3.9457401020425373
2.856684719804867,2.5383483786697605,1.224329536985798,1.1371430826271078,3.0761654631559394,0.2286771239023554,1.62292552078789,Feynman44,None,-0.20591049150685145
2.4698985016755945,4.305024715439251,4.653799571639032,3.660759320756257,4.348338884452444,0.48585660796964514,0.38893228325466905,Feynman44,None,0.3689211138626738
1.1728284916635183,4.2687192848610565,1.1799828915735984,2.9642564719794264,1.5585414164135503,0.7197151479414311,1.1281586718978576,Feynman44,None,2.4398965756375355
1.7867424206838747,2.7374964675724303,3.5894463164531554,1.0542808111969313,4.348707697186438,0.041148476705152544,-1.011191223926637,Feynman44,None,-1.302287158432747
2.6913723663782476,3.2862849713608835,4.797422108959927,3.374364301325284,2.3781878075951064,1.30975900503125,2.0044159217257818,Feynman44,None,1.7930219644896042
1.7920450789145845,4.4777530701356465,4.639772056774312,2.5363629835369736,1.3717566847671665,1.8516897180498249,1.7902123003499792,Feynman44,None,3.2762978423249
1.1615362927096022,2.5429343202877823,4.635857255988354,4.087000824684615,4.757776786435257,0.06020999296863312,0.3013804061754052,Feynman44,None,-1.0628758509174958
2.832380711880836,2.8888184610324736,1.8449208247021027,4.212449385727719,3.7673844193442543,0.6733696753695892,-0.634922220776512,Feynman44,None,0.6481922109653809
4.436599749392824,1.8623704665779983,3.356259219372251,4.458476266652076,1.803308785554678,4.40010894738485,4.627169848916205,Feynman44,None,5.12485797179149
2.6487141372930387,3.9179218826577094,2.935670584307674,3.9731981933241824,4.8397769430911595,0.45387702388272244,0.4539314779487939,Feynman44,None,0.34270854500563425
3.4874328052868573,2.0663419259655122,2.556465130779538,3.822265237799552,4.708397762584153,0.4007678369930624,0.7095242209945283,Feynman44,None,0.017247265226217456
2.094199155554695,2.955066656273117,4.844454140517037,1.4636312961780567,1.3495176239209967,0.8705487375000254,0.9468949259543418,Feynman44,None,1.7204447707354098
3.0382349882640907,1.2613322194152072,4.071588115263105,3.0062665668957624,4.162638449798781,0.15611648764730615,0.5054883166963485,Feynman44,None,-0.7080147579679779
3.8586266247537417,3.1884251316027528,1.0788766877317135,2.1041026795087214,1.0650514492675138,8.48878978735086,8.618245924376943,Feynman44,None,5.732911586880981
3.3379747602411385,2.2043229101654034,3.3006250211787553,3.7395023460864434,4.956212402229616,0.3399736504389403,0.5801667019085467,Feynman44,None,-0.11378721573553072
2.6300513853373486,4.938497784962012,1.4741672233567988,3.9106873141091367,3.219683251775706,1.284972570738265,1.3874677368292112,Feynman44,None,2.1990084933142224
1.4252500672831112,2.195137247592368,2.03513181543184,3.588563444754903,1.0769062948174142,1.3574417450830216,1.302497768352512,Feynman44,None,2.2190048682996326
2.0635563162724293,2.463910827775133,2.093203227831427,4.847920566967439,2.9118168837431635,0.5905108372825087,1.0026068264816104,Feynman44,None,0.8749123033091134
2.7318384726941005,4.842001328722871,1.741694377857434,2.924321759489428,3.8245978077530274,0.7125639786903576,1.2522572133151373,Feynman44,None,0.9730821130002063
4.680251076975778,4.54322638965055,1.54362795897221,1.6501796296330262,1.4312479170603236,7.515801566123009,7.664052076083466,Feynman44,None,7.282439493546337
2.0763216482912465,3.468563023968396,3.6290873652131226,1.0607974524186852,1.415314634686451,0.6786864568984666,1.1899045842126763,Feynman44,None,1.8530531675822401
1.26231438431972,3.1395105432060983,4.563999440708305,3.731109344213084,4.116077949569596,0.10731479138827092,-0.3807073752324699,Feynman44,None,-0.7333375805600978
2.924317297208708,3.703680893218001,2.003093938486404,3.31493298547404,4.288887048290728,0.5566408737824191,-0.4935769365049498,Feynman44,None,0.38988326185285804
3.381345607353641,2.380448783031511,1.4007682417062393,4.157474717808037,1.4239967322677582,5.441324499114921,7.096449261424472,Feynman44,None,4.681524809013293
4.522219474526149,1.6113866434915054,2.3420467857486473,1.1554055145947961,1.0664208808439697,2.08518855602632,3.2368586708847116,Feynman44,None,4.784571414343161
2.5484242711977245,2.639391204738269,3.406469580374851,3.77150070721883,4.873520908171692,0.25709178214676964,1.6052727810211134,Feynman44,None,-0.3364567333026146
1.6124120786470466,2.407354988978601,1.1368542704546223,3.1389099326937924,1.6849039825851904,0.6877179072265609,2.8573767294987533,Feynman44,None,1.3072081047993722
1.713433284536574,1.942442076178604,3.8602894474320726,3.2490348354859866,3.758697400982801,0.12210631368413212,-0.00380801176896807,Feynman44,None,-0.85187764870775
3.1354786190966637,3.869984590005587,1.1481538237572093,1.9820653458476456,1.703140468152497,2.536957772137933,2.3781145331459292,Feynman44,None,3.44733819823912
4.6185799636467735,4.400544951254506,1.9406228400258847,2.389257219773052,4.1136501515161195,1.2538261197304377,0.7663158677376625,Feynman44,None,1.636481082917857
1.1020712237128487,1.1559982479592619,3.4065199655770453,4.681199557204442,2.5840236875395064,0.09432875924581331,0.41851685801670135,Feynman44,None,-0.23407376665686674
4.476835176389043,3.2850669954658143,2.9161361283708107,1.1801181674976138,3.140120823201105,0.6034655806091029,-0.6034441646636199,Feynman44,None,1.170639139910646
3.421700548752722,2.8479258904286753,2.414956713166874,3.3167881830924415,4.693228820355172,0.47413676578157143,-1.058251647351702,Feynman44,None,0.13383421337641735
4.918956118485857,3.715696147531159,2.100854900941139,3.11693180209793,4.985489765185825,1.0631531696019645,-0.21982775479002292,Feynman44,None,1.283801622862783
3.673956760907267,4.709870887043368,4.4260979541966545,3.737232513739158,1.1050207595003676,18.300693383384647,17.65156370685953,Feynman44,None,8.428662339870082
3.396633057216566,3.4365541126865606,3.4481272204014988,3.8515668390553937,3.007201992471526,1.5932852513949898,3.158489362834648,Feynman44,None,2.018220618309566
4.8007280452002465,2.3354020566169655,1.8888989412898676,3.0960499280504568,3.9430677107836036,0.9811868677869608,-0.07578726817845127,Feynman44,None,1.087649961813173
1.0527285960531745,1.1169918466638338,3.8093375258063626,1.2086751031605818,4.5764113234654,0.005661751302746568,-0.8685608559883617,Feynman44,None,-1.616459076248925
1.6834913578220871,2.3148781745748668,2.985559496813669,1.918013926905537,2.966062061857358,0.13226085393548856,1.183208244513276,Feynman44,None,-0.6329731561028354
3.8751667905535703,2.5082688802178965,4.790189551638727,3.677270325022375,2.0541549744690064,2.8216687374199916,1.7670281380233723,Feynman44,None,3.470582286568525
4.465703209427668,2.7680338621090725,3.7065092784316787,1.907670566384216,3.4807915212708744,0.6791611195503593,-0.28011514072233956,Feynman44,None,0.779630018887923
1.9113985426446205,4.033831711886881,3.90278948446851,3.7214216668035203,4.408954228018715,0.27470776821923726,0.002625454414171391,Feynman44,None,-0.11825199094268332
4.3918950835436235,1.7727489819518052,4.737047176860564,3.961177057495165,4.218111749161503,0.6037155625287932,-0.2542011973712812,Feynman44,None,0.6215962862180429
4.593810922621705,3.686039567439189,4.727518269389343,2.8038661763389197,4.34637160933592,0.9850693549851558,0.8406696001110647,Feynman44,None,1.0915245842504153
1.8065828273300681,1.4374856912638854,1.1250572504187661,2.6072739093224304,1.3998255404055455,0.6055939713113427,1.1873196764776686,Feynman44,None,1.1376659218320893
2.9770245759652103,2.7315405599146625,3.526163507497653,4.664969907401664,1.8484333231129875,3.134238029954305,3.4110511987839267,Feynman44,None,3.6280755227988304
2.975488014949193,4.242410259250813,3.846254514657016,3.9173294329196016,1.743794390152814,4.638868055503044,3.215452366133727,Feynman44,None,4.750590963236865
1.2713053109200194,3.2668322371479066,2.4770273378362084,2.8339701002332616,4.220568344758023,0.08282699177331407,0.18512507438445025,Feynman44,None,-0.8653847884357826
1.112216452746082,3.793714569235445,2.5806037924927354,1.8437140736186217,4.9276307642503845,0.03493831525028821,-0.39890699656501644,Feynman44,None,-1.2107237205336934
3.174687471275053,3.415955888067881,4.617364167345476,4.224394622387216,2.0586065702394145,3.203704301993298,1.894973485188496,Feynman44,None,3.6793539183796193
3.8001086550672944,1.6205031624958468,1.896736584581952,3.361374129841387,2.9881548635257857,0.8018987428735523,0.3383564291654735,Feynman44,None,1.1061098989767604
2.864117005564337,1.9662702461807249,3.1372949259370366,1.4482856924178789,2.2623804493332975,0.35599549421528054,-0.4674677424993824,Feynman44,None,0.45914077051755464
2.3516847689934477,3.0476361456156513,1.7631482035690218,1.0088105035630561,4.526444543056435,0.0753831733296037,0.041119307921469436,Feynman44,None,-1.0348447265135687
1.56333283695619,1.396230175041958,1.9298657229305598,1.1724235731201365,1.3046321705167396,0.20493530216574848,-0.30181076413438357,Feynman44,None,0.5165763491284701
1.4096758037481285,3.6708593872704602,3.917852745694261,1.1862210003643727,3.2613512238654296,0.07438855372008826,-0.3391376133415268,Feynman44,None,-0.7361455478842356
2.813919984216387,3.5551662067352114,3.796022684734774,3.6062657385071413,1.5531836220825919,3.9873463132650397,4.023197528077014,Feynman44,None,4.029320687666447
4.540688161849481,2.9615953747531925,2.057141010544194,3.061442765330988,4.065159282420238,1.054749122325774,2.01662025874382,Feynman44,None,1.1212329178976275
2.7906350450296835,4.529869125495887,1.4179702061750996,3.820898047446873,2.1501458673646647,2.9006573776150635,3.2676567637964156,Feynman44,None,3.872190697857071
1.9164201298839463,4.82796879673728,3.9499294528343842,4.938296910171163,2.7399676217037743,1.1521621546618812,1.74408991278899,Feynman44,None,2.601482081336419
4.32957235862379,4.347499763558189,1.1713584342149854,2.116450820542377,1.7952843612573735,5.187806171600328,4.120216901550317,Feynman44,None,5.603709689702808
3.714314441172578,1.9337986043935258,1.6568768544939783,2.7827695971428468,1.1923795043678842,4.82385573970342,5.333957309054881,Feynman44,None,4.399369911871382
2.162393376246968,4.2587944541555185,3.032180102840217,2.3268611268083825,4.955496248622927,0.18129464065367473,0.1151277010657181,Feynman44,None,-0.5003305823487749
3.157558670247288,2.0368826485292617,1.1095710024849503,3.5066522115470367,1.9364307673878534,1.8501014252008539,0.9857624320797745,Feynman44,None,2.481634782423021
1.1110298358195903,2.229036820591229,1.5192367162968705,2.1140157224543388,3.766257154505669,0.04037559986622291,-0.08030128596311005,Feynman44,None,-1.1081004947416073
3.0260249400752777,1.9726173332567893,2.861402348831655,4.190053819260516,3.5807533306114836,0.5496059352759545,-0.21187974044663105,Feynman44,None,0.40291137405854677
2.053066898841007,4.564889911885551,2.4807455618712853,3.588597548607336,4.575377100699556,0.3260006521327176,-0.7186821717608376,Feynman44,None,0.13757094127562108
4.669010293149897,1.071162090352678,1.9628660959711706,1.3042455219799707,4.648467734598414,0.08099973034006581,1.061341185639918,Feynman44,None,-0.9449593309707894
2.2704750300541607,3.4574002399123254,3.55738084844309,1.9975745340605924,2.3847307153255577,0.5771165137120458,0.3076383422281118,Feynman44,None,0.8360675448563183
2.4282808745321596,1.6338006888896919,4.5190911674056355,3.4316580829261083,2.6820803312161496,0.39688102252876684,1.6250010985947734,Feynman44,None,0.24357790439791896
1.8339680865580288,1.4588535568662606,3.4885866269303913,1.9749090698451828,3.02707261393317,0.08932904760735721,0.8384239487246459,Feynman44,None,-0.8655492654060603
4.991406437247742,2.0500524428804505,2.4014897544809632,4.818503340563911,1.5442338145122911,9.47949192711998,9.315783164842449,Feynman44,None,7.549120455776695
1.8811402013760063,2.651084862483457,1.7580324227616329,1.072061154477875,2.6761639316590027,0.12951668524710447,-1.2570264067945893,Feynman44,None,-0.3603103226166678
2.232239228599357,4.303640331775693,4.404256608643579,1.0623325894986122,3.7027167899683375,0.1411894244726654,0.13974952621979655,Feynman44,None,-0.5096890683027185
2.999816807827336,3.8479386515008334,2.2433943601982707,2.633140529711619,1.4970001727803006,3.908330226965048,3.888133415814944,Feynman44,None,4.104784016038651
3.050538656050177,2.755502184636894,4.431331814558312,2.9041534077810622,1.4627401998143639,3.0736325920317267,3.693673885663153,Feynman44,None,3.320807987603992
4.578568855234405,1.2106239761899076,3.8979542117366073,2.544488661103488,4.9231503605363445,0.16435160937546367,-0.5512209453348441,Feynman44,None,-0.5543867336283631
2.784344531550768,4.911089775110728,4.083556551378312,2.1232090381356605,4.686741089247988,0.3414643085591727,-0.24967855458096705,Feynman44,None,-0.0029532499254742535
2.920117581960039,4.358933802250282,4.302472473172706,3.425989475740709,3.0574774794668325,1.2898549027911088,3.370556985419774,Feynman44,None,1.8423669640247313
4.182740169240675,2.0936605970735993,1.280687030890721,1.095078202981671,4.814336017792842,0.14476188998732842,0.4221503448493294,Feynman44,None,-0.8110954657789442
3.524692139658038,2.9779141093616364,3.0806784900868585,2.3395553669857234,3.101231017773798,0.803421231053581,0.021811118720173273,Feynman44,None,0.8614300387208018
4.449874980672208,2.264885152726808,2.911766681005509,4.157360544426545,2.4633101941824624,2.784818418676459,1.5757388537704826,Feynman44,None,3.6131440644271757
3.5538317836233895,1.1459614684308534,1.885539798491369,1.9257438495800843,2.107423094290191,0.49454037619472585,1.654418260736169,Feynman44,None,1.214275338109813
2.3244025710879654,3.5860580640438697,2.2942716647531927,2.0323790023164126,4.131089019204207,0.22043615315807114,0.1474269189787491,Feynman44,None,-0.4761827992280615
3.956743559063186,4.448029695437125,4.3801077704086335,3.2488823514831764,2.959309210469825,2.3756953552731823,1.8758552067472363,Feynman44,None,3.0968921704504604
3.7759393649404545,1.7481549014519784,1.9135262293867776,2.526085085559345,2.652437578687653,0.7938069353229604,1.149333783389976,Feynman44,None,1.164144773811992
4.407872428890512,3.770783536453764,3.680275035632213,2.3207265421798864,1.8861313034305027,4.163225419961703,4.7037227603921865,Feynman44,None,4.85970081435373
4.105599046244198,3.6881707468634715,4.950055728475386,3.1461674368884025,1.184413266793821,12.249118815731345,12.318990338764761,Feynman44,None,7.065462661665457
1.8979498179145713,3.748529725475545,4.747852242200085,1.7768619518731792,2.230996419896257,0.4377150570811067,-0.15959795069703553,Feynman44,None,0.7837127377046214
2.8434185359415056,2.7688894516850278,3.977768288141665,4.9523478976561375,1.3361714718744495,5.887844021332514,6.644204913453559,Feynman44,None,4.948207936275707
2.7722728683063957,2.3928703356700405,2.109200140975879,4.654376415840847,2.905163748218825,0.9852369618725223,0.7412512066818929,Feynman44,None,1.3796927604758877
2.6792325195408564,2.7248329920499934,3.7132691027575495,1.1252260606608044,2.020409389241957,0.41731729698006187,-0.11676210902734258,Feynman44,None,0.8817477448946045
3.3087926682595112,4.55431728157299,2.5739293416635562,4.755525313408436,1.3588266815730132,12.608753602505214,12.227976082680124,Feynman44,None,7.67301766313738
4.570309744630734,4.941509592346444,2.3777392440112295,3.596336112219791,4.479234003517196,1.7848404533461932,1.3278898494436557,Feynman44,None,2.449994009721178
1.1132174052540194,3.0811574174368923,4.3249544584180555,4.872277925830906,2.5981546333781886,0.2721731008277688,-0.18942251157252288,Feynman44,None,0.735950790922362
3.751855126186394,1.2732307387186168,1.2078968677537811,2.123555580732798,1.2096425311924208,2.299509731021853,1.3613124480474839,Feynman44,None,3.536624564283088
4.199876836194653,2.2251038599546558,4.008476159464732,1.5620956230211474,3.539763501151483,0.32899660640458184,-0.6497208600237532,Feynman44,None,0.05331642751917631
3.243242736832178,2.728182409351101,2.8828781972793807,3.505576843530558,1.629796686179171,3.546503412431349,2.1070097999465096,Feynman44,None,3.666634813324153
2.368223868479233,4.244748717909353,4.399048500469165,1.4465713502325621,4.241065343295103,0.16897912731605247,0.09275050925837706,Feynman44,None,-0.6115054316189912
1.7134503966034136,2.294703763832659,1.549628029680647,3.8291797034555572,4.411593299287576,0.13109904647114615,0.06311346438462612,Feynman44,None,-0.6909469080477215
2.7318947023081246,3.297349574878741,1.0832824409959496,3.812003929061327,1.6462694238320452,3.4417737102730586,3.7011405593054323,Feynman44,None,3.749710782326226
3.46462387717066,4.41576533233205,1.8197439817801815,2.36865007339061,1.6696780775966502,4.347655950723456,3.645608031924567,Feynman44,None,4.789474823642086
3.269650013567465,4.206779466956101,1.16429280787119,2.929173522625728,4.1362813481731475,0.761126595439349,0.3082427454038524,Feynman44,None,0.8356538039009986
3.8942368757208925,3.6243336227367675,3.0574456375182772,2.565964068686704,4.8316923531634846,0.551858634053333,1.399354785087835,Feynman44,None,0.3194307004290358
2.5644175175597717,4.559323510005396,4.354500494701771,2.4598146886518224,4.010807031611245,0.4286980868804467,1.5862819863457214,Feynman44,None,0.19494373924335065
3.814731309376711,2.055995072251175,2.4590624410073447,4.873773955328035,1.2164153197456944,9.25969709541936,8.53599640547994,Feynman44,None,6.317932962976701
4.287557530813932,1.5967075569105966,3.849690513203694,3.186726835422082,3.800592205289981,0.5012637926578748,1.6288409423402368,Feynman44,None,0.41214621333008655
1.796085419999193,3.5796044091268397,3.009202713522873,1.574875789009838,3.456178632921281,0.14278683011300852,0.2574442715502193,Feynman44,None,-0.5697960198752857
2.8771248148554007,4.349177348425669,3.790197076620376,1.7945827084502888,1.3474908709923983,3.219258430350644,4.225925534982167,Feynman44,None,4.197629011645924
2.9183285324215946,1.7300409077446628,1.9874540363053042,1.4983591642953318,2.8102844349810163,0.23578743133989793,-0.14936483830399944,Feynman44,None,-0.14362207332656993
1.4858207921273126,2.5277581882013274,1.153349819630984,2.578147003835506,1.4897723119608428,0.6431570433731605,1.6732200603136982,Feynman44,None,1.3159464332532869
4.751864859393448,1.7182250932176246,2.124838987461111,1.9081243814017865,3.295924921288961,0.5350428062038082,-1.3222656611071522,Feynman44,None,0.7641230829434558
2.769595794010713,3.4238001734786714,1.7653194194881707,2.0192991558301143,2.0478905557510867,1.2104844053313366,2.5439772349910967,Feynman44,None,1.9130836723159053
1.2855959577171645,4.469614011125501,4.012442555797252,1.857648994412084,1.1397759140569992,1.0182536681266876,3.4188043139403046,Feynman44,None,2.87322069327603
4.533851897637791,1.97454308804511,2.4718921650700443,3.3380508268037374,3.998737291581153,0.7475844576411533,-0.20677148717311244,Feynman44,None,0.7478955545161107
4.979057285931816,1.5482751595628672,1.0605646203716423,3.4439871529424564,1.6168049444858972,4.730576079875761,5.044846671918543,Feynman44,None,5.6517618448414675
4.027038262393374,2.9261766308706236,4.457508843920731,1.7602081725211778,2.252136040464392,1.2483872247879622,0.20922963719256948,Feynman44,None,2.277251606529769
4.663939172769966,1.76159390062712,1.518949123345175,1.3317970219832875,2.0934073418201162,0.9189940633778723,0.6737585547047241,Feynman44,None,2.5276469678579936
2.29842748786576,1.7922316250978043,2.1416821226368086,2.713509992090786,1.9405087507474694,0.6370969327914123,0.750273203398029,Feynman44,None,0.9278159253123801
1.0678484374149466,3.205991530914174,4.44489984809834,2.055109295826476,4.156530474896722,0.04158338974170182,-0.28366310268395956,Feynman44,None,-1.2108953135881138
4.399814596613426,4.467863755387578,4.735940714499512,4.683773178118325,1.5519889825896445,15.726077037074287,15.751785797414952,Feynman44,None,8.958704780589676
1.0262836076933626,4.466355742212206,2.1230281826739903,1.9315402553808263,3.2622984635333716,0.08477874343073713,0.7829698455137346,Feynman44,None,-0.30053724256769926
3.969309190642324,2.7377103898725266,4.299691003635932,3.6830825068082027,2.968388988828642,1.5917646907611136,1.3056856445272331,Feynman44,None,2.050457557238837
3.735316218368367,1.8497138745744635,2.972716881383475,1.5323252400385048,4.959523026738327,0.1173611083438988,0.22924379881470752,Feynman44,None,-0.931930057185626
4.490314189867957,4.5462589376235165,1.4413777922436948,2.423509602049416,1.8247242826874421,6.449089046777712,5.22481980276243,Feynman44,None,6.264088234041258
1.8635814352035123,4.907700103636733,3.5109089058143885,2.2352658525755005,1.1448776020119857,2.8074390074396294,3.4817838318490146,Feynman44,None,4.266089534238461
4.027311835229144,3.8233719910098594,2.2090057538273573,1.8796121368867844,4.049452482974934,0.6515799161862638,1.5489581757062458,Feynman44,None,0.5732892623245589
3.9767355831160276,2.7857354005430803,1.1919714841047568,3.1002771234261064,2.9925547969435433,1.4787799404096091,0.8716216338532811,Feynman44,None,1.8465518553090856
3.0374734233117353,3.851312110472146,1.1105420263214567,4.150408685416931,1.2160085747679785,9.936600921012003,9.85817581764655,Feynman44,None,6.2444128149602784
4.403872867657473,3.2209853650847284,2.0296869096769443,4.216559011675547,1.080795468083907,21.67134675839051,20.947427232806792,Feynman44,None,8.67132605200258
2.60202837550731,3.807865130806664,4.793863763647987,2.173318359930385,2.6730250668663036,0.703057347769268,1.2367531108010064,Feynman44,None,0.968284626368914
4.977103793610093,2.3443878080157163,1.0375095326468973,4.432187284823463,3.3127845832253526,2.2836348410523994,3.1668268319073425,Feynman44,None,3.0362181351683795
3.4964356746198795,2.305051251934888,1.833378077459523,4.919681382589884,4.789578144291468,0.5851833692000714,-0.20856469981167725,Feynman44,None,0.6058224971795618
4.127310449908099,2.027089142527979,3.422627904217749,1.823365459951083,3.587555006660882,0.3601005318756088,1.2777078079197477,Feynman44,None,0.03379635153008775
4.248054397181855,2.503373803249592,2.1386330875782305,2.730439600408292,2.9110366844659854,1.3243384709097998,0.23819524208470488,Feynman44,None,1.773638906669954
4.503206305255521,3.6661266692433028,2.0468315192573097,1.7489657059926715,3.753157884489236,0.8323602316222282,0.6201441374241653,Feynman44,None,1.027131653312147
4.626623749394945,1.964056415919047,3.362602390356604,3.089816136122681,1.1968954168715489,7.440391474609729,8.105595362002338,Feynman44,None,6.230162998210433
4.131983319779058,2.172938087648481,2.660106476268954,3.7305599223306847,4.1783145588496815,0.7196696387280773,-0.005758373941720962,Feynman44,None,0.6420883327361869
3.2985333945686564,4.288104782321194,1.2060334630221523,1.8731685604606683,3.7364878745684544,0.6095766080772486,0.7041490069619842,Feynman44,None,0.6460503339307401
3.00069176991029,3.8742304894434256,4.9804974541979465,3.3095811257146686,2.574619068710912,1.606094557430174,0.9343117981086599,Feynman44,None,2.203352737038379
3.3158057271960377,4.898716791860236,3.6850962633643665,1.4939566554116,1.842598879087841,2.0963219045107246,3.419392875754766,Feynman44,None,3.9300091937122343
4.361496498581023,1.6116022062152582,1.2830905622272728,3.9454727936994587,1.5744114980151367,4.605959801047187,5.462823580995226,Feynman44,None,5.118054932024941
2.833691092499263,3.8203061113192582,2.966270779370725,3.5023777437135486,1.7169911411121164,3.5110627289988483,3.7278238957572225,Feynman44,None,3.8839727200012737
3.135300958075354,1.301212024792615,4.437014538781634,3.0435939570090995,1.7520582995315097,0.9590867392343969,1.6767344798303994,Feynman44,None,1.9045314061243974
1.6551867670260236,4.3842013605533445,1.1575129987118395,2.298888040786991,2.4479092012931103,0.45986018039050464,1.244460711008994,Feynman44,None,1.136604636186967
4.726453543865217,1.1108776205247528,2.773966308525445,4.2342568126564,2.410528099928335,1.4558053488874925,1.9239735275188032,Feynman44,None,3.3685945327306945
1.5513518956528731,2.743202391176433,2.3088520893652156,4.196595738153926,3.034560435925576,0.29736306224198605,0.7919485843175713,Feynman44,None,0.20107802362615057
3.8959438656253362,1.629415196904556,4.9838020064514374,1.540413254696745,3.3738696279926548,0.17214620243801373,1.2490208911270084,Feynman44,None,-0.2790263868366706
3.8153719746074897,2.5004644208710807,1.7773661631826787,4.693554051701409,3.9486076840771527,1.0599517503582345,0.8361227125806476,Feynman44,None,1.322216917636505
2.174576504181341,4.501733204000548,4.185986065751093,2.0390213399251973,2.1097184084054734,0.9121768174039038,0.5001654512029359,Feynman44,None,1.9289539049523654
4.5110301285570085,1.5052122642472945,4.05162467929497,3.3205485131040846,2.9153426808080827,0.8936962166120223,1.8086122253559693,Feynman44,None,1.7099591302513553
1.4780071099401373,3.4853106147042454,1.0740861475434844,1.917928554128097,2.467955535793274,0.23835216526195846,0.017930515801386798,Feynman44,None,0.30083830402622325
1.7499387528902655,1.885251966717024,1.6987771995713365,4.0898765549570975,3.71631851162381,0.1679604254491278,0.16667118895112806,Feynman44,None,-0.4969286153481955
3.3197788487450155,2.972072735238011,2.8964460580460707,3.9395321655964666,2.4081004514221265,2.1104847781468594,2.1616015991628794,Feynman44,None,2.642675902801451
4.495078600338368,1.204515920939456,3.34590805656128,3.697716858688063,2.0358006933723076,1.661628967752356,1.4614619866511758,Feynman44,None,3.5326638747201904
3.10047624660323,2.465057629696888,1.3148767552399065,1.2735198780197385,3.5631816421797877,0.21680086137863092,1.4207161070124792,Feynman44,None,-0.4414220229459223
4.8421877258239245,4.684323827146833,4.856089999851903,3.1693951458310345,1.9340204146322435,8.290842856637436,7.8952852206067545,Feynman44,None,7.244734200389183
2.945969607716468,2.8122108499950005,1.7158295127733654,3.1636402526287952,4.32646188859602,0.3993397476502806,-0.5605592129592387,Feynman44,None,-0.054323147602637525
2.717596105836618,4.032461871098381,4.448208003116146,3.061092290691834,3.402446470165169,0.7373087755395099,1.1260811340085644,Feynman44,None,0.8182182402717443
1.3226443605442375,3.712070737350473,4.968773811545923,1.0679444976889112,1.28438018906815,0.3722306622563735,-0.05046018756817067,Feynman44,None,1.5304252422771267
1.8827654482585716,2.309449411629545,3.786844549387643,3.8257364807635965,1.724054986473508,1.000522982649963,-0.17425331693115065,Feynman44,None,1.6516188364361573
1.892952781063999,2.619638129762031,4.73327652344177,2.0788064571955114,1.3000451897178178,1.0233315336242608,1.7284871468537304,Feynman44,None,1.6621891301675074
3.1350001855617267,4.72631168510809,4.707348607216932,1.5833757728605176,4.215374063203028,0.3570063499941579,-0.12037246820826714,Feynman44,None,0.05925703647857526
4.749970318630094,1.5715946800191372,3.206404502877357,2.6735491870383394,2.250501315539238,1.4017614730631376,3.1599855921864846,Feynman44,None,2.919941452710009
2.7030928784622446,4.398655324948504,1.6197123733669065,2.330942577586668,2.2573410645468357,1.4395871120839983,0.08347578166472136,Feynman44,None,2.424258748857824
1.7255666804492624,2.4114206769435804,3.183475463705051,1.2524156601986878,3.3968157689307517,0.06808698325765461,0.9447703577210188,Feynman44,None,-1.0093996633567115
3.4796529723709737,1.5996613322872735,3.502336211878767,2.8891991254918588,3.017504532784068,0.5011515885430269,0.7787965638025374,Feynman44,None,0.4673354426409716
4.223430659330196,4.816042833139902,3.4105327186744145,3.088618755107873,1.4071931329993643,12.556893713731528,13.541590244012882,Feynman44,None,8.00724099223457
4.471126654408005,3.1629486521133328,1.3311303548241407,3.093459962607746,2.6944708332650498,2.5997537871744916,1.013363656385911,Feynman44,None,3.1814548164122987
2.6321508104870883,2.056793403288024,4.587844487800707,3.3561935575338446,1.0708312729485328,3.664858355311758,4.092447732420574,Feynman44,None,3.3866027956423057
4.353704800573995,3.7410941106075617,4.319134385612805,1.4494178843863286,2.603834306833535,1.1508940483525671,-0.6924062906804718,Feynman44,None,2.3921931302832586
3.0868299473939373,1.4527663117440288,3.0509206378439035,2.276234366096516,2.9559322378091744,0.2888105893274239,-0.02137049103076366,Feynman44,None,-0.052058689009269125
4.9973898704382185,4.233067021093163,1.0418967737386668,1.765896578044765,2.0502591310122926,4.2549524664785565,5.382899479454099,Feynman44,None,5.5642940998122326
3.74563888506954,2.145705338220875,1.7008773469065175,3.1026499294036376,1.502671590045071,3.8800232245059454,3.9625655671065703,Feynman44,None,4.026928258141817
3.6079704166878814,4.501579916210659,4.83537919531452,4.017462557663168,2.2049503612607566,4.539207174486677,4.188800853495051,Feynman44,None,4.888336030407972
1.024436270156822,4.233639827069865,3.4764281642405863,4.353543378504059,2.0506665449866546,0.4589251806966599,1.2547481858416714,Feynman44,None,2.019790114657712
4.162542380257214,1.3251029468239799,4.700830646741494,2.524923399623339,2.217444639431345,0.7236414857210451,-1.653597156617453,Feynman44,None,1.9444480302926825
3.3099822704825335,4.500036947954014,4.859125920358471,3.878114594047866,4.943584371579831,0.735977040845052,-0.01577254086703217,Feynman44,None,0.9641263570951327
4.227117093228575,4.547284989804753,2.458385295759824,3.615648296561341,4.969664159328078,1.1456344750323886,2.8700540604490845,Feynman44,None,1.6155491351957856
1.342629258197583,4.715711743019377,1.1836030471254362,1.0634952922809289,3.130904515550048,0.091108442435693,0.35043914457007647,Feynman44,None,-0.13901602903242002
4.721109471229891,2.6145113287452078,2.605262553631691,4.098543671351225,2.5863592275082277,3.2972979401732965,4.080893004470029,Feynman44,None,3.976039392537068
1.5667184882386955,1.1768530117813074,4.9206160824288245,2.8986805278789585,4.349673102067902,0.03726070645951814,-1.287244594413552,Feynman44,None,-1.36384379458139
1.5306828977567415,4.264580639316157,3.5806123527288403,3.5171659760712535,1.7517171376524505,1.1269959805697511,2.5446715190694675,Feynman44,None,2.6050898460960883
3.404323713078247,3.749494049658053,1.299846697332928,4.54301377952927,1.2082452749971306,13.420216145516036,14.30950903130768,Feynman44,None,7.179727901959806
2.7173351999514344,3.0279701136967985,3.1506942550584505,4.1289986629060795,3.8748573771464527,0.589644833364334,-0.10730543491894129,Feynman44,None,0.4496356208172704
2.608486609774958,1.81118723314213,4.4015062657104576,3.204914924440574,1.5797698245421108,1.3643340588331623,1.8918573031517876,Feynman44,None,2.001012296875638
2.3647270505867364,4.1623825112991195,1.1173260001182919,1.1592305179746791,1.8853389918557517,0.7360940274996127,1.0839761078196402,Feynman44,None,1.9784536465779432
4.583401526179494,4.26028459831163,3.128096256634559,2.821899795971385,2.4816983294879846,3.7730356753340244,3.6287048877810055,Feynman44,None,4.4955790011621675
3.556804081843999,4.861534486376458,4.046940112881645,2.5885200164896087,4.269864276783103,0.8066525298141701,1.264365562982207,Feynman44,None,0.9740075083756403
2.924064265142732,3.5940279155952686,2.177216611641557,2.4725124181198135,1.8707091906863451,2.076761598275815,2.1542814305979747,Feynman44,None,2.8015487336912215
3.5428057520883285,4.091110310313422,1.7054362132086802,1.0155833742991507,1.5543803044257802,1.9436174992854,2.135647133412983,Feynman44,None,3.962483999273341
4.111829799357299,3.7024106296826225,3.5056937587057746,1.3216790566955798,3.21253225589144,0.6366635231160287,0.412797514698654,Feynman44,None,1.0681199280534257
4.9108717966408095,2.3297048328175127,4.0735468330218,4.404842716839527,1.965850528274323,5.533960763589663,6.0980208903494075,Feynman44,None,5.837446949465082
4.9158662827450454,2.360474191293959,1.1987395131545515,1.0554947021851584,3.069472995365821,0.5332429337436725,0.5287065409131492,Feynman44,None,1.137584720888921
4.45277916259653,2.2952643626233344,4.8503382839982265,3.008201249784175,1.3665106246180416,5.731885749417927,6.148720036907084,Feynman44,None,5.525966752047816
1.4630311315866722,1.5408985123634507,2.225156462790698,4.8189432137461345,1.853850682394679,0.45242217685511577,0.6067326838023622,Feynman44,None,1.1991455919753116
1.1788578729179076,1.5949680642729165,2.2628967196025385,3.3347747751177863,4.689387785933414,0.03271603966292295,-1.006041799192158,Feynman44,None,-1.284328000363781
4.13573318074935,4.171003297167166,3.4205043559949115,3.746191560373742,2.828195712337995,3.147404845459233,3.141785678647424,Feynman44,None,3.732070134096072
1.1237614710424455,3.947079469364385,4.289445810750588,3.7447445618526274,4.325748129505773,0.09847016669804294,-0.6797314278265117,Feynman44,None,-0.6273663637528486
4.211165352255474,3.6975242352906537,3.340971046812613,4.555632543387959,4.534211473308629,1.3764964026874538,0.6396886267389806,Feynman44,None,1.8129042604135497
2.058479368900221,4.858723906792427,3.6136784230078938,4.781751939574571,3.8403888931724683,0.6592344729964765,0.9246235589907986,Feynman44,None,1.2497746573740836
4.8991043791784,3.6347970935975296,3.51499134098955,2.6095398609362603,4.9439343658171495,0.8139144049589654,0.2739483269500971,Feynman44,None,0.8417710213472382
1.6933305538634573,3.433988763262976,2.7859786489690657,1.775747343456378,2.9212070408780844,0.1950867281899842,0.34200050500166446,Feynman44,None,-0.19932807524689772
4.819269678371796,2.9525558890648798,4.93367498691582,3.653280751728508,3.5522481202695184,1.679313167268881,-0.11342765038830493,Feynman44,None,2.1965977354207236
3.5200249301071773,2.4083383587438374,4.856598957344537,3.5599143227514216,3.5255543869849597,0.7358019594964172,0.16085593552505062,Feynman44,None,0.6693311003816611
3.085798192582474,1.5107751540744072,1.384098345642284,4.40381467497856,3.0053464443470648,0.6749943600773446,1.9208056988930577,Feynman44,None,0.9753363786984087
4.419695871947148,3.2334447766906815,4.597228852849662,1.3371466582970726,1.8240129059820247,1.7289623295741097,2.826571492297548,Feynman44,None,3.7657070614240538
2.515092273742778,2.8936090761351565,2.1474292881806094,3.057524639412634,1.8739164186281108,1.5376194811897397,1.3061796593344348,Feynman44,None,2.1114247628012555
1.7274524500013162,4.889065195906651,1.6600708370566406,4.1892682771425775,1.8903770084033233,1.7136880168747894,2.6801009143266135,Feynman44,None,3.6963539376659376
1.9823985609462698,3.894423807527999,4.2613418779186105,1.8092830363983277,3.6490375462548603,0.19124148623920054,0.12557602921447464,Feynman44,None,-0.471608576353635
3.681676384244518,4.178918860757099,3.9354691452261283,2.994038706883474,1.5541903259287615,6.478407157051946,5.561745193693344,Feynman44,None,5.580688246695183
1.1391841858143485,3.8174610190196887,2.459093025959564,3.076668729152351,2.4121436483785623,0.2604162232788927,1.2251031935976653,Feynman44,None,0.6916316512428655
4.364130931161155,4.178539123059478,3.147184615623086,4.449021224101651,3.260315620581442,3.180402456766109,2.686463030468847,Feynman44,None,3.780038646382777
1.7293526100621142,3.6827595207907557,2.3081176657329117,2.682928034120748,4.73783922647192,0.1291376139038522,2.2903333472813743,Feynman44,None,-0.6909272489436887
1.4254429689544281,1.7443979958115587,3.3642232282456064,4.705725197298053,2.9868579218442717,0.18075757380285146,0.3721302694544918,Feynman44,None,-0.14932023932725855
2.3479202498483143,1.086924994276803,3.713596091318301,1.5136942828518336,1.133361682059919,0.4556342900468653,0.19947886417058547,Feynman44,None,1.343883733952086
4.452462033604874,1.8366250755780205,3.138663127435265,2.65157136887274,2.0439671174815133,1.8472910225058323,2.4572332556196033,Feynman44,None,3.1407667916650306
1.3313664658534146,2.302740921229802,4.438517819466137,2.8925226942681443,1.514884724945262,0.485329078770436,0.36178044570923346,Feynman44,None,0.9742557667841952
2.4391846700321342,2.980055207069082,2.232270341729154,4.1200181283963,4.445159425452596,0.361511191886892,0.8854150437585557,Feynman44,None,0.0052752787025265365
3.1127239416962764,2.3452942864114728,4.8279519655116365,2.051230042492814,3.5467020840532864,0.2898138337563601,0.7543999129533101,Feynman44,None,-0.35500152734240187
4.125740012059619,4.516374807441314,4.050330237245298,3.517765125441432,3.3845246933434305,2.19739422089824,0.2817168809866346,Feynman44,None,2.8464220674248786
4.0085314697828895,4.971888256123044,3.026308446352049,2.495908831803085,2.3664970227663042,3.3341576941402113,3.8827624785654886,Feynman44,None,4.4311811319560555
1.644339644263233,1.5998233467457101,4.281974751305686,1.5312544189839525,3.181642965335402,0.052286247731064744,-0.6845930654691784,Feynman44,None,-1.113792376621114
4.128729599854335,3.368869803962886,3.8566086782386746,3.668531575436832,4.247441706678025,1.0660253507570252,1.5773074960899132,Feynman44,None,1.1852684838565548
2.3749506319692535,2.1234197238558603,1.0903818234291216,4.534026845761202,3.01926627300392,0.590741591834457,-0.5001642352783509,Feynman44,None,0.7575101762363113
1.1128254200577627,3.641853031845975,3.7664747776027205,1.4284465012033687,3.994361510884916,0.03834451846459879,0.12154301553619407,Feynman44,None,-1.1559609920246756
1.8156142027184599,4.681406323535164,1.306107752330461,1.7878090627701035,2.697925237592311,0.37545342178713575,0.5972684551697043,Feynman44,None,0.8797507500744878
3.8216684670534944,3.0876263084285256,4.9342326498379325,3.7072236039666824,3.9950130036169202,0.9282519806765066,1.159944093195534,Feynman44,None,0.961725064048788
2.106724966705236,4.427119923552322,1.9705990591906257,1.3681966502511247,1.8904646930955695,0.721350387524531,-0.10285436021103311,Feynman44,None,1.9849174776903757
4.18333430205246,4.429637653450303,2.1450201022395348,3.97689288289356,4.404748915857459,1.545582009921096,2.605733329962705,Feynman44,None,2.0714806037664353
3.2901982876577134,1.5394824737043944,1.8797168483551445,2.9743303264317715,1.4417412410916097,2.1658004770042143,1.620482418286228,Feynman44,None,2.964467070098255
3.2450261297493466,3.5069306577632227,3.6633860509666025,2.673589793713029,4.854991950192723,0.38302480989257104,-0.1125853244145435,Feynman44,None,-0.059266741910058235
2.48405196748666,3.75845106867784,3.6330054143858797,2.079839926423368,1.8956713602942301,1.2388665762088003,1.461515286493448,Feynman44,None,2.0797377135445934
1.9900908505090698,2.725584953433155,1.8821011909339092,4.595370365432988,3.957290065166226,0.31336793316029893,0.13776126426933258,Feynman44,None,0.004324233412785506
1.6702003444136744,3.2762408149379607,2.677453251604235,4.737696397941944,4.4239856929251005,0.219057493892706,0.4511477563983629,Feynman44,None,-0.1954154855233416
3.9815583431940627,4.029850081503415,3.765006313479426,1.3113769394623684,2.6425222498285215,0.9617662744244123,-0.22728507420718802,Feynman44,None,2.073562000816183
4.48518128626513,1.820849123049411,4.973764952820129,1.2687517766242307,2.7192910728846607,0.26812943071258605,1.0507625618243535,Feynman44,None,0.9344022651873132
3.6984036419234525,1.8463660156281576,1.358641292244955,3.222875169134956,1.3610737092347587,4.159268135155216,5.196531738408237,Feynman44,None,4.1929429965361145
1.4536427498022566,3.364316678018078,2.8265379450596866,4.0453804228674555,1.5970308159706574,1.1152442178543174,1.4211420402932595,Feynman44,None,2.394940298915351
2.4861103016801147,2.2905851805669872,2.3318318087057235,3.1493119386755857,1.2959981131176193,2.5213027063707085,0.539316070244527,Feynman44,None,2.8175343373869346
4.316604826539129,3.10646713885818,2.04752833358904,1.3966165906984056,4.669665139783689,0.31801811301206784,-0.2722567761777117,Feynman44,None,-0.22839609310946998
4.014399136568768,1.266901275131866,2.5235818260294134,3.6024773686713245,3.5001286355495584,0.5071640131117939,0.8498973104609985,Feynman44,None,0.6145570918984712
4.920361614221273,4.121455474419568,3.9789488948245473,2.202959460331593,3.543713001524037,1.4865636147384913,0.5283656647907623,Feynman44,None,2.1804160096152234
2.6225263958507377,1.6250300389004608,3.447605005841309,1.499231895195848,1.0024788011561068,1.239275928290582,0.3439704975018577,Feynman44,None,2.2005262221027473
3.2071515197710365,3.439894473372074,2.9010278266234626,1.9751976028969729,4.993026366270714,0.254204395556496,1.667889670780546,Feynman44,None,-0.3883476113691433
4.1049701504084135,4.66358788181836,4.980417309357189,4.608579938812258,4.2107509817882685,1.9168978799902132,0.34342027538143927,Feynman44,None,2.6584097623947707
4.703082343066149,3.225584575576422,3.325774031049474,2.7657700261196774,2.2917695702182344,3.3002476433085377,3.862113257963513,Feynman44,None,4.086685308271209
2.1718596980259077,4.497213443222877,3.0187184456208827,1.2658123245300192,1.5249231149858762,1.0660310994689128,1.656946647306572,Feynman44,None,2.7504673380528413
3.817616791816738,3.8416753212355097,1.8061962646675034,1.144484416249866,3.0104762332763118,0.6306930311653283,-0.1893745220274029,Feynman44,None,1.1874933799834113
3.0756346523871714,3.7274929730727804,2.926568750902091,1.9021764281890938,2.850012635128968,0.7549741130688139,1.304313998886755,Feynman44,None,1.0355049760294084
4.884724360551724,3.1386306834443256,2.296398881236194,1.8867386411837668,4.874813152035992,0.51618792117125,0.13222232518521282,Feynman44,None,0.209478420440152
2.1593149297546215,4.527430039900308,3.6612287937118078,1.5269966003323647,4.777888606887064,0.13044571244572578,-1.0145169734189539,Feynman44,None,-0.7330373323251063
4.89283236046739,2.54785667147046,3.5748436321052313,2.9092025683864575,3.9720412059928494,0.9389434259007712,0.6040045264902187,Feynman44,None,1.0491053423100587
4.766585187550968,3.863543961399058,1.027257753136619,4.800350911541243,3.388306026410428,3.6412647056487226,4.647691094329085,Feynman44,None,4.194629465832391
3.960793455081488,2.0236592499920816,3.3439043204128787,1.5968000724259945,2.5648581761473555,0.5536058936086814,0.6723073084094054,Feynman44,None,1.0531834096411075
1.1357074372360874,2.554566899570796,3.6557871223735474,2.8102993939726564,3.4057098535367145,0.07722310768729206,1.3059949880402693,Feynman44,None,-0.855872017446986
3.8269680170210605,3.8139984518513352,2.2364051976429633,4.944221982151419,4.559968021088057,1.297731293159383,1.0598904130162867,Feynman44,None,1.8254279722595765
2.4617231328819247,1.5414651765519252,3.524591534571462,4.488862095838086,1.983194094512006,0.9760259381269815,1.5301817071089916,Feynman44,None,1.7480732081853803
3.1635635298542666,2.3357689587180364,1.1631475776637776,4.578830322235996,3.50424847886527,0.8592177274306575,2.0850820913228376,Feynman44,None,1.0627755836249229
2.2816337345901334,1.6426552508213859,2.647381799009819,1.923252785523871,2.7079597344701583,0.1944189539963159,1.0224011539173183,Feynman44,None,-0.3438418582990067
1.150648329854811,4.208166545451895,2.397350084122292,3.1419315101074905,2.945128926372085,0.20111114767216443,-0.5941394543403009,Feynman44,None,0.34478642796818854
2.556771436023093,3.0266652262360334,4.389914386445396,1.8085937870669264,3.5937507995141584,0.23741361467234923,0.7723566362599117,Feynman44,None,-0.4870754135421568
1.2078146465284747,3.7027107561582517,2.114653372607721,1.4228987722922888,3.568418622795968,0.0588276170564594,-1.307104756980837,Feynman44,None,-0.8259710425561074
3.6399856202240786,1.100442367878364,3.4218974944514633,4.8247859987236446,2.076114281813508,1.3640995781888356,2.8726675784465177,Feynman44,None,2.980701764549004
1.8972656186802976,4.4236537693713,4.781976362602213,1.764926305376286,1.9151256229587434,0.706789534933252,1.463482722739962,Feynman44,None,1.7791769561824473
4.631001456103785,4.413057429672666,4.2540322172776275,1.12332791505025,1.3366688482255102,4.322066510505126,3.7510612976801956,Feynman44,None,6.776914065113546
2.196713864798927,3.4610584986187076,2.5130300916288495,1.5075715832832333,1.6466291514680353,0.8639033139942541,-0.41052836628878964,Feynman44,None,1.789261267332697
4.916156470187207,1.117756886936276,1.390796539139902,3.6692102158776843,3.911552320607673,0.5731707446127017,0.44606802316948846,Feynman44,None,0.902969721451021
2.5159974936182397,4.071703630370319,3.0800320648126283,2.8383367111914493,4.304249586235533,0.3791279767776256,-0.07984256429416459,Feynman44,None,0.015691853996381146
4.561967177413614,2.655781411686052,3.9069504585486867,1.9359905356061171,1.7564501888765283,2.6334853007111287,1.6221418809498118,Feynman44,None,4.111836795411826
1.9656321591708101,2.239249561096228,2.7944191225511252,1.3218173174727612,4.112415736759054,0.058894182140154155,-0.04654862177222285,Feynman44,None,-1.19690800156734
1.6240954743328833,3.8252424359710013,4.8726753893362105,2.3933911811893247,1.445055669406519,1.0929777125489595,2.2781054312983295,Feynman44,None,2.218361532491329
2.1336706845950597,3.330714427210413,4.943615136744011,2.4761659601646535,2.2201521529758597,0.6959154559337349,0.47880328210263373,Feynman44,None,1.0364302786463835
2.9054275317661604,1.336027281600093,4.829016172078438,4.202416629299478,4.942319330936404,0.16008527919798246,-1.0977309892866336,Feynman44,None,-0.5787521748115014
1.3356823705313472,3.9349034939575427,4.217835733646995,1.101054209171155,2.7914917546256355,0.09046130962693369,0.43182145924374826,Feynman44,None,-0.32785015907874815
1.544141731806889,3.8436433823198155,3.7181785986048888,4.171229014456971,2.5448492810580823,0.5811960561115689,1.6604775478333713,Feynman44,None,1.317721435933424
3.812662502275205,1.0510793211112954,1.9906349156157495,4.194912349283005,3.4052435182910363,0.4868249552739144,0.2803762741583641,Feynman44,None,0.7807323032999958
4.784489687019042,1.951760100924166,1.0991898776698945,3.8505052957298345,2.919328896902033,1.9334840149147818,1.4441610648170415,Feynman44,None,2.7978127707852427
2.5204471530866743,2.415005884857018,3.706880108057089,4.765586336721462,1.5750712847898583,2.7972514046773544,3.0736411740527556,Feynman44,None,3.4080946482269447
4.4025615696405485,4.421353960559562,3.89742156642241,3.1213155625416156,4.771834399122053,1.0763539629861039,2.3989370954815494,Feynman44,None,1.3771401177026268
4.390279491845656,2.2925098367495518,1.6920281974381322,2.0792324249670355,4.336393789906413,0.4361838135386225,0.07164166422869467,Feynman44,None,-0.02837528426653432
2.6954858821357344,3.2236414534078954,1.79545540222071,1.9166041342731175,1.5658136412025567,1.741891155681095,0.29001199643484643,Feynman44,None,2.551086908745129
4.964342561928882,3.961085247414388,4.082770096596606,1.0113706204771806,4.8336627057361525,0.27866039643061724,0.4577589122853445,Feynman44,None,0.029096927321121187
4.333406678109647,3.3276387088157104,4.972725711412388,4.081413668935163,4.892801873639146,0.9488622607954599,1.0236824683530599,Feynman44,None,1.1763578844811533
2.4009675256565646,3.091683856116238,2.5496003851275644,1.0300286165937327,3.8989878815692016,0.10458931500769214,1.111906848476855,Feynman44,None,-0.8583267504531087
1.6198123896721066,4.115243876511617,3.2686712183857107,1.3820777743007402,1.0206442992929787,1.3466026250367187,0.47309482814692716,Feynman44,None,2.948125013397371
4.770237150131683,2.8125889635850703,4.863836443130875,2.76722759142502,3.5955694253632084,1.084689330228433,2.0889750177946738,Feynman44,None,1.3964658940988275
2.676574905874539,1.6191389326692391,3.1629867550797646,3.6977742713768036,1.8090337903051852,1.1841477345996363,0.8664332240823834,Feynman44,None,1.8782403510503516
1.5391774860456082,2.3727748394349573,1.9769220780209866,4.857443909106834,1.3081890660284525,1.5828688754037648,0.659296621119756,Feynman44,None,2.839329402651064
2.0036558862849647,2.1156059217640926,2.5857609015194223,2.0534508432688976,3.309720793540898,0.14649239139035317,0.5659951454131771,Feynman44,None,-0.7142094525008417
2.5210383233985145,4.182042927629362,4.729482697760995,3.206746237745364,4.72657842633536,0.3598567361240293,-1.0456206153403664,Feynman44,None,0.0070671470566061045
3.598124039972733,3.2344569504504066,3.7774331471015565,2.1202939426064287,1.5494851948939123,3.1870041153003723,3.5264039242574574,Feynman44,None,3.8218235491494243
1.4452626966020254,2.0298905204833906,2.1043521829625935,3.4823582809617153,1.6529331361423512,0.529023645694077,0.5272867431998807,Feynman44,None,1.0848510072166493
4.136199159856686,4.981027427628463,3.2931518824118386,1.7126277163791066,3.6034783620785737,1.0002075948314404,0.5375165599681856,Feynman44,None,1.6950650259282591
1.1526902025181127,3.169830360338374,1.4635342018140953,4.949903099801251,3.606005608928588,0.1610587187255286,0.35955953763889414,Feynman44,None,0.0014059296840011571
1.3522330013934791,2.714557108333413,1.414530903921266,2.128192836347041,1.8869461614825296,0.2927529715469796,-0.39135534628241714,Feynman44,None,0.5563838334926089
1.6859291153170366,4.259721654640408,3.7750800525648254,4.06000877436942,1.157889537261362,3.6072177383954043,3.4307661666768436,Feynman44,None,4.527223484776582
4.017224778857905,4.633357810884677,3.0953784154600243,4.865784498372555,1.539542064814146,14.880475275069168,14.202611011865093,Feynman44,None,8.66751252949835
3.8725520105856583,1.1675670628592552,1.060158202983061,4.059595035863918,3.4015527773168914,0.5805319892728611,0.7168924209230272,Feynman44,None,0.8863931957115005
2.0885309125242517,4.010668079466637,1.1522643735971982,1.3942832449640896,1.1385875961682843,1.8418700025472585,0.6190521736264554,Feynman44,None,3.238768297352157
3.729362993516464,3.3884330606677535,3.9123080196576367,1.3389150684365596,3.2852608527641856,0.45363473572323704,1.2217420893840691,Feynman44,None,0.47567835967567845
2.2278543281463636,3.3589893337462966,1.1911511169980709,1.1630777053851924,1.1849752067978838,1.3249085971667498,-0.3724219531063009,Feynman44,None,2.5830197993145587
1.9427435836999303,1.6438561114497499,4.856218360023659,2.033295493159048,1.0532358543616143,0.9127446586260244,0.8383862399703611,Feynman44,None,1.5142417845509863
4.445320027896948,3.2179410138460294,2.603061443123474,4.059661770281493,4.316175442660787,1.3073875473081897,1.2678305613568241,Feynman44,None,1.5766055680125073
3.5903994551977014,3.0706518125656843,1.4463133336140865,2.4295582757664773,2.1328064370640227,2.025642683767204,1.725504916785738,Feynman44,None,2.674530414602815
1.6933726192366811,2.6050448744634185,3.86576756752091,3.979420979360157,1.6051954967824051,1.1111639092003784,0.50773766987187,Feynman44,None,1.9553249466153186
2.012878987972468,3.866969664306154,1.691144303468215,3.8067783892737337,2.621204095618387,0.8634674388957357,1.5620261317500632,Feynman44,None,1.5631445533157968
2.6915514941087757,3.60147359626832,1.9003615646508498,2.520280612557082,2.6120181806419693,0.9333865369166062,1.3863090094327388,Feynman44,None,1.3183122935012845
1.087918629464061,1.759413842757756,1.4545026862468236,4.107173970805979,2.7888276976347646,0.10948911857511125,-0.31807033221254444,Feynman44,None,-0.2751489033065828
1.1833099746655664,3.8584612265699736,1.4372194419304085,4.389337442265661,2.3552880486486036,0.4296821471249231,-0.04601948748101553,Feynman44,None,1.5196421834587557
2.5311297062344167,2.4136457756382828,4.754241298614228,4.784514514384053,3.425633270956666,0.587284017171688,0.7241764800228351,Feynman44,None,0.5937649288798389
1.9053848587632554,3.0605922732755033,2.9336625974627237,3.342370165861298,1.883659109909198,1.0150785401312572,1.978192322939409,Feynman44,None,1.6944677299414537
3.5448473743588296,2.1774297960805,2.503519832644402,3.5838493151081163,3.002212301052641,1.0055657481325384,1.4445966894436337,Feynman44,None,1.2416707888215466
1.045756701410376,4.066163021086612,2.1806670008001565,4.448969247115968,3.94467195838486,0.12753226180010954,0.3309194715611584,Feynman44,None,-0.13265526298142372
3.2646048417429103,1.6246186938560085,3.0201973735314533,1.9865017205790605,1.7309398648954435,0.9031993815968922,0.2275671253953292,Feynman44,None,1.7654879289958623
4.78548204734723,2.930872820514824,1.4917673391044368,3.9519633599877793,1.1692272970239133,18.710653093097296,17.65170199225672,Feynman44,None,8.599027309213358
1.6056640957387787,4.445545116194181,3.3142429666998496,4.266154157266008,3.4223690825707127,0.41360341302624126,0.6840803819042068,Feynman44,None,0.7689908749654656
4.599582378015989,3.62689869502661,4.428938726991822,4.622514951171869,1.3455231035650268,17.99280107367996,19.48409149883819,Feynman44,None,8.960311028357795
2.8963062387350957,2.676873444679694,2.243365766807862,1.9472169068539853,1.4951355279926406,1.7917530613352513,1.2140439239421337,Feynman44,None,2.5041189661105947
3.9888685573490474,1.5173508138647707,3.4786113553692286,3.140055418845543,4.866399067801311,0.2549638294137505,1.3114496041629802,Feynman44,None,-0.3438006054577339
3.887312119247556,3.3140300301109797,2.365611892741858,4.2189815380531375,4.12454358728287,1.1936661783735207,1.7593811689800842,Feynman44,None,1.4360539980061109
3.7953316597295026,4.514760286482215,4.343024424909251,3.165767001945356,4.213294911876214,1.070541107601823,0.2942324184905709,Feynman44,None,1.3337612267500616
1.927437819756717,4.392160549538509,2.7121701434943475,4.052489383828567,2.1734383633161625,1.385405077268408,1.2239885208640673,Feynman44,None,2.7154430125708435
3.055124206375874,1.3874895453032838,3.348048032950334,2.023134425626949,3.7442475411170295,0.139727162832674,-0.7435458581408327,Feynman44,None,-0.7670810342186033
2.5233906866988303,3.0968236737292,1.1615490386945613,3.267727783154943,4.348160694252973,0.3374208921838217,2.069485760898243,Feynman44,None,-0.10508389546447074
2.7113126761925233,3.3137452691391114,2.788886012759949,3.1035420265843596,4.0902690661432874,0.4315931079922432,-1.3107618947550241,Feynman44,None,0.034334465623877736
3.545572862372233,1.2748797970911645,3.1459941699843337,1.5013664125767856,4.641761462586368,0.06867607056754667,1.3744413121228454,Feynman44,None,-1.1187963567329564
4.345994512135109,1.285629150246831,1.7271251037077229,2.130797366010054,2.6938031963849918,0.57633277646468,-0.2411705230847323,Feynman44,None,1.2203557496139523
3.6017380028513117,1.887970651435225,3.514576483052012,4.553119048503191,1.7288387865096424,3.354544378293161,5.147297700913333,Feynman44,None,4.046194673711857
1.6579544495397656,1.4308570868049149,2.395649692827172,2.2175989177050934,4.140803591364122,0.04657759069545281,0.11746453753221002,Feynman44,None,-1.2407121140335111
4.563171996335984,1.1470478225404106,3.6592107897652144,1.5940861765546228,1.9867049181905285,0.43339999897720555,-0.3071205254903175,Feynman44,None,2.326813210766211
4.90711345627628,3.2783502858737594,3.9493707460592207,2.2270632039200913,3.524759041886836,1.1521805472211806,0.9524091520447955,Feynman44,None,1.5990628151476822
4.91502248882732,4.544908755169244,4.694532606315544,4.055553752787765,1.2528483038766303,25.97458033901899,25.172853847482855,Feynman44,None,10.743362446954572
2.922947423054471,1.7456975720698655,2.5719771726927427,2.221826792169436,4.055314177027824,0.17428737756289253,1.0982288828954043,Feynman44,None,-0.7438426867333914
1.2376149355752455,3.0262697384149595,3.382459660111775,4.124713398750942,4.244684915332856,0.10467430275771113,0.22054180702056397,Feynman44,None,-0.6932265473724081
1.2090831338072503,1.3228627500958945,3.7140585830815445,3.0428664868382658,4.553258750374159,0.026280898191465334,-0.9757720695325001,Feynman44,None,-1.4131773115618593
2.3342039926412705,2.5814184841023353,3.3962310156978748,4.883739543298248,3.702665427003596,0.48266589768261575,0.39809030296567327,Feynman44,None,0.3762150613565365
3.8808935699064495,2.5123890160207267,3.9172426252365904,2.5248283829508873,1.9969306550864987,1.9938880103577117,1.9152634614042885,Feynman44,None,2.82835220670793
1.9135036905290428,2.2559335291610254,4.467719871781833,3.6243245249241123,2.422588546972916,0.475024746568645,0.46904996954878136,Feynman44,None,0.5225515182731086
1.7565758632546578,4.953071468618825,3.576949928372444,3.4075373976832206,1.948228282021479,1.3493985113698799,0.8719179485214734,Feynman44,None,3.0379855840999435
3.278276870506715,4.257160164801599,1.4980371351715203,4.015714978971262,4.3290924161273185,0.9707667447892763,0.23771708227495048,Feynman44,None,1.3064736206159808
3.776189154408838,2.7781508176920977,3.388930836665687,1.5643433555224053,3.7486859187057413,0.3502711098409827,0.5122869507528808,Feynman44,None,-0.09567278786032858
3.120529994589366,2.3158275544881395,2.856076999451218,2.5968249810122117,4.5554654437580915,0.25352217826809326,0.3368955195732291,Feynman44,None,-0.5076650413969114
1.1886627893011883,4.20864119108618,2.534790639722743,1.9764305171994803,3.62251673885514,0.088153917467526,-1.2573776973647743,Feynman44,None,-0.5867621702529273
2.7522315158509425,3.2125618300165737,2.8626369357027497,4.230260870022157,4.455832278811748,0.5014657721796711,0.6303798379705889,Feynman44,None,0.3202278758343849
2.8616405511474605,4.011574439207834,2.835115758720345,1.6675003260945678,1.2988737018953134,2.9825472736330507,2.4380973648722097,Feynman44,None,3.9135452866844473
3.0619150873960046,3.500127447921876,3.4954977090236583,3.7220355914610104,3.2710623108077503,1.0826071480032546,1.816550012778166,Feynman44,None,1.3157320657754672
3.9925578204291385,1.10340231778396,3.0235812622298086,2.7105968408386074,2.3091431897262034,0.6459014878437297,0.27059659592520663,Feynman44,None,1.6504791506580774
1.2072872174712002,3.160499365422053,2.8219392120105384,1.8031625323713896,2.682575175182578,0.11147664166527349,-1.232525920060072,Feynman44,None,-0.34290077378117906
3.3687355464831414,3.299116402979009,3.987502902589688,2.7280914840237527,1.0525341950509346,8.275936653600063,8.91008111598916,Feynman44,None,5.331199466680252
4.381408386500767,1.2852234947864467,1.4802428869359656,4.908202285736218,1.0521424550996983,10.201482930652977,9.013469050345524,Feynman44,None,7.411895046829441
3.712891234605413,4.532038290974006,2.6175382040573902,3.2872877626498864,3.2324003085876676,1.8900172984166563,2.7039375190083446,Feynman44,None,2.536289610555775
2.9715096232070133,3.624798311721801,1.5746702204164533,4.211862869535937,4.729542394549741,0.5958530686945896,-0.6512118690421925,Feynman44,None,0.6461845038691796
1.205602610944506,1.6592662875769402,4.1294444553780245,1.2188334104223202,4.502893500185987,0.011998722703317559,-0.7145240779797257,Feynman44,None,-1.5679038758677846
4.61257622751523,2.805388282429995,3.4583380473677034,2.0132632031691244,2.8216725525828172,1.211178065351263,1.8185350088570778,Feynman44,None,1.9848933685173018
2.9659469373769602,1.556889351513623,3.2307210531053108,3.0668890774303588,4.2825843406669994,0.19695679640369815,1.7106046634714287,Feynman44,None,-0.6251741867021918
1.55950256723241,2.751199609803718,1.6718939182397663,2.78394780323761,3.4643620845810426,0.15303512451885035,-0.6840045067807625,Feynman44,None,-0.5360637870177375
1.0172167203265277,1.6525472003778923,2.763843475670617,4.883030036209895,1.9605581337608249,0.21404965893123068,1.5756132389600743,Feynman44,None,0.7335794627572026
4.210868815576642,1.2968094775852084,2.283169631453047,1.7896286923861489,4.708365204713024,0.13284249604732498,0.21526064999464992,Feynman44,None,-0.8096345479011472
4.2963392824134115,1.1767534292223347,2.6327695304646395,3.4094875771204474,4.208157258381714,0.3357505641862863,-0.6999860709443049,Feynman44,None,0.08293966888255944
2.305445194760319,3.13489829852654,4.808002265717009,4.142508611307808,4.159033115085684,0.37746709621882757,-0.38651475019989723,Feynman44,None,0.010707065903700555
1.2565160130205157,2.02996870209244,3.569654866264189,4.31530312671277,4.661967244133608,0.06188460841946934,-0.04404190168816706,Feynman44,None,-1.0707678154230085
2.734206039581288,1.1027083518282121,2.5018673205726554,3.117419832478541,3.726356103306635,0.15939109549836708,0.35702393453484443,Feynman44,None,-0.5966018403896359
1.6885585563478087,3.6334691514732853,3.649369434798556,2.0336269968716123,3.054964089115231,0.21388133676246554,-0.6381542729795228,Feynman44,None,-0.18776988488867755
3.0175924190651244,2.2413830327360365,4.437526022007209,2.0713662134642243,4.418566061870444,0.17288068724153657,0.8490056565622215,Feynman44,None,-0.8085945187973925
3.9349060682914456,3.6745980583980793,3.3172507949041115,2.3651278968114915,3.7507438296345814,0.8579432625118967,0.4142311469740229,Feynman44,None,0.8972615024459777
3.811210578283401,4.378645606761539,3.114728068547048,4.274220801344512,1.422292618635264,12.940157623570483,11.854466745076145,Feynman44,None,7.694440720451245
4.5951189682843925,3.635166270558497,4.988285649488034,4.181821411622349,2.9968839925637276,3.203986077598177,3.601387263559287,Feynman44,None,3.8182229801350593
3.570302559015766,3.752543923742988,3.008229754715482,4.6961358685018695,4.750789209341539,0.9603107287429955,-0.16127865785480844,Feynman44,None,1.304205850836288
4.541343988559493,1.8287696269739149,4.964169329757042,3.593258750737669,3.463661801525496,0.8603965716346507,0.876822882976194,Feynman44,None,1.2832831740856268
1.4847876178289123,1.288320003542342,3.802655661726115,4.184583667162666,4.736701865381691,0.04932363625183946,-0.3088257806034465,Feynman44,None,-1.2135707550017991
3.107875686437168,3.6151516803903125,4.836912938998578,3.536859814136584,3.123329163858947,1.1664646849369147,1.213928255224573,Feynman44,None,1.4622988361656744
4.4806208942136525,2.342036267268417,2.375681768581584,4.0009875755396145,4.697131845943816,0.7881730272751598,1.7171548085784378,Feynman44,None,0.8251725329799922
3.7729491985956924,1.685931526306521,2.172972061162039,3.5725077181467326,3.1607589374581253,0.7787542192127291,1.2188407866039495,Feynman44,None,0.9982224283465666
1.5467559708166285,4.710876437512081,3.1204070759021323,3.9754946496525565,2.73428865895694,0.5948547357768299,1.2676321221686095,Feynman44,None,1.5907947873216655
2.4903205038908824,2.1792762297356814,3.275221091495517,2.5213873460701137,1.3039940827182304,1.8001211681502984,1.2615185358399192,Feynman44,None,2.304309500682153
3.149309248001438,4.956591879938356,3.57050014656032,3.277919029528492,2.4097459992114096,2.6596929095242396,2.3924556123729306,Feynman44,None,3.692855185811848
2.9545690454326685,4.649840449740159,2.4933860075865253,4.918971816765174,4.363280142460878,1.0356091681578825,1.1911174880444992,Feynman44,None,1.6587600080116895
2.2219527702562556,4.388879510547342,1.5204832868279383,2.784572342944925,2.243115946257842,1.1884741330793327,0.7152671543922875,Feynman44,None,2.201561225291132
4.369531624018841,2.2863788618071568,4.494283029790067,2.2108979360102543,1.1011870194550952,5.826488596766875,7.9209259703656,Feynman44,None,5.570059184470143
4.011919582958452,3.30908678445883,4.6604557853865725,3.4695694661435845,2.6647480230382254,2.3098242774154953,3.218810195359191,Feynman44,None,2.890071714794312
2.5565896134406834,1.9201304508849746,2.156307919733951,4.645214716876039,1.170547179131428,4.102470590822907,4.133101565683121,Feynman44,None,3.9826412773144417
4.691059152408684,1.5124037472460317,3.2715745495042694,1.0123820837282693,2.9840657455373902,0.15563786215078151,1.0635571937378194,Feynman44,None,0.5219163667453859
4.292446716773139,3.6057886420183203,4.520709400988336,3.102249514566399,2.948773201689921,2.0853218831512814,2.385884127636222,Feynman44,None,2.6903103806598594
1.9074355717455305,2.106434492933019,4.366779257127266,4.5413245120610615,3.084250575271718,0.34561410373261664,0.5743218063672875,Feynman44,None,0.16437286386369304
2.1748952638336907,2.5877746101178754,2.011018271765837,4.39755827907601,3.5529551115317757,0.41897201779709065,-1.0591938404997987,Feynman44,None,0.24071837169877033
1.9541848247285047,4.15496006065824,3.7787945696455965,1.0457023882405228,4.1807541792061045,0.08375988685296572,-1.350121947395044,Feynman44,None,-0.9088179430782596
2.201827227041769,1.200145247413515,4.16509349566704,2.2497554869849195,3.334011707131123,0.08995830221237888,-0.056976156261319855,Feynman44,None,-0.9238236052169754
1.8455905421475673,3.9539422255411516,3.851821596634011,3.30405388863133,3.629570448358705,0.3276394131541355,0.7188366417846985,Feynman44,None,0.07571642917819554
4.209538129050491,1.2303518752463591,3.3396426006659152,4.0362738662283,4.256877198243977,0.3894876202589263,1.2143161653282444,Feynman44,None,0.2828947048956507
3.8739045668392302,3.571333489661766,3.8614854237690728,2.5369655641795092,2.9299714787011784,1.4031606127094518,1.54793665542471,Feynman44,None,1.8809329718998846
4.133143219967795,1.7072415026421317,2.7206926229492283,4.7727836640025085,3.3072472913370468,1.152995156622401,0.8078259628688935,Feynman44,None,1.8212778443264082
4.700910333114793,4.3800114788804265,2.574956182254786,3.984089757929096,2.8346613962078244,4.599098090639348,4.766798985353537,Feynman44,None,4.9512302705039835
3.3583877628416032,2.5874366287037147,4.982953694006291,3.7278453916813246,4.614143027951187,0.44953984185071844,0.34352003113476287,Feynman44,None,0.08062942159614045
1.298222193129622,2.3769250877789596,3.55144540335672,1.7118046649890428,1.6003966335850732,0.2475499833968392,-1.7885691229928478,Feynman44,None,0.4546348184074542
1.5292329203576855,3.794033054148305,1.4961222094518973,3.560268885332818,2.2403674790219346,0.6291092353485341,1.2276012376356507,Feynman44,None,1.5086696892090397
1.3103884348133712,3.6763600994697407,4.794031978529073,1.3304927713529677,4.063326098034591,0.04645429671567954,0.010013462611322979,Feynman44,None,-1.186753831462721
4.404412696753993,1.7855027472528926,2.808170192136545,3.873857938308148,1.3621757672636603,6.333598000977479,6.902483897390167,Feynman44,None,5.813562647600497
2.7026485818378307,3.9092143453628503,3.3861897910717382,3.0573866092973407,4.027610318348448,0.5127348971735864,-0.770117650799942,Feynman44,None,0.286801326064278
2.10682710620646,3.5415844387336706,3.4567157343196264,2.7189169911359254,1.8097445817321467,1.2442762350538779,0.8022163813743954,Feynman44,None,2.025238008914122
2.9737813146143783,3.033018021772559,2.5701711335382775,1.3467708239068124,4.971626137405252,0.127121891874837,0.16625754477316423,Feynman44,None,-0.8350700439878891
2.3546691983545642,3.1046662749977996,1.4080857675478682,2.9664080854448773,3.291047738610408,0.4641263057407593,2.914463795510645,Feynman44,None,0.2622828887718867
3.192985125173307,4.8547792501498055,3.5118222564329913,4.43732500351946,3.628766387528317,1.6208891435288235,0.7460768457374024,Feynman44,None,2.412480153803562
3.830593273513495,2.388749914827449,4.5713774666592855,3.2593165194143388,2.030527306962199,2.3348842652456594,3.4115334933324473,Feynman44,None,3.0689758638203606
3.1048819324153283,2.1099929768309855,4.362122203624072,2.753890319326479,3.807061386728888,0.32344201640285664,1.1327883176532136,Feynman44,None,-0.31014935809949956
2.593239446032023,3.9621384672720015,1.4270878094491461,4.800934004825978,4.941534377969987,0.5226080842371289,1.3797770955995676,Feynman44,None,0.7249245749784774
1.9634144024528548,1.6535684455137352,3.813594266325467,4.753376295470045,2.362124834329747,0.5095704225065975,-0.09524612453334158,Feynman44,None,0.8918982742830285
4.736068119835349,4.485634381486418,2.34299031059403,1.1642393502056434,3.735328797006031,0.7148965312551364,0.08231646584075603,Feynman44,None,1.3775896182341476
3.614307135282863,3.0801833324200656,1.4384278034398021,3.3612705012723336,3.5073134325346325,1.070067928416661,1.2908913046452968,Feynman44,None,1.1960494243596866
3.6529814256424427,1.909567394970936,4.025172685979695,2.847342646683632,1.4128168970896646,2.947065887042437,2.767393055078771,Feynman44,None,3.6263759196357865
2.978576221024698,3.875526727692779,4.682759956050207,1.8822701046610972,4.362581467018772,0.29477351215192354,1.0595834712407237,Feynman44,None,-0.3177299521066146
3.652021461282946,2.6974093423330108,2.51286782694609,4.21914501524068,2.535766122033085,2.2415776926034154,1.6121156861724448,Feynman44,None,2.8167675023669125
2.6872190653367203,1.9371698713149383,3.3900548180363916,4.373573860903763,3.368635544903774,0.500855370165656,0.8271556933311396,Feynman44,None,0.3681071470530213
1.9033935373299133,4.376149959102424,2.1895255444178745,4.842443110791834,4.417043252489775,0.39249710196530313,1.5352295856649243,Feynman44,None,0.5270881453306433
3.0786845987949287,2.5744553321845083,2.9744794497191163,1.560362096241506,1.3653337134799184,1.7167222591087028,2.585419431995727,Feynman44,None,2.6886583130586073
3.0595402171252872,1.0146999458874357,2.9295986578550783,1.9369352182761723,4.1587609796070275,0.07335588171430782,-0.2136749241777812,Feynman44,None,-1.0401596196829987
1.7928035522222108,3.2412080819510316,3.735127897549851,3.2327662313330134,4.677679582561973,0.14815353375412868,-0.43645616462034487,Feynman44,None,-0.6859060989524234
1.5347526268567897,4.541142747961208,4.90136827377659,3.1039803403571304,3.781697274594199,0.22537901101404492,0.5864756135214897,Feynman44,None,-0.08760127514526682
3.316126534764084,1.4910316870734461,3.2547706423149467,3.668354171669688,2.2638400761793545,1.0121579982786648,2.000675794107951,Feynman44,None,1.7173648248433058
3.1095804368331375,4.543535519582294,1.6140415806127177,2.67533668402481,1.4019078407429038,5.862587297869605,3.69101150187058,Feynman44,None,5.3729727262812315
3.8773906634944657,3.5438656154784343,1.5200870515905112,3.9946270443783907,4.1861998286850515,1.1902126132625768,0.9441249758717221,Feynman44,None,1.44984272497071
3.9839909997528036,4.5741277794863695,4.387369293293027,4.126500948162352,1.329764719534817,15.932370304065264,15.522545655689457,Feynman44,None,8.452509501619287
2.9332100289999983,2.6033034180197867,3.3002440402460405,3.3042494177884794,2.8733643373700146,0.8293348943669059,1.495527376733572,Feynman44,None,0.906679314869839
4.580200850549412,1.8548280112931295,1.5068200908027074,3.2228544060764492,3.9762761670926317,0.7320647080613644,0.7964750780391557,Feynman44,None,0.7324419233880157
2.6011370919361285,4.451944134091625,3.7009297322945254,1.4999230510403692,4.0446539269114,0.24894733397051877,0.44652037855402404,Feynman44,None,-0.25627749884064543
1.1292491008518,1.3930009969451334,1.9641463115499538,4.830097777334616,2.533120660756021,0.13195709355186336,0.13559518672326165,Feynman44,None,0.05083125089043877
3.438207292059303,4.8565976133036255,4.548277813842417,2.81871373124763,4.65012834680906,0.6914172606164741,0.513890925554676,Feynman44,None,0.7739484437166336
4.677122121858895,1.6875224812036373,1.9585672873640192,3.720186779041408,3.9152591523158233,0.8063931253012687,0.5992274418306698,Feynman44,None,1.0154308388529107
4.201744057673684,4.063343897209171,3.790932999517266,2.737183150610663,4.973248884302847,0.7161955340517763,1.3586602003919372,Feynman44,None,0.7337939396138303
1.472548529870822,4.497934486355635,2.4307296726330234,3.2095774936401966,1.9191678382179882,0.8442626820989617,2.119869615357878,Feynman44,None,2.3062354320175507
1.7371524062944634,4.553779959450569,4.424052135940287,2.6625835829660596,3.0200923060120113,0.3862967996280413,-0.9614333623374911,Feynman44,None,0.5747535830427881
4.4169758693557455,2.762984717049586,1.877481597207149,1.9956809353247582,2.6791079028424054,1.3440855244380974,1.4711780009429998,Feynman44,None,2.075799789669319
2.7409181505260745,1.6797828453422499,3.3483010146261334,4.596732827591916,1.5624094878191275,2.1871638222099388,0.6799838878726756,Feynman44,None,3.0611223101098153
4.819212269783526,2.361688759375554,1.045314906935423,4.595668099995829,2.701940641657958,3.370796430501035,2.9601486168456823,Feynman44,None,4.155749901804776
4.853003838242273,3.680623615257495,2.713345231811077,3.108941153337279,4.577406953775459,1.1875161152776859,1.3995059903191809,Feynman44,None,1.3930753622128578
3.3879919219330183,3.5964642167518304,4.431282973126535,2.6751045521365993,1.8561911906182238,2.860952015287466,2.257492558603891,Feynman44,None,3.4619235587067525
1.9191077324206445,3.0155100589934687,1.6675106061750857,1.4722204427724712,1.2934306058711087,0.9345362936005963,0.40234103183091063,Feynman44,None,1.8735664611856802
3.7300228452105864,4.3024482404096105,3.1197501287030507,1.0864782974758609,3.00269654886162,0.5956160984027602,0.5138241295996587,Feynman44,None,1.326178880794842
2.650388413104122,2.7877630033411505,4.060298423987929,3.6936888418426927,3.2816795687502855,0.6254958436964277,0.5757227522541324,Feynman44,None,0.5087205245246974
1.765937788197613,4.526743144831519,4.747563572384594,4.569610331333928,3.9325549059624025,0.40915122183693486,0.9786046333708197,Feynman44,None,0.5972279584825888
2.4071893266995454,3.354839954422129,2.7822608061337166,4.685373738511392,2.5734745125964222,1.3467545930661615,1.2668664116750286,Feynman44,None,2.106156315445311
4.709352574854195,4.567471782154952,2.3950792326226433,4.40565902395033,2.8782372225434956,5.218437667521735,5.738684224892968,Feynman44,None,5.441027705997105
1.020062842743512,1.702055195289224,3.178447974062117,1.6765866971460501,1.20644446202241,0.18857388511535403,0.554585225682305,Feynman44,None,0.4793109707175046
3.3380033345792546,2.61713849366627,2.700865244239114,3.4264603714149495,3.0156146328080724,1.0265648368869427,-0.17274842671724677,Feynman44,None,1.19411857170283
2.0216617054209083,1.5469402587332919,4.39768521524728,4.348885968106519,2.0744463466138803,0.5816899566613033,0.8077519871066963,Feynman44,None,1.0596782898643713
2.998714281994563,1.624646803548977,2.0825095009766343,4.615664322413004,2.8824688921905213,0.7690165358836517,1.4999278032806087,Feynman44,None,1.164988189239961
1.4885244051434028,2.059967511638468,1.7172113286170143,1.6676109969646618,2.61020299812265,0.10662259129875928,-0.22703489423965706,Feynman44,None,-0.5281396492164542
4.577336464522292,3.7540123608958007,1.719909786231058,1.3450350591267157,4.884552014262751,0.39582897177881765,-0.003139355926752019,Feynman44,None,0.08347385471763721
1.5298367346658721,1.5143503977405,3.95339180711847,1.2102693357820118,3.120188804560888,0.03393992012427754,0.1966527568298521,Feynman44,None,-1.1681697922652017
4.897295190086933,3.5347622475650735,4.02673233052959,1.9222566780570007,4.724247409194047,0.5820530225281478,-0.1568208488197046,Feynman44,None,0.42205674899094986
1.633920548985655,4.1399375660113655,2.3391582694538804,3.339631692641415,1.357747428552106,1.9843933456255594,0.8713612275950069,Feynman44,None,3.3909167511676586
2.208102721537497,2.55880706523195,3.448491966773229,3.686560565520256,2.1817138222001544,0.9175000579678859,2.184247197306964,Feynman44,None,1.3417842523100236
1.6674906456927996,2.605634828058316,2.2368823655693872,4.262804024565498,3.5339884458767727,0.24392051341979043,1.377692000080959,Feynman44,None,-0.14295659527925064
1.2361757654527543,1.0452167012746143,1.2240223380607542,1.3906800212914119,3.96767114926691,0.013144695977942072,0.31991697372617245,Feynman44,None,-1.361181697113908
3.5818653051153815,4.498861332304447,3.406864943040632,2.0915698346266547,2.9088496263621124,1.3015516969935694,2.258444276967433,Feynman44,None,2.0588729742096747
3.1043574104660467,4.407722404518646,3.689025960389731,2.8048588040661433,3.6307398643385436,0.849908091467912,0.819654502447926,Feynman44,None,1.026993579830373
3.60067508280504,3.289048474235948,1.1842600841608126,4.997727813174432,2.873089008069918,2.562221878141213,3.6527220601176893,Feynman44,None,3.2636899867001095
1.1238752893443995,3.43544049817598,1.7992308682734746,3.0155382468733154,4.63942259756371,0.06064467334245947,0.14818561348707068,Feynman44,None,-0.9206316469869461
2.199818471972937,4.662849787123893,2.7261613674495075,2.6712131985656415,1.1368082890988034,4.546877141706971,4.475425928692635,Feynman44,None,4.798968274166994
3.3858204705929866,3.3231262346727406,3.4431033855927033,2.1772036509098953,1.4682239958065577,3.419908255167158,3.8298347890453046,Feynman44,None,3.8518053812662223
1.4662920317069754,1.448516017009227,3.412852862956129,4.642736832273424,1.6011149150310033,0.5382984148851778,-0.1412542991012058,Feynman44,None,1.3899673599565845
