mom,Bx,By,Bz,target,target_with_noise,equation_name,varied_variable_name,Predicted
1.8596521321364752,2.864600000796587,2.6550018922173635,3.5060304340966217,9.7604666597574,5.9358242268883,Feynman91,None,9.768766959502926
3.401556573713862,4.1358995063933,1.8577001807824294,4.4178807253078105,21.533326744379977,19.185022586201754,Feynman91,None,21.55680282213375
4.695238391310142,3.4500749139796594,4.1389634804483855,1.1111742311585684,25.831810504080696,27.516732441822466,Feynman91,None,25.393659211752063
3.6221760093450883,2.115412671327178,4.084599690350627,1.0943579166063246,17.126629016052558,17.68163033304392,Feynman91,None,16.764216541431633
1.6485478270771527,1.5946846519357885,2.963227823440905,4.908576213282342,9.810987035784102,9.784812746304485,Feynman91,None,9.93589468134987
4.1082918224357,1.6090280082892776,3.618572818088446,2.5158116087643636,19.27500388565084,17.772180236785886,Feynman91,None,19.136837134759865
4.486719722199821,1.7828208351110084,4.41950765627694,4.25064702159985,28.651314656419714,27.604600089920282,Feynman91,None,28.081219288578254
3.1615447691888647,3.1586389760369764,2.235032702110846,3.4108643515511106,16.307677886693536,11.509653153504303,Feynman91,None,16.31439960007097
3.784993028751283,1.893673436154268,2.4372989100975744,1.3502990224175413,12.751400812268377,12.180303432636656,Feynman91,None,13.398195585322995
1.2920034084515577,1.6739144997355946,2.7444535799321983,2.1956442498874487,5.029673002956761,10.04223198696031,Feynman91,None,4.5405462343782474
4.941160526023873,4.390652781434276,2.3292297015061854,1.6013795840309113,25.80192433878298,27.992405728301442,Feynman91,None,26.201840667489527
2.307793487329912,1.981638637866363,1.8385141283511892,2.2548961253642523,8.123820679547114,5.179988422396834,Feynman91,None,8.116769675751812
1.4125379132176725,4.692321074795537,2.776786119485712,4.604539952009752,10.080633637901196,10.331056925186038,Feynman91,None,10.442832563936689
4.409993202459411,3.2629363970376115,1.997789360697051,2.3199683398076845,19.732031203281924,26.286586295425526,Feynman91,None,20.16901722760639
3.684599647558925,4.9588062207100325,4.902214180374568,4.637344727342935,30.855399137097237,29.819870313579788,Feynman91,None,31.412278932089837
2.4733975390322454,1.5141206632746038,4.053380017130403,2.8891346363336248,12.868693037154529,14.14842063404942,Feynman91,None,12.767047541820723
4.425356151478743,2.2595147352780165,2.460212806233272,2.1513155524792493,17.582766172729375,16.736280390556963,Feynman91,None,18.263767195064073
3.6366223770610686,2.7605518752741602,1.0770316859475462,4.176643636047827,18.62326923195256,20.463022106895206,Feynman91,None,18.089402143698468
4.337386585683313,3.035455364612848,4.407530313243735,4.414142620313672,30.08938823766069,30.499269540543672,Feynman91,None,29.922838646334938
3.82236917991611,3.8642961279199115,4.822026409002168,2.363213907661213,25.288230384319142,26.55745154289842,Feynman91,None,25.181156923821618
3.39269750548372,3.041210772465356,2.7521834562962506,3.0344042807778004,17.309769453861044,18.08913802915867,Feynman91,None,17.436472815681785
1.4189854668696644,2.2762344424878247,1.6876467793948184,2.4931535995075245,5.355652272913145,5.276279301822369,Feynman91,None,4.92883488306987
1.472784146431867,1.2179527592587878,1.22938018463091,1.7980962623181709,3.675455143664866,4.0384347555569455,Feynman91,None,2.8374284341715925
3.1337745753805852,1.5168864364644317,4.452802002061018,4.15956711844757,19.67810538857937,20.998024223902288,Feynman91,None,19.53293229609255
1.0361706841784062,4.873352500899528,1.6091585142210847,4.306505618493311,6.941952794679829,5.277062192640029,Feynman91,None,7.251255182965046
3.9857972810611004,3.0794259372504245,1.9469791037936788,1.370176885752799,15.514419055948238,12.416495393505581,Feynman91,None,15.953777059622299
2.3162583364452582,4.516690611716202,4.610512001436334,4.161521976873681,17.787835575673306,16.527231787763544,Feynman91,None,18.106878460233304
2.0437495436762436,2.9956606057700297,3.937391759794024,2.2454530536946846,11.103993475170052,11.579489193696192,Feynman91,None,11.311543041506564
1.5879419616440167,3.1575560172198616,2.087968258280079,1.9337884978245738,6.750025327469491,7.178632635374119,Feynman91,None,6.727635210414158
3.504452581720464,1.8006076620153606,4.9575617200701965,2.3944306793983916,20.299495656944366,22.222544042626986,Feynman91,None,19.83130529946267
2.729749743219329,2.2225716088376455,3.8073509898633726,4.2427687149794675,16.702150083452842,16.065673629579024,Feynman91,None,16.759029259172067
3.229408363469166,4.496398635820496,3.707289156984546,1.8264280353826647,19.722521430550945,19.230606969899515,Feynman91,None,19.933656643352194
3.904850403504416,1.755449530120646,1.6226010249941476,3.86517441329357,17.746250028606095,14.356619979541072,Feynman91,None,17.423713219520582
1.7472633642266513,4.0897871558834,3.951983125296236,3.317012735095679,11.503722855021234,16.882317842297788,Feynman91,None,11.730568533657907
3.755274652780511,2.0258261727898352,1.6461816385570485,2.4223601556544243,13.373056822767902,15.137528299715644,Feynman91,None,13.788967985281193
3.674576324834744,2.830298808511054,4.354013709687255,3.6460852368317602,23.31603787845264,25.169053409322864,Feynman91,None,23.1991443528284
1.8997138639587203,1.319853234282034,1.9523036138711949,1.7634362559413876,5.591490584011369,3.98559921030811,Feynman91,None,5.3195429964584005
3.0557357368400107,4.2344225704791105,3.5100618562502683,2.6226855087991687,18.61977612319357,19.16487069330035,Feynman91,None,18.866783673287273
3.9193481217549473,2.026558212920346,2.967076284842465,1.219994128127896,14.872294542258919,14.228964102046636,Feynman91,None,15.2180198424058
2.2645761250781895,4.5278203152159,1.117744102791094,2.3260061010343724,11.80207329987514,14.32718526470321,Feynman91,None,11.50308606601607
3.516521852022635,2.8888024284472875,1.0938747705159533,1.986259692413836,12.914288999733282,14.21881001859908,Feynman91,None,12.958844553101278
4.372917263244661,2.3426804100974987,4.797410784256941,3.0887189497904903,26.97189224190642,24.692173581525267,Feynman91,None,26.416993983454425
4.4923531819112945,3.548726335092615,2.0117082715967025,3.184418857799034,23.248069749535915,24.44334124988332,Feynman91,None,23.454416532048874
2.8149563074181994,4.7807824034808775,2.8406376527481627,3.016889517438284,17.809293333448124,17.09439994527232,Feynman91,None,18.073651407302805
4.426001348129899,1.9441916296794246,1.1287984156666666,4.02608491994941,20.40930281825323,20.313776835558848,Feynman91,None,19.95371461196675
2.0236200542397977,2.4797345584668617,1.3468565336488698,1.543547476916277,6.508902360522573,8.413956344450504,Feynman91,None,6.393633803864686
3.0195865091986316,2.106566352836372,4.902382049213225,2.7230939165112376,18.08886367657485,21.059668434340665,Feynman91,None,17.945812622615342
4.464175468477785,4.74487176395878,4.411600341183201,1.5333314126317505,29.721865700327093,28.806396411345496,Feynman91,None,29.623306624407686
3.8394372342857395,3.6259198786012354,4.997722619668906,2.567256895783228,25.674134579160484,24.418492992351307,Feynman91,None,25.49368702919179
1.6079517994482981,1.3487462252944025,3.3776171933830352,3.7799072934267675,8.434487128561422,9.828805899676572,Feynman91,None,8.177886222978085
1.529094994867528,1.7778715464210233,3.8766360149901016,3.4083896134250358,8.34811002391455,7.53557418142584,Feynman91,None,8.185434044427446
4.892147119971777,1.937532406393955,3.279955489819732,1.9684887751281646,20.977608936828197,24.011181512615007,Feynman91,None,21.351836114692123
3.0552728898545234,3.087075112908483,2.477530259665549,1.111413276677876,12.561381502938962,12.477637303179431,Feynman91,None,12.797729440866718
1.4801548367975599,2.493434877462112,1.684319348980222,3.1931708943590293,6.4942355614029825,0.6144363472787289,Feynman91,None,6.135223717905181
4.7616404996768775,2.2223519043309454,4.343166018172044,4.2267762003360705,30.73659268734114,33.05345122149552,Feynman91,None,30.26164360344319
1.9692474565535898,2.2140793828997967,4.9072548122772925,4.551662493664688,13.882975123338275,8.253911004772714,Feynman91,None,14.117260390105173
4.206689159649995,4.969852124543079,2.995708954863265,2.4661855177978786,26.524091963890758,33.48076656749144,Feynman91,None,26.847410910618933
1.0682480088759405,2.9046191657029716,1.3095423918906413,1.4167727199028524,3.7249485960530913,4.264268879634883,Feynman91,None,3.2124780021180914
2.943090859261768,3.042074600240637,1.8343241180336287,3.9849350306080082,15.711439101977039,15.119344081584458,Feynman91,None,15.57553206646284
2.107329312386169,2.5000243885299227,2.736742621244906,4.693584131979355,12.603452694347455,14.007087151000503,Feynman91,None,12.757711492496504
1.3718668162906598,4.881492952394172,3.207856418889904,3.9939595202941236,9.70745104478333,7.777114284331706,Feynman91,None,9.953841240871773
2.480852881697748,2.5161253211927757,2.3720156935210865,2.786498489269663,11.017310648611728,11.259177998894165,Feynman91,None,11.08648166578228
2.628862444971433,4.7755251960410945,1.7472314013146937,4.118000612935495,17.201759580655263,16.768470430419097,Feynman91,None,17.34339431340771
3.5724228809914074,3.7449907325983753,4.85762054618087,1.8122469993329888,22.84833874517565,20.7043012092102,Feynman91,None,22.70094266981295
2.0893176210575892,3.0829501321241284,1.9035224946038651,1.3231993463305738,8.059144528385456,8.36047821060572,Feynman91,None,8.134725610391737
3.6116730416459695,2.9915322598722107,4.731904000000932,2.5286247840814995,22.185824019643604,21.505151802579125,Feynman91,None,22.016281849986484
1.2032406089312286,4.179595586024444,1.7522163036998974,4.503712139688819,7.687822829999705,4.772007139558935,Feynman91,None,7.929175060335114
3.891736708063578,4.289073420045769,2.6962250109890276,4.075429656501087,25.303743771266372,25.89512090466804,Feynman91,None,25.50897172852427
1.1202298512488293,2.185680098050503,4.182913443436508,1.9447196769892523,5.718210723208355,6.262299795609602,Feynman91,None,5.4923120646978525
3.614727705917822,1.723968951609721,3.1048041211868074,1.1846626405872462,13.53246261033549,13.28140418898435,Feynman91,None,13.714669695537346
3.6507971807997825,1.8584723930540665,2.748957778699923,2.932491277633351,16.16697054565568,14.390022130345152,Feynman91,None,16.26623311659386
4.959789142572239,2.789903931474179,4.461357683751267,1.115339936174975,26.677607827198692,26.633364873797653,Feynman91,None,25.85969236290429
4.86907665907745,3.615475309248386,2.717201305744078,1.553107422585343,23.283651352683155,25.531069378291733,Feynman91,None,23.772729225250128
1.3903287749656057,4.553727048298091,1.750094075258696,2.1221892500884634,7.396620495696888,6.986835194297928,Feynman91,None,7.456465152589466
1.0707771025806978,3.4101903879050726,3.3698862340947726,4.970501214342654,7.394676431522839,8.652808572767547,Feynman91,None,7.546225135463154
3.987160693539981,1.1522368917789567,2.18684750522277,4.860548013575139,21.741866563883196,17.561789079265775,Feynman91,None,21.228769897564764
1.5902706836513154,1.772586039952801,1.5828896660355936,1.9038396047433337,4.842421549081777,3.4663446899133765,Feynman91,None,4.4079544461052595
4.174420529683266,1.4128970785359267,1.912834679805906,1.2233384865572718,11.163567930120422,5.807439624222508,Feynman91,None,12.464586145431152
3.099560886867867,2.102294659191559,1.799599721663654,3.2168861039529606,13.152718535548377,12.188737236926396,Feynman91,None,13.061516299594992
1.6879082630558209,1.0936275248198672,3.4922252423616618,1.0894621930434867,6.44475694870263,6.973037574307017,Feynman91,None,5.890687555538936
3.359917091294107,3.7080745458485342,4.684908373557086,4.096073218993401,24.339346811776412,25.335488371742294,Feynman91,None,24.447779195577148
1.9032514938907528,2.4271110912066804,2.816174170285782,1.1112725006904762,7.385163151443202,1.4850470976928243,Feynman91,None,7.4662470612630765
1.8642096671064126,2.8185501376965836,2.3604462089005334,1.4168289653948163,7.344923514327501,6.165956455893978,Feynman91,None,7.44515252971731
1.2305370726308076,3.0757878388771145,4.934079882088453,3.3414322645585948,8.252013601060051,10.812886679061869,Feynman91,None,8.222709094224179
4.739042310527864,2.2485741359431866,4.8860529020948125,1.8683613465621018,26.983581208673836,20.059852657489788,Feynman91,None,26.03146185422576
4.62816817172715,3.5811747430911884,1.9750552994573902,3.1700760404048505,23.948271876962846,22.105955104510105,Feynman91,None,24.211058745078503
1.9296077144220445,4.050919295039845,4.363406206344892,1.9824469531359048,12.108862168792223,14.00747606278426,Feynman91,None,12.45838967683589
1.1787475688241749,4.661038165512525,1.6737183202061852,1.2931533817072123,6.033397923408184,8.887496122400512,Feynman91,None,6.125655916496395
3.3043985750494884,4.085316166672925,3.3598530265286404,4.761378450733192,23.516814133936744,19.699748872109524,Feynman91,None,23.84508675883177
2.432815926897962,4.002587698487902,4.26551863308007,1.6794130590906504,14.805396126618442,12.002784155917675,Feynman91,None,15.101868698903298
3.3036926312313364,2.0473603952365975,1.674975986986253,2.436610997884184,11.881496329573693,16.866399950296753,Feynman91,None,12.11990574676813
4.773200954257009,1.2364649332864905,4.632684240641709,3.7779826850615628,29.137552384725048,31.588160653815024,Feynman91,None,28.17719362609916
3.6812791857746276,2.7085915150389117,3.917091628547275,3.6935420603602487,22.186336308421488,24.80228524987719,Feynman91,None,22.106021239007454
3.3173877759077164,1.608411163237601,3.1233261060312443,1.5819915739364192,12.781568254335781,15.654077681743487,Feynman91,None,12.938857527944442
2.1551249809301902,2.003390867250209,3.6741598553638086,2.805312970048442,10.857811064507777,7.527501839361485,Feynman91,None,10.868947864009519
4.556879095515685,1.1898936175505246,1.4001499452936588,2.3974325708227058,13.764452620928193,16.261553868391385,Feynman91,None,14.759435179153988
3.3985713498953873,3.0854167244072896,3.338393012773122,1.103638067473299,15.898152523036233,16.84579707423168,Feynman91,None,15.986012747810582
2.8553312309338734,4.4631974587026715,2.955524725457525,4.09579968379104,19.245617299476386,22.2949704759978,Feynman91,None,19.531893318691267
2.129981146893048,1.0616602456832047,1.0459812689465449,3.013248119187785,7.160305865524897,3.8218317964546586,Feynman91,None,6.360237511715169
2.9977988801271804,3.6896966063132886,3.7074053746572337,1.9608875208417613,16.745811749990793,16.45740417060836,Feynman91,None,16.95510875189604
3.2915112780153026,4.266474494035111,2.4985017155503435,3.327006409419531,19.615387770632914,15.42653362083298,Feynman91,None,19.73539704294091
3.5524245774893153,4.044891272462021,3.2112908565636675,1.6944086230391369,19.30916938207062,20.683370559442388,Feynman91,None,19.460218320938274
3.850991722037512,1.3954332741147901,4.231563910656307,2.4145205025373193,19.516314047743958,18.663995964181044,Feynman91,None,19.04461306530564
3.5429765321238738,1.0015594932772922,3.751156313272186,3.98409693808997,19.709691340779543,20.612341135509112,Feynman91,None,19.294037358414236
4.604887375271189,2.428450600970793,4.432293334856258,3.4539548244008382,28.188681988164735,26.337631766708856,Feynman91,None,27.758680261314513
3.399722664446048,3.832873362749329,3.277586674214721,1.4302726313023868,17.821543503253526,18.091017109644415,Feynman91,None,17.953015065831092
1.801060909238969,4.155716689587889,1.4978755572375793,3.582289168083,10.243336289230529,9.626706956761065,Feynman91,None,10.20380141366032
3.3138241688923356,1.9636106285230817,2.6928128987101485,3.9373079208295323,17.094130523533966,14.923634938216699,Feynman91,None,16.97055831036361
2.5292739281837955,1.3432567787019365,4.289132795903784,2.5838143950683325,13.112546355193771,11.499102793705712,Feynman91,None,12.934586608186388
3.8283891915049217,4.153599026914019,4.8248110999582785,1.6385752574914858,25.167434512948454,24.82502958119594,Feynman91,None,24.97400147212614
1.7430285963144687,1.2179645899516665,1.1012767812952897,1.718507641941439,4.142954510009299,5.520696006189922,Feynman91,None,3.5318085952855522
4.475541056697498,4.419623809059487,1.9280919331566717,4.46470409761313,29.41087623993024,28.750101218037653,Feynman91,None,29.683451771448475
4.797408801957169,3.0014063160897204,3.1768766188608044,1.7147970300355921,22.523062220327354,24.997677287537762,Feynman91,None,22.91371180338
1.1403002934822482,4.739248978478743,1.9307370938686748,2.28364988787383,6.3900869179023125,10.38470260784969,Feynman91,None,6.504792480102066
1.0078859364896662,2.837109604249959,3.5068961398796215,1.633162778259892,4.83519893842335,5.662350714353359,Feynman91,None,4.7039998620990575
4.791484372234283,1.7751068381554358,2.060795716592184,3.7950245232496442,22.37171423105826,25.736373293424965,Feynman91,None,22.400035375988285
2.469502548203243,3.897566025350521,3.67887632918625,4.029411373303688,16.558803294490968,18.308975942654335,Feynman91,None,16.80857236143513
1.8109202644362488,2.7188600020814766,2.447592009669001,3.286100618938009,8.905118901122924,7.828138895570344,Feynman91,None,8.851465866782478
1.6388766467179647,3.9731766641286215,2.3627114027808807,4.657805064381423,10.754788319205144,10.684825842306374,Feynman91,None,11.062176999429125
2.3112066591827043,3.5411249753024903,4.681761303930363,2.7681048847815957,14.99986648020436,11.537034159183557,Feynman91,None,15.232324968445567
1.6473705623839976,3.1253864427807865,2.780241371164043,4.510167963197462,10.133591838837159,9.969574740845204,Feynman91,None,10.293154093939652
1.658430090542511,3.0420711536233327,1.6124407998276107,1.096199692664972,5.992377703741258,4.594046502798764,Feynman91,None,5.869214699344798
1.5044315736199776,2.231547275186617,1.997827872745337,2.4374928300309633,5.809617409654899,6.664651097593679,Feynman91,None,5.500767512305432
2.8582538031612335,2.597809889674543,2.902506182044854,3.5724545072002027,15.10705153412053,15.07259107440527,Feynman91,None,15.149967336427759
4.89729456789779,3.83389157550494,2.827829452265674,3.8248079790981637,29.91942391464534,30.555713108387074,Feynman91,None,30.28426167841475
3.6190822061392036,2.646712512067759,3.6319869576963497,4.298966088663976,22.507527548939574,27.5900265741578,Feynman91,None,22.452825544101017
2.6723327385493416,2.7505549974190173,4.413785141611666,3.140682759137968,16.235590410700826,15.962637329608302,Feynman91,None,16.33143518165823
2.203944011131229,4.513713790533153,4.999083591285773,2.336566485995282,15.712125667380896,18.15741103468313,Feynman91,None,16.064063250968644
1.2325967930743014,2.3985642246194003,2.659779898173264,3.897831291863802,6.524691278383291,11.288630851498045,Feynman91,None,6.30153866069104
2.254587316969153,2.5428143396127143,1.5189291347183458,3.1204497975430328,9.70003472132815,8.054649433698794,Feynman91,None,9.470090496660353
2.529544661270676,1.630386758327575,2.372994582941132,3.0676746454876254,10.64210794876235,7.6073855477781995,Feynman91,None,10.531913686861435
4.199164433291375,2.313072032229806,2.303902676742915,2.42088448138329,17.066879398863893,14.129588317646908,Feynman91,None,17.588272671243114
4.376786828624878,3.006229153105821,3.5788782822646246,1.8737888051082856,22.039574183294395,24.03466656022763,Feynman91,None,22.132474885216798
2.1584291816509658,2.6814829308978494,4.46613403014862,2.5867830161024177,12.553849834536186,14.488953606896061,Feynman91,None,12.699688730608287
3.825744682259922,3.230966411886561,3.9473759310264693,1.878098167166384,20.796071546072145,22.048890011491668,Feynman91,None,20.779065433375877
3.7830021062131034,2.84063572304088,2.7387679865416303,2.567766408659263,17.809659456124823,16.55841880766711,Feynman91,None,18.058116814732234
2.813593186777432,2.420910653529874,3.8402375084082276,2.0511350643027066,14.015927257177944,10.953626747370897,Feynman91,None,14.121670093060494
2.7657947396014686,4.195859835092763,4.299127046916954,3.9036743367781135,19.814831139789334,23.989847420641293,Feynman91,None,20.08411953676355
2.873125754409021,3.2416678518775286,1.7882203337295,1.034580544030487,11.04435643723835,13.302665055587553,Feynman91,None,11.138190926873119
4.0162295646910025,1.3728187899711943,1.3090704602775345,3.392332916890877,15.609767141135173,14.697621775218465,Feynman91,None,15.376049969899432
2.524327751918288,2.6043279971945212,2.787349001961496,4.230581529331342,14.379732579829028,10.186539929120961,Feynman91,None,14.433503919766574
2.893086391718553,1.0876766637889612,1.0812945525221695,2.601530686553213,8.7370252712772,9.422469347251262,Feynman91,None,8.444798295562016
2.0606778972208386,3.9731537376307173,2.3706085459579644,4.216028441337902,12.898696604254749,15.159783906980547,Feynman91,None,13.094476068332808
4.341720972139694,1.7680476405872732,1.6319167284661424,1.9546977603728384,13.459326612008509,11.254402616512492,Feynman91,None,14.576325370352256
3.14220191505332,4.568970816983848,1.7451746116727573,2.448397408332008,17.186373442783527,15.558774917647133,Feynman91,None,17.086910431433235
4.815470658905989,1.0445821564415243,2.540085754698109,4.175120103971971,24.06522267106074,23.36307992039811,Feynman91,None,23.627812073579214
1.1461577964617193,4.520872729870117,3.283162040848181,4.606819690433346,8.299973590561088,9.497432719998592,Feynman91,None,8.491021162548941
4.24192531009405,2.1190970129418627,3.5546385042337167,3.1433129928313215,22.04432047212204,25.784593011043782,Feynman91,None,21.941391900873178
3.0243449431985696,1.053838312068236,4.628433548948118,1.5162146268452865,15.070793385864816,15.67351409923294,Feynman91,None,14.414358097633198
2.613961667311723,1.2118573871641547,1.4533176952573803,2.3063173592465227,7.79812298324434,4.783874157868711,Feynman91,None,7.691767477702954
2.8747334779097478,2.617651978927091,1.5182186590931188,2.915547427469993,12.07987040190829,15.706412047274934,Feynman91,None,11.965728352117015
2.422731442943797,4.838659382643734,4.565814676348033,1.1597587527439344,16.360942152788095,18.94909790981733,Feynman91,None,16.699827785609152
3.5185832896145017,1.1533558041402423,1.1328520523137513,2.8539152467230986,11.54096156740795,11.86860887087026,Feynman91,None,11.387846182927982
4.580999544144163,4.2945533028783345,2.465090108423691,1.6012036890098407,23.840443517401937,26.586143989534325,Feynman91,None,24.083198902564288
4.5271416746152795,2.2297495169523303,4.043715072856813,3.3095344838536027,25.719756478196373,24.369279752310682,Feynman91,None,25.412238099548894
1.5658997850974128,1.615045337841507,3.5989564067885764,4.988416188892229,9.958575382355074,14.296654203924092,Feynman91,None,10.169972650775001
3.5946724562282784,2.2419882576680408,1.6047437865896197,4.622030090401481,19.346177214924133,20.35509070200178,Feynman91,None,18.981019215622254
4.558874781005095,3.208553780436499,3.5183918040644886,4.119282686270522,28.703679228891833,28.93435752192035,Feynman91,None,28.715588405641572
1.3758306326022467,1.0581391357347938,4.080246247603062,2.9524197525019833,7.080496879020895,0.7457867898583803,Feynman91,None,6.624598664716334
2.777326627554278,4.233488573235132,4.755346580528351,1.408932452147822,18.11039245584076,16.22664784469367,Feynman91,None,18.279115983537054
2.6635014008060485,4.022239593252435,4.513623821871999,1.984697902619943,16.948375972269254,19.856360210389866,Feynman91,None,17.198251308871566
1.039959360232808,2.6306692299774594,4.787906773914537,3.6945495802031556,6.85854329285254,6.008348581569371,Feynman91,None,6.67545919451561
3.166224954989715,4.946678761607842,4.044696995949174,3.9879802813242735,23.848461886909146,22.937465417628164,Feynman91,None,24.28388693263305
2.382242512613195,2.1497830101941373,4.721976776875502,4.6216699956234475,16.55246576501202,19.902086402898973,Feynman91,None,16.775261391865005
2.91146528538326,4.671651520482715,3.876069422947693,2.244950862408723,18.843287290562554,20.573966086410152,Feynman91,None,19.15793176862849
2.34409373260566,2.6253426849664487,1.9497478092163871,3.9415736365415235,12.00531752229903,9.538390722832622,Feynman91,None,11.893409263985099
3.7164795098278587,3.119549349717892,2.5270667881501843,3.5194855667324316,19.84211437612324,18.086634389757215,Feynman91,None,19.883862789288628
4.294115588723285,3.0198008314856906,3.2505778650848947,4.711583143293619,27.790748166403574,25.431958147485368,Feynman91,None,27.78722548550588
4.053933762496088,3.8305989293494433,4.075607492171333,4.318647596653803,28.646939181829016,26.74249199728904,Feynman91,None,28.767923792147826
2.0835575389846297,4.843418217225624,3.9521502386260394,2.4712208583729143,14.005648990459807,13.675268220357731,Feynman91,None,14.412224597260304
4.964132813035018,3.835001657505236,4.860895590724418,3.628836877487853,35.62573844644698,35.73791447581779,Feynman91,None,35.52651762688107
2.911831897457306,1.4206960926214585,1.2063198786399338,3.084620087519764,10.494100816292294,10.800141097561582,Feynman91,None,10.10723494244617
1.5092582058500739,3.7197504422206196,3.4699396313255666,3.515742706826201,9.332717652946878,10.17117798273532,Feynman91,None,9.450545421244305
2.0579023961095158,3.059501816493379,4.386561396040614,2.3048505023286765,11.984487168702861,7.231447131847373,Feynman91,None,12.196272416053393
2.786955555655511,2.8276750535958644,2.1236485345612786,4.277726053173231,15.468122927431875,16.333287882127994,Feynman91,None,15.417052558356774
2.396363398540832,1.9329490613458193,3.8072732688905653,4.8463964879007,15.478203894748567,15.119500638732271,Feynman91,None,15.691036204702758
2.198875659216691,3.531592816148517,4.159345334859368,2.3591001064599633,13.07132260906156,8.799095003396207,Feynman91,None,13.339794105861996
3.193932537558936,1.8550385213666774,1.1716630478781918,2.891335962081842,11.592605008923513,14.42485653858534,Feynman91,None,11.412848524133572
2.02104467068464,1.784401063578004,1.9125812527046144,2.302840665089178,7.0433129372642,10.845110775671245,Feynman91,None,6.881414803846487
4.106870047093948,3.398420135156108,3.689197712224244,2.8073617918875233,23.606723222275267,28.558816417477775,Feynman91,None,23.675979108991495
3.967205051618044,2.739786539675361,4.448987429099784,1.9466666710983667,22.120300985271726,23.22080297214639,Feynman91,None,21.82102355947033
3.3258199000212016,3.94447726562966,1.320993372384009,1.7906808102612435,15.062132048411485,17.385728438478306,Feynman91,None,14.82439034419338
1.4623714072577596,3.643345792723586,4.9679741726624105,4.717116489260366,11.346901888683934,6.641304925576311,Feynman91,None,11.448142820417475
1.075954218426836,2.9382203438205927,2.133514216933739,1.4368816441661814,4.201687403393984,8.388159564291545,Feynman91,None,3.946268407366713
2.719959317728804,1.1501529999776055,4.055840778942926,2.1774122772911992,12.905861753263943,15.585680412271202,Feynman91,None,12.630840655259048
1.8997240517348302,4.6747349469064154,2.2086731287052186,3.573411622854652,11.939679435150005,14.60141909892103,Feynman91,None,12.140577257957084
4.133584603334597,4.336775868318544,3.755068455481262,3.066992630675746,26.888835300863313,27.765305036260237,Feynman91,None,27.09917493554957
4.121736551157259,4.941349544820623,1.582927598236283,1.4380613627137744,22.19263897438741,21.125370909673407,Feynman91,None,21.870280235229703
4.416514592959363,4.186913388230347,3.69091428092746,1.1526628147605646,25.170926552818216,24.53812688141811,Feynman91,None,25.02791223840351
4.41518105862149,2.2668296111036477,3.037986945552995,2.1098901841336204,19.153703630688426,20.220300201852528,Feynman91,None,19.548678440330427
2.5322206972387313,3.9669179739164133,2.944714410260735,2.8620265022372693,14.457844156077355,10.903738029596068,Feynman91,None,14.67620872466295
2.1846122335957907,2.742746378472131,2.4169217387525674,4.325073700133807,12.371625324965107,14.70783078097679,Feynman91,None,12.422997427118007
2.2010032612726196,4.351835138762979,3.2794000632548475,1.1126203664214245,12.240993551694604,11.018623891668048,Feynman91,None,12.556182528235116
4.890252515944437,2.0480037049723085,4.540676933165955,3.071889251876734,28.61887153049838,27.138785800948597,Feynman91,None,27.974490606532314
4.427855732896447,3.1289558419402774,1.5086312796276573,3.8919136732535953,23.09852599857361,23.440434871704348,Feynman91,None,22.961798450138705
1.1934946445877985,2.870696286168015,4.342982090132422,4.521472956702363,8.22958551135383,12.584063965421436,Feynman91,None,8.222124334969632
3.208018236068529,3.52236531230302,1.1604252444666683,4.958330187566769,19.863483773725445,21.080668304529848,Feynman91,None,19.7087744765941
2.4507934045448696,2.37593369905599,4.524563689496837,1.928169260419288,13.386487137335672,13.559561513682716,Feynman91,None,13.438339526107285
4.194871368884948,1.1551383519692067,4.633676827476984,2.102824225613221,21.888698629340343,24.996209337679154,Feynman91,None,20.931254197078506
3.7362041032197375,2.972137599431315,4.887714385253649,1.0993108856084746,21.763777990557575,19.806101623897824,Feynman91,None,21.15589237145134
1.5013017208417638,2.271810818302766,2.4485059027247575,4.0198210433451855,7.846404722836877,12.950914232830081,Feynman91,None,7.68932024415301
4.915126450607296,1.5937517059716986,3.772840344063689,2.8272483009892495,24.46118823783996,21.921822695098832,Feynman91,None,24.18898989613385
3.6165736841804543,3.390600875188904,2.112887217631597,3.855564631540346,20.079588818247473,23.634033532418528,Feynman91,None,20.02334327962509
4.252079932008072,2.0115863871339728,1.5528746687631054,3.2901250344842294,17.67700773238899,18.867947051121217,Feynman91,None,17.751425844879325
1.630662455118249,2.13634518234356,2.5750001756760987,4.1583348583312905,8.703269667713752,8.063288188218472,Feynman91,None,8.598117343559398
1.8933539184009969,1.8345967152084017,4.248233075629004,3.7633660724337257,11.293051231490841,17.689159580323818,Feynman91,None,11.301924230855851
1.2397417919927678,1.8824376355376442,2.1222514038127276,1.4354446723791403,3.9415257781356825,1.4418990550013242,Feynman91,None,3.4226270576365247
4.251316767219628,4.299756079237423,4.255591851668125,1.5518424937861384,26.551567974155894,26.364091448263967,Feynman91,None,26.415741988727174
4.694775132283403,4.431789901555618,2.54353283357416,4.70018474961117,32.59474476154478,34.13266930987764,Feynman91,None,33.14706814167378
1.357763408464729,3.863398462251782,2.6852035840338773,2.393173472664003,7.167067713835422,6.608534081263033,Feynman91,None,7.273240941382829
2.265504309415246,1.3219512976764447,4.716924903429378,1.7068497534953186,11.752328849666931,12.376246852468645,Feynman91,None,11.46652976019601
1.4175806031200473,1.8611962845387913,1.2230145475738845,2.8296612817968274,5.104628657007373,10.346538067488371,Feynman91,None,4.37774884360793
4.686682326385852,3.5356287774146,1.2533552027073753,4.772431256561811,28.449231150408238,29.39736198478794,Feynman91,None,28.315239344678343
1.2426260505413111,3.8373466965967546,1.2142289471706178,1.2208865783641882,5.226442276716206,2.144704909905956,Feynman91,None,4.97555825157369
3.6631253627977656,4.62972833112431,2.0949857105423018,4.7979057980264255,25.60083065850004,26.771547552633155,Feynman91,None,25.94440928691033
3.480344723516849,3.5658497101602276,3.403251730263591,1.9164324767163796,18.406424198808924,15.441534898511293,Feynman91,None,18.576216945253243
2.654792731050225,1.7509801540111822,3.479629555476399,1.7061196820762627,11.289768744046924,13.840801598395501,Feynman91,None,11.320666533421821
1.952081987753962,3.540827687064398,4.373673797773684,2.4696452166792975,11.996275337960249,10.427549355021501,Feynman91,None,12.256722978008694
3.0115116825526966,4.301861715355007,3.817344151359499,2.7341846479460665,19.17789097188662,20.742628154790275,Feynman91,None,19.437886547731786
4.127872856396682,1.7663210400965856,1.5602909787545252,1.491906313577318,11.513866815010827,9.967642944838623,Feynman91,None,12.746070522187843
3.836104781155209,1.5910773135344174,3.1239911471341455,1.3626751925354097,14.428921277064639,14.82609532326472,Feynman91,None,14.63215447415568
2.0878904224503536,1.2031572225925795,3.694413394937337,2.941225341426412,10.174494647520548,9.632178580224261,Feynman91,None,9.948534019682608
3.557720940476309,4.1341168892236775,2.2473073859497807,4.14721944172374,22.31480795800855,21.409777701735486,Feynman91,None,22.394515657862016
4.80294252204947,4.428754828262291,2.0479133179115903,1.4851690975964944,24.496676315441608,28.075644170687855,Feynman91,None,24.739520585278157
3.24398800171596,4.936737351239683,4.008273831997595,2.9736718004433937,22.772786244366706,26.594457565946502,Feynman91,None,23.128425931445488
1.0660320277962074,3.156984275562825,1.9841727511978626,2.5275414196017403,4.802111258673029,1.7681364414432408,Feynman91,None,4.511995992487445
4.069282365978786,2.912706808815799,1.7205845198803593,3.25122454027983,19.09301607824715,20.070388490622612,Feynman91,None,19.120139255006723
2.183574135425146,4.729299165664603,1.9232548632680762,1.4089681541249948,11.564776585320509,11.610531410900672,Feynman91,None,11.621604368695053
1.0666240957627116,4.32615957993967,3.007624899387458,2.4338202524870614,6.190551109199846,5.503226065126012,Feynman91,None,6.317813404653115
4.282495843361048,2.685829716351198,2.2356233832966885,3.92029873258555,22.490417033335298,23.590606418547157,Feynman91,None,22.454117397588348
3.5862035022305734,4.008418443198868,1.3509675762481557,3.7478931095127948,20.26736002688948,17.77048350317231,Feynman91,None,19.97814926491107
1.0444793044499745,3.151379550027687,1.341338721797968,1.4147331361669253,3.8704762226209026,6.879820710306351,Feynman91,None,3.4342845578231995
1.7670110946208144,3.938418716345866,4.688258630549679,1.663696529901617,11.211653663730711,6.412693042772678,Feynman91,None,11.557952798630103
1.692573277898512,2.335216701220271,3.5580609703368995,1.2013299690177424,7.484969460146984,4.672170115727798,Feynman91,None,7.494796416630808
1.7847791621030398,1.408609635532697,2.353173171977489,2.2421199795851887,6.322429244685062,4.262846321785054,Feynman91,None,5.990334117550952
1.8063074111382362,2.971150188026032,3.5318688551969206,2.351103674481224,9.356170156201635,13.155332137265102,Feynman91,None,9.513427407540526
3.2443511604913917,1.3040172566045292,2.5061535547868363,3.324554856890782,14.154420961968002,15.348499375247426,Feynman91,None,13.990948151637129
2.718312099056275,4.98652221512703,3.3327379621097895,4.20890119366776,19.91753025795656,15.21950846911664,Feynman91,None,20.37158216493196
3.9575820025248905,2.4016796198118824,4.048302913277437,1.8694574761034612,20.044163512272632,18.807932009290354,Feynman91,None,19.86991012408664
3.5585916896999934,4.775204763516243,3.2768548088836216,3.676974737793346,24.41217273532786,23.596536059526766,Feynman91,None,24.745438098907407
3.3411461243742533,3.171696072832824,2.131303564010471,3.9418863374339437,18.34303790522499,21.259273808643947,Feynman91,None,18.273034952124036
3.065436074039186,2.0437470174806798,2.42503390163157,2.166027163143229,11.772777197363137,11.59678126025147,Feynman91,None,12.059114380891137
4.723618948312356,3.8480745758592962,3.936950711054839,4.428287993996545,33.37329332540942,28.63029887043447,Feynman91,None,33.57813480834861
3.9240698195314714,2.5184601803633133,2.316707341742657,2.5302411902975455,16.700084658051832,16.44740729612474,Feynman91,None,17.06042736938285
2.4289612930719926,3.5786554283101357,4.0726637697731825,4.820251273050781,17.62096950091243,25.312295928231585,Feynman91,None,17.953741269890127
2.535713119536578,1.5124364619918778,4.961989657853898,3.411202984296484,15.742901174683436,16.30443381077825,Feynman91,None,15.685385272717031
3.0636716138344124,3.1259536349172756,2.7919850219244466,2.2867541342069577,14.627551682058169,16.47895789835249,Feynman91,None,14.857441729400966
4.971123868648727,1.9637333928244969,4.420490152502467,1.4303542850081943,25.07482156176371,31.086415822071416,Feynman91,None,24.217042615097526
3.978332173384099,3.6757575898027306,3.6903986916571765,4.992072422579797,28.70223253036273,28.356344560658147,Feynman91,None,28.939197981232013
1.2943132068389809,4.183549033419903,4.013752276882373,4.348453500275313,9.38009576034166,13.246297063417117,Feynman91,None,9.474035231261526
2.4239987792523796,3.1753825610772166,4.66943821471574,4.6754617777884935,17.77084581336389,20.19267137665511,Feynman91,None,18.03656788176879
2.59748186880356,2.3978551536497585,3.0547307533014147,4.675937800809464,15.788221211418564,18.524256854328804,Feynman91,None,15.912841193178409
1.823524549748596,1.4337180438253418,2.2549373140037217,1.0093508035487195,5.208733974862205,7.009368669554139,Feynman91,None,4.964863463239588
2.578233216202401,1.185148095506841,2.1462439184406215,4.324864595670971,12.817577653506092,11.270407492763237,Feynman91,None,12.488456469683936
2.358541751851852,2.0329033084097947,2.3533626559804257,4.604623103182777,13.104998124576053,13.01871755355505,Feynman91,None,13.092363349987338
3.212008393312102,3.1579552613090445,3.8107759674538433,3.0865627120536154,18.735004880930557,20.650392856618303,Feynman91,None,18.8331795641241
1.8402202364283347,3.846137673730399,4.4160486453632295,1.8621058396622057,11.308254242829404,10.681721592499944,Feynman91,None,11.639065084763871
4.220271622473367,3.826331587983633,1.044697768295253,4.870148489458906,26.50738904356871,28.856211460206037,Feynman91,None,26.261073853832837
3.155540379980447,2.075829332600537,1.0775965515841444,1.1440173120887636,8.21596151378,8.199601086661467,Feynman91,None,8.694587555170196
3.5591405033614762,3.980303946325971,4.0562195693228675,4.568136575088954,25.950896067108925,25.83390538403598,Feynman91,None,26.190474780634595
4.538501536940571,3.9955212497184913,3.4046088422769083,4.545040625578506,31.513331665302545,28.624079491629534,Feynman91,None,31.81447965387811
1.8512767985267184,2.5006547333399745,3.0155253766675756,3.2183072206926844,9.385839863770565,8.55650328760352,Feynman91,None,9.380821920978052
4.867611368825177,2.074094497470529,1.965887579139995,2.7523401234102174,19.312801332862556,20.239859090307192,Feynman91,None,20.12368097789758
1.5206073425934248,2.075042483046994,1.7094401351593742,1.0822930024749438,4.406966954262834,2.075533912831593,Feynman91,None,4.093951919295632
4.403448085624776,3.2629111600091245,3.7723117249787865,1.2518962369430255,22.6442449453692,21.268668950099567,Feynman91,None,22.492759790664994
3.7116267526888382,3.536450713699454,3.173087337408954,1.5382042466436716,18.536236799029332,19.892021872211853,Feynman91,None,18.691111235412052
1.9509631474960827,1.5904076854719866,3.1931131700486177,1.251655241157076,7.375572034071632,9.700928330643546,Feynman91,None,7.222342177165107
4.148742394166673,3.7432951382369413,4.37118889930461,3.1337078660656945,27.18603365373085,27.9366575753898,Feynman91,None,27.156008908788046
2.404802110587442,3.0875872446201655,1.1055884567083756,3.1200837369453454,10.885666430481315,5.301000461388127,Feynman91,None,10.518604502730124
1.1606275654494818,1.4798356069375123,2.247814399199286,3.503587496229074,5.127519173370271,7.42659153138861,Feynman91,None,4.452014001599662
4.328814105855075,2.3670691960337535,3.1679384785161355,2.4180689213774436,20.065306265166317,21.584358622245297,Feynman91,None,20.315075895433257
3.657296203519732,2.92228371295529,2.8087243868629286,1.7499866039317715,16.14650832212267,13.259821690476024,Feynman91,None,16.463079299589158
3.406223694229023,4.882148248245512,4.624425191173238,4.720576478026687,27.985920707565548,33.26386039209373,Feynman91,None,28.52900325245782
2.8446926535954153,2.5628314988165006,1.4835979885675,4.538073508927097,15.414790632190325,20.83089578067962,Feynman91,None,15.169628011724145
3.08416939233482,1.7320157106486356,1.8245043705248034,1.585298244938412,9.170862166786069,5.288794132117001,Feynman91,None,9.682992058107365
2.909560171174017,1.09484869684163,4.794626693646773,1.848591906584789,15.286805558684168,15.203317541149087,Feynman91,None,14.752981515157474
2.082180894828646,4.585963215307982,4.575500265773972,2.0148241799086644,14.12599425744306,14.527533439991291,Feynman91,None,14.523728992236402
2.268991101191374,2.5970310300609984,1.0562968226374831,2.9777284862094744,9.279923979927355,7.512185988608029,Feynman91,None,8.870634880823435
2.7651022948766943,1.1700733757045652,3.686816852566925,4.493444890191556,16.394220662396886,23.48914216428991,Feynman91,None,16.318863728424176
2.833530182545503,2.1549892289369095,2.091888108177024,2.5113699740506665,11.093172442613824,11.216358596134944,Feynman91,None,11.23056785974313
1.0270236988388524,2.6651936986857523,4.0866550973311275,4.429896494769499,6.768077626455642,5.497324095707472,Feynman91,None,6.645141701380615
4.6764511968739875,4.3431008637262565,1.760627803869372,1.6718016895781478,23.26846115799525,25.79291855695176,Feynman91,None,23.437846070513093
3.777960917612641,4.555117430089006,1.132590752395215,1.2858712514086066,18.386416884685094,15.78966731945738,Feynman91,None,17.77683528819171
2.8462789442393888,4.377505635775621,2.9712798369395395,1.0058634575394363,15.328426625863267,15.500987066251447,Feynman91,None,15.453926589887315
4.773045504839203,4.757252725133378,2.1673002183857815,3.23200619572004,29.335600441938347,28.87814795164194,Feynman91,None,29.78929109934522
2.204262801227382,3.101913191843439,1.0811116641222824,2.895618468513639,9.65237448664156,8.89345491619922,Feynman91,None,9.287722887931393
4.862079496124665,2.760358719303596,4.837083136125573,3.8188374610340152,32.83270990812972,31.882819062508986,Feynman91,None,32.330728559635766
2.1618392646425484,4.472742997003108,1.645536308450493,3.0722388334190156,12.258195024898455,11.51418418941834,Feynman91,None,12.234039411382792
2.848100932355385,4.448381990858918,4.252476384030878,2.906468422747961,19.383668680431956,17.476896874469144,Feynman91,None,19.676111267032123
1.3145684364868067,1.8060327499915174,3.0407774207914655,2.7346717121949866,5.876945912551318,9.665191346823171,Feynman91,None,5.490328019148899
1.3813281397374975,1.7761998865555455,1.5353019493110684,2.7838251619138257,5.030333708904571,8.039919356166608,Feynman91,None,4.361380120692312
3.620004552692777,3.84192723064121,3.0283508552482794,2.45617289355936,19.815714143200665,20.040029191443303,Feynman91,None,20.006019864483072
1.7615732114850822,1.09116012312629,4.862884073037723,4.07658975158143,11.342241195317694,13.828130899145975,Feynman91,None,11.38017427575126
3.6390542840265283,3.2394278466859823,2.0578621114871747,1.6182259140848476,15.156713233492948,14.045007940258532,Feynman91,None,15.446686821073193
2.3193679647494636,3.4653368703388847,3.4037704301195606,1.0226757549451588,11.513058134522762,11.162679614320062,Feynman91,None,11.744036437219659
2.2393971619530806,1.1962537065837204,3.578578885164865,3.403508944777304,11.379382241244025,6.392842029162511,Feynman91,None,11.18264177317809
3.7773559040297657,3.202515868457828,2.956487670670189,2.3515736791574335,18.70719103565998,19.858771087606886,Feynman91,None,18.938700606158854
1.4218435854025824,2.765328789514728,1.529430323403917,2.3756085468169537,5.621178440460796,8.214438215275107,Feynman91,None,5.276259185539453
2.2228581015315387,1.2876587140928262,4.021030675098997,3.548348934168453,12.259527510889933,10.200923338249725,Feynman91,None,12.137118533184706
2.981019703167083,4.125327521130583,3.431116595587706,3.2669426085251985,18.726831796203225,19.1456724778064,Feynman91,None,18.952962936405306
2.353325939618164,2.784185230072085,3.7457512639587636,2.9575304578658494,13.002914068517368,11.06952449799741,Feynman91,None,13.14954451160477
4.5591723266914865,2.742218752471501,4.507760234502594,1.42499996083817,24.917572697464607,21.624271507425277,Feynman91,None,24.27782163795355
2.2364449567487314,4.81536417564894,2.5168989314529693,1.335460542406953,12.513297704200836,12.84122077845954,Feynman91,None,12.742782080962861
2.1088794617649613,3.8847687770260486,2.6777586866441516,3.0173841859948296,11.810935149689891,12.040266378939707,Feynman91,None,11.981047989705885
3.5778948037582237,3.2937019897855127,2.7875834138834503,2.8435111311211267,18.48932300902838,17.136311866105753,Feynman91,None,18.6516713876349
2.644177402214963,1.4986028563089353,1.5081941379578563,2.404228872930742,8.486440536743316,8.69280933030414,Feynman91,None,8.430573239614288
2.228995481335601,2.928250556513673,3.1270369469495,2.5773166473799027,11.143990473039349,9.748910783372708,Feynman91,None,11.316254511571302
3.9473433976105112,3.345603727868919,3.842377081252627,2.742004079608552,22.838549892506975,23.900163968031602,Feynman91,None,22.87618867897142
4.557476739571578,3.102297721229526,3.3301176609924497,2.7477539256279018,24.229359678351365,25.742556824301822,Feynman91,None,24.425431166761122
4.368965079567355,1.4727886557486753,4.2564263555491175,4.932007189108501,29.180947579452308,27.064353048986423,Feynman91,None,28.71541868101209
2.0438968924275542,1.79902795876118,1.948348177227495,1.4840493714293888,6.211215599697727,-1.5002370058047712,Feynman91,None,6.203900990680695
1.8819679339106958,1.5945255542291075,4.6774695899427154,2.354943553419323,10.302290695698284,10.670720348833916,Feynman91,None,10.201133324604399
2.5709189336248315,1.935739971132723,3.1317289925564884,4.413051151519737,14.775479801161568,15.142952286128114,Feynman91,None,14.793487807401068
3.1133574533913255,3.9879967936439304,2.873592037408108,1.0727470311473088,15.663757675159683,15.389556675984537,Feynman91,None,15.763544444607845
4.773933711864,4.949951589985963,3.010637403855373,4.868358836318617,36.126686534601134,38.65103486246392,Feynman91,None,37.11801316993055
2.7252154334064906,1.8576933089411272,2.561245802803648,2.557748988730787,11.087670321446172,9.417632870678872,Feynman91,None,11.181782226140088
3.4959422519449923,4.482378839915592,3.795625383843916,4.800561007254196,26.519407314804013,29.260900073356364,Feynman91,None,26.97151946748923
2.927814701681134,1.3543839781630305,3.5973689443815475,1.1662752334491642,11.760786832259374,5.829701557859559,Feynman91,None,11.542738649418874
1.2385794770843996,3.7330373119728986,2.011389480034398,1.2420122974613035,5.472762582047096,4.608898902332752,Feynman91,None,5.472714403607978
2.664914785046992,4.2169867702943655,4.505257241003079,4.960864165281089,21.10008333784306,19.06604000725813,Feynman91,None,21.52507768354574
2.984810973190246,3.9744239395235446,3.472182115228911,2.4033203553122964,17.30882670578232,16.98213821143934,Feynman91,None,17.546676156598515
4.766580502016823,3.8528079901381846,4.289436215830696,1.2283514780174452,28.099483191625477,33.18617801679001,Feynman91,None,27.685254641114597
2.984689681967625,2.0897932390979963,3.631916348603886,1.7323587657212984,13.533229127570348,16.64798452079726,Feynman91,None,13.603341264889044
4.50026647372643,4.734281472904071,3.0028302606187554,4.387150220865683,32.03655521435616,29.75912885565093,Feynman91,None,32.620157917885514
1.4652518159780445,2.771698012421229,1.5459415663773157,2.7306401717374817,6.134601985660851,5.494878717366042,Feynman91,None,5.796063149165656
4.561168337330555,4.9282079751566865,2.6810219309220584,3.2993693444664434,29.68649666645075,32.38988517717745,Feynman91,None,30.17903517433938
1.8138447113138656,4.583430613262796,1.206392836075874,4.296510567253737,11.603393425859128,14.235883569965168,Feynman91,None,11.755853025281693
1.971384181256035,1.0726155948592488,2.949886558972515,1.4552235611337334,6.820536442837238,8.093599995968582,Feynman91,None,6.472547328329729
4.6572640345397,1.79555609055225,4.164540313666041,4.057552524899316,28.340953717998723,24.436882290254395,Feynman91,None,27.796135056193616
1.679387949346741,2.3792197163632913,4.76634685567715,2.5149340064177466,9.893240323468358,9.717467873896794,Feynman91,None,9.959903705043388
2.3138798417888844,3.8807411934548064,4.567297511138128,3.2600733736558456,15.786772656633811,16.417671438165158,Feynman91,None,16.03397882593748
4.442043562622465,3.0369129902230045,2.471837288480413,1.468089031977549,18.57608525327641,16.23163587562326,Feynman91,None,19.13315875116673
4.262530564992786,2.3115373648607656,4.230132898365888,2.5820760831083374,23.30959148392356,20.588715223430945,Feynman91,None,23.010555481738933
1.5992272792067372,1.6630478727143436,2.348148956655848,1.8836282586560307,5.499944004811594,4.320727429408958,Feynman91,None,5.180346789438488
1.6211501853577106,1.3074321805805362,4.056992841514852,4.561730085601862,10.121217413956353,7.993524640728435,Feynman91,None,10.17847593172945
3.0974419486423095,3.680247200062895,2.9046668494229064,2.944513074227007,17.14860522138245,17.32236598740692,Feynman91,None,17.314308783648347
3.6359868285771135,2.1985258293857806,3.26462720378176,4.215325177425843,20.969361454097747,23.743992178988275,Feynman91,None,20.84443330671763
2.8721336952721415,4.454867471071351,2.078149982816673,1.8296126390476402,15.064891265341114,13.041632020228127,Feynman91,None,15.09940438946949
1.3517613393923456,2.5582573688518373,1.3182377319338765,3.1652107430082808,5.782788644578784,6.8301842657266985,Feynman91,None,5.2866108744597495
4.861020204187201,1.4309390650672889,2.7030989601304425,3.4571179382309887,22.43769999238468,19.502872919998545,Feynman91,None,22.47176225956891
4.113226560235073,4.274763002987538,2.2241356508109047,3.849827509187618,25.369489800458012,22.78310131856933,Feynman91,None,25.500917885663373
3.3944226932641595,4.590547829025343,1.4023548938182095,3.473949031814897,20.112649226462736,21.257218158730115,Feynman91,None,19.891877517723078
4.108142510369244,4.3192664393614,4.483948272507414,4.714550436049381,32.08268366200065,31.30452433252895,Feynman91,None,32.428998067878126
2.8987978636104788,4.3012815703742096,2.6636767383655253,3.3522145792401674,17.59299015454639,16.602144095304276,Feynman91,None,17.765316637864313
2.4457271722810505,2.6996500543316526,2.526838167675229,3.5455008799822765,12.529094855026404,12.125472853425991,Feynman91,None,12.54665256805657
1.704974036417107,2.8783515966794093,2.9167056763094177,3.9727159171947135,9.730989265771855,7.303610151668103,Feynman91,None,9.773026679758212
4.955051404108929,2.196698712146663,2.5687294514708205,2.7329427176402556,21.537569755736545,18.340632578068146,Feynman91,None,22.204664361997484
1.3758126859482482,4.745267295393823,3.809481922812298,1.8498270374926014,8.750382222335748,6.81801606886513,Feynman91,None,9.139348951114721
4.826674170535632,2.9068023199004394,4.94107668543073,2.121620382770986,29.5039757867853,27.33442418645021,Feynman91,None,28.781727213451536
1.4161281512695614,4.4874085699475055,2.463903341977893,4.908654586113395,10.043787976230412,13.614229357676699,Feynman91,None,10.504197437407113
1.1793272698198431,1.0235306707279035,2.5118885621242466,1.0680124610053503,3.437865377343835,3.5201062998353274,Feynman91,None,2.4265533668633936
2.541714379716712,3.8087618206580283,4.466712349084908,3.1813031126932962,16.97036954767185,18.406468115226,Feynman91,None,17.200412481101942
4.014530377375273,2.456209122610303,1.1146989307694355,2.7719857920461637,15.527164643737791,15.912837408893544,Feynman91,None,15.593393166286166
2.907329337687145,1.7287514464533933,3.8946545828326187,2.0215306688159487,13.711842421925073,16.297205206859566,Feynman91,None,13.646431997184955
2.179877173049692,4.583409972618653,3.3000938986720607,1.807321284944499,12.926630638284873,15.917879004080163,Feynman91,None,13.291661585236588
3.730778457515044,2.5508083687939807,3.2517196340656507,4.799712621212164,23.630158541508045,20.778247905873464,Feynman91,None,23.595225033813698
4.503150271998885,4.673058614635098,2.872329848365204,3.0710033572044373,28.308601088227697,34.05455608134308,Feynman91,None,28.70548052140634
1.3521171606799158,1.9382025373310876,2.791794043856357,4.035144950270423,7.133380822497461,6.099224709489831,Feynman91,None,6.899964546471841
2.2808184720751763,3.2370151126589892,1.1089178043551677,2.597393581500136,9.79807838487854,13.29598803055585,Feynman91,None,9.479387416284052
2.7376539494755168,2.8464215334439693,1.9536273057522133,3.3614592401901437,13.191454066116977,12.366550060492326,Feynman91,None,13.125560143077362
1.0971419491239498,4.1905032566332245,4.129810614707429,2.047694772954871,6.834825138675671,7.538061361754923,Feynman91,None,7.036714681591713
3.448156310019093,4.13203424730793,1.5497872276237015,3.2774935888258487,18.95467290120432,18.794993877705352,Feynman91,None,18.762318652261225
1.3600436359188057,2.91372244328467,1.5475762593669051,2.089274457076589,5.3111120624280765,3.598224474605537,Feynman91,None,4.996591148288968
3.0986655521609348,2.5153414512639807,1.4368914628668028,4.450914299992222,16.455704849347303,12.542885458138857,Feynman91,None,16.126046463334013
2.951672717863572,2.06943877874906,2.7808685333276433,2.801586994915488,13.155554756347339,12.022300002640508,Feynman91,None,13.255427167507941
4.292964001268623,4.058342787121772,4.547664873711923,1.41085814172637,26.85828785273665,30.41449129508363,Feynman91,None,26.516117042969793
3.6842645536557996,3.8416802991528076,4.227956438102742,2.2121622439130397,22.5697772783298,22.923701051067365,Feynman91,None,22.603970107772383
3.5830283170753114,3.845820279186269,1.6545533489422795,4.924804634579854,23.16021974585081,21.689066961198105,Feynman91,None,23.186982699658877
3.403177301005525,3.342685992148564,1.1789623672629355,1.5691821596520028,13.191794496131186,14.74801656408628,Feynman91,None,13.107756775711856
2.887922248449359,2.1918139548121762,1.3337469916858478,4.765417097672781,15.630071681847774,18.9610344681906,Feynman91,None,15.312860898382311
3.631277150274431,3.268068095500362,1.3040034534684044,1.3186011088802703,13.644812225477429,15.577810121216114,Feynman91,None,13.713447566644593
4.265712217198004,3.3324382359254336,3.7363047352102345,2.7359245565301458,24.337150252545687,22.76965917535284,Feynman91,None,24.390299050008707
1.697795365640543,1.8262125949935437,2.1381629460958176,2.532674575158596,6.425035922146108,5.802657723784909,Feynman91,None,6.124312498326318
1.014973858665209,1.5745182718269914,3.5892498792427903,2.650694782920072,4.802446744096863,5.731333895352269,Feynman91,None,4.200766159756154
3.1558377995848663,3.679125869709713,1.5301190016625754,4.973220845874765,20.110923196673962,17.50424625646241,Feynman91,None,20.142173814974498
4.29146210758988,4.111696412003365,4.797369962019038,4.224418954573858,32.61695318385745,31.51693667840721,Feynman91,None,32.731542272345806
4.644078456200522,2.3569541088908204,4.533239065548544,4.288816921191639,30.97967228364812,30.24761625886078,Feynman91,None,30.51864097818326
2.3072130324891753,3.6014357920829005,1.9847608985817038,4.381674830962465,13.864160010782564,10.445455625745224,Feynman91,None,13.958890265305067
1.1168107777811351,4.8056458464326255,1.9855964690598613,3.855530458634524,7.229306937490189,3.9979844197707255,Feynman91,None,7.41527678008521
1.4902680640230948,4.596330414929472,4.117697006114145,3.7241092431705485,10.741377448307272,8.625093909579308,Feynman91,None,10.925147378358629
2.379341510064483,1.4035372512953885,4.55144598492631,4.412411058444915,15.448313138232297,19.93993798079306,Feynman91,None,15.55493305495095
2.1233437442517404,2.4685095592830275,4.0261368999465486,3.929636475820467,13.045240691076646,12.976337000695299,Feynman91,None,13.153254633704087
3.1988011547316346,1.6975919651317777,3.7663274526020962,3.78102224015684,17.914191858818203,15.077175138478802,Feynman91,None,17.765177964829427
4.109565195984308,2.524792701813023,4.503702273318085,2.7613872518598934,24.06225765737595,27.077589890417144,Feynman91,None,23.730023212850433
2.2600782360678897,2.125092053354957,4.278500682004396,2.921309034081155,12.655556417343634,10.584068518324319,Feynman91,None,12.700670032731948
1.3117096056422937,3.938407891953799,2.1780776407501645,2.431827061343953,6.710117353470728,10.335209242942256,Feynman91,None,6.732284816654828
3.172740691944859,1.8425687865968592,1.6174556403034788,4.819370316910392,17.155567452277058,15.016985108476172,Feynman91,None,16.822095479048592
4.735769170128371,3.157462476240569,2.648332015818804,1.068618090584354,20.16190883378106,18.314372171261496,Feynman91,None,20.63901437643023
1.2932230006928829,3.1276834051145923,1.9981492485389367,2.6294185442110125,5.882223899265724,3.742895188279409,Feynman91,None,5.683486037147511
3.755419476564045,1.7000345575351488,1.1869968301424096,2.739446196787271,12.90228151840985,9.0897271481256,Feynman91,None,13.02457448467561
4.9168210165715855,1.7355570370802753,3.9813116784426184,1.07769939339919,22.00212133417584,23.51642476231713,Feynman91,None,21.38783648506641
2.9221285015099157,2.4811487169133124,4.395411557875256,1.0580053400097311,15.06954927903056,18.84647123141566,Feynman91,None,14.889584716831065
2.4694884539148534,2.4802541155162343,4.900037382686435,2.465152099195602,14.866033688955527,13.398641449531517,Feynman91,None,14.934506696750384
1.2530900494041215,4.403869883019106,1.567595482009534,1.9979419279804476,6.370234275986909,8.63339729798006,Feynman91,None,6.3470084716391
3.6232520082957613,4.157752344717158,4.903837211068472,3.998095280194901,27.431461208705592,30.423622549905772,Feynman91,None,27.57631441055778
4.113507106252833,3.555862560329148,3.251261484943784,2.774678223436291,22.87113614574944,22.84013174592277,Feynman91,None,23.040493457167845
4.13662293069638,2.9508090358299115,3.3916229358487286,1.9638175995342957,20.293481043727244,18.390735036468403,Feynman91,None,20.462563527254517
1.0876423044099033,3.8622542079489257,3.1041021008357372,2.5696537281937255,6.070912810329883,6.76890849347687,Feynman91,None,6.107131848874057
1.9691657014533743,2.9134641291526466,3.6477455452931613,4.782972542532527,13.161209893928156,8.311360006744641,Feynman91,None,13.433018355834749
4.222829038671907,1.6690225514443586,2.5053291996369262,3.1291413570346616,18.335947864323863,20.767373257622268,Feynman91,None,18.467861133575727
3.6371017568577733,2.2896150975494893,3.841756695018837,4.060769078803357,21.971008107066808,21.831692527241685,Feynman91,None,21.83090404179172
2.871990944256304,2.650340616675573,3.0984624668577094,4.431103015708177,17.293928782367882,17.43153393984417,Feynman91,None,17.368299715282777
3.1281849531183883,1.3088780358258796,4.653313434071579,4.401330566879436,20.450339774641645,20.8640347189932,Feynman91,None,20.334676228297962
2.9923904942300505,1.987961402593569,3.350693112413205,1.912077704069128,12.986828578330831,13.568708607448935,Feynman91,None,13.116234144807104
4.637134216649299,4.819871949010194,2.335179772533088,4.1909867052743675,31.535444753256733,30.804939227427486,Feynman91,None,32.091347015626965
3.870542936868819,3.9717018191092586,2.5261041119185825,3.7987434059089753,23.41152816887015,25.90098530535183,Feynman91,None,23.513698976729067
2.1576140851154006,2.508836841170321,2.5182751797737946,3.0017043328412436,10.038402675895119,12.136397968750714,Feynman91,None,10.048397816184849
4.144496229373674,4.960590795543861,2.4054647776987386,4.384976681085313,29.194951188640918,33.45193228218826,Feynman91,None,29.687129017699725
4.233921748236737,3.4271054169343325,3.897560395206188,3.4105467859354297,26.293935094198353,21.275759518735406,Feynman91,None,26.29348265527044
1.0554717172451178,3.262715823507055,3.75248318653135,4.553577192010232,7.1165339895852116,7.61515057803813,Feynman91,None,7.090095469222612
1.7195608510427536,1.403120066362054,3.6067955391706032,4.951954353627755,10.807213804681236,9.240539788027357,Feynman91,None,11.010214500443684
4.116897469645098,1.3596343427463125,1.2146131585082371,2.0903582445701945,11.419095337451363,12.98896367888976,Feynman91,None,12.357950539279349
3.488647788981438,4.331468013071781,4.237220236790012,3.4634353870211365,24.348421152576606,24.969306736924473,Feynman91,None,24.558360880157263
4.377186014432296,4.431666346263872,1.140888431480204,3.206199949594204,24.457861706891872,23.819276070639283,Feynman91,None,24.216386618251192
3.3742956934385626,3.580604964709343,2.8453579074851065,3.293008567352807,19.016393842643303,18.07154527790858,Feynman91,None,19.13298353893272
4.5399329152730825,3.3195470392209576,1.6023685441663624,4.166268334657269,25.254749223923053,23.896625260153137,Feynman91,None,25.160416490195136
1.337706578634759,1.5349522259871722,2.327221349428565,3.990218829149081,6.511469197195676,9.074372614981689,Feynman91,None,6.081130397006643
2.998056327462347,1.6446822780273282,4.854247234827717,2.5820833680859696,17.20577461691712,19.325715181594575,Feynman91,None,16.95382999430444
3.537126369812293,1.0500107728449248,4.062173447572632,1.7450477158331115,16.073103599107185,14.536278042018505,Feynman91,None,15.538400029572273
3.756640302998763,3.1413467063712828,4.5697992739205215,3.13125971460571,23.923609184326082,18.644785132133258,Feynman91,None,23.799061729699176
2.5073235678521963,3.732519548155734,4.671422646072216,2.0925557919515048,15.883985132629704,16.352165310653923,Feynman91,None,16.125201592025864
2.5927253230033322,4.028645214825602,2.2015534556451266,3.766242673061229,15.395943484813815,14.581855955692163,Feynman91,None,15.477762836469125
2.2814986438564837,1.5786427997299368,2.8298781622639724,1.7519346692744215,8.40434196799481,7.8840607217900125,Feynman91,None,8.415004146043648
3.801352163212842,3.0295656603621213,2.4797471906334048,3.593326279639649,20.200675813901242,19.747758686027545,Feynman91,None,20.225527107081987
3.3676085614421307,1.0576959491364204,4.229394488540921,4.381775031027608,20.815648864635378,21.524631228967824,Feynman91,None,20.532411238346462
3.708111959356758,4.149652807703168,1.7635232260738172,4.968403023916465,24.87882305381515,22.68290831195867,Feynman91,None,25.037098871227258
1.8547930679331293,2.8666213338232134,3.5407235884222823,1.6458112476798745,8.984349595667773,7.830725148957086,Feynman91,None,9.167982937380714
3.7038077660713107,2.4560556267790163,2.7484007597980047,3.008762015818768,17.62271768029517,17.31708540890073,Feynman91,None,17.756545236222784
4.440378773090771,2.3277454641415383,2.139530880175392,4.725756148140999,25.247277776180052,26.378985138332506,Feynman91,None,25.029534385279128
4.3908740756968445,4.018012038694518,1.6944248577279284,4.400659773295407,27.2026264824928,23.606435500832617,Feynman91,None,27.230891478293593
3.7980091074772178,2.3503488202686125,1.3994474143832667,3.4945829605320027,16.855076058199717,13.481906161840628,Feynman91,None,16.63935663079513
3.7543668236078918,2.64720987119846,4.8800355319547,2.1000018670648304,22.284776257806815,19.528240011537235,Feynman91,None,21.89798715590121
1.4556973543055265,3.9201914113383225,4.971854378143428,3.0899710966560145,10.255711543264018,10.440638078395294,Feynman91,None,10.392308719727525
1.0352007336972,3.931493805839708,1.1770515236680499,2.366421110383378,4.904059868317372,2.1516589362947003,Feynman91,None,4.6123979882793495
1.0128637921242438,1.4116344853128662,4.872751315868875,3.6059899679113725,6.30417855895924,6.35597653432743,Feynman91,None,5.971697354993696
4.006022694205772,1.7297891507942604,3.2177132518926226,3.5897108894098024,20.51767085885083,16.39494133526036,Feynman91,None,20.334117536870714
3.496627782970344,2.927324582077627,2.704935829223873,3.828286324107059,19.32394924887745,16.212896787555177,Feynman91,None,19.324938218622528
3.357753258415232,3.0037006552363974,3.4894301189395445,1.9090472938947731,16.73589976267289,16.559507297573358,Feynman91,None,16.901080034696136
4.300044393411206,3.1872679637469097,1.1195038987972143,1.6053812499230546,16.083094428843644,13.198584177966154,Feynman91,None,16.389592885969023
4.166408465677673,2.9772288242602607,2.3740818097357623,1.8947777544871935,17.72087627693538,21.619825406043645,Feynman91,None,18.208223652799635
2.4686309673938416,3.839393776051908,4.451363725569623,2.9327062906567605,16.21729903244597,14.985949148572463,Feynman91,None,16.466769678607434
3.620195925317486,4.515600075627249,1.498110582617612,2.559560420960226,19.55788154342153,18.12271337753033,Feynman91,None,19.342890658575403
4.3941608364028575,4.68158687985553,2.1657237240293936,3.4071678623766237,27.164447753977132,30.684020305430476,Feynman91,None,27.42606746308954
3.1698523710661486,2.923991628506946,2.471440085096824,2.7074386288337426,14.863858944249529,18.59458863601015,Feynman91,None,15.02906944920847
2.919890686172938,1.0002855349598767,1.8794264432586485,1.6713943442798764,7.903348526160622,9.85145395676088,Feynman91,None,8.199509598421198
3.01659477296488,4.866645081049954,3.287775258958941,4.3350944483164255,22.02046916771827,19.327234216305023,Feynman91,None,22.46600115072907
1.7502613662866646,2.862449109186995,2.3196727810777102,3.942746702041902,9.444885880150169,8.845240311136843,Feynman91,None,9.416967876848737
3.963452378159294,4.178157193853291,4.643256051083927,1.695164883443407,25.652573520187083,24.387799445891872,Feynman91,None,25.48586384038409
4.163035494269913,1.0690325070428837,4.457237100818246,4.817179103275659,27.6818407359731,26.843461961865746,Feynman91,None,27.15500080854675
1.1580695333158384,3.0391043209561284,1.1835481299148984,1.313725271347272,4.07186459305122,3.9220260470911854,Feynman91,None,3.5959690566508695
1.3013144145270896,2.906736447948058,1.671031093301608,2.378233140134037,5.34924986121102,5.590625047283391,Feynman91,None,5.029400591985385
4.779728248322204,2.107256851080978,4.783071282223046,1.985142496070163,26.723380300292163,25.40346024744226,Feynman91,None,25.821718415263945
3.9262594627846252,1.8861299089023738,4.026637040971085,2.8783027463278597,20.796547505419028,20.929344003664035,Feynman91,None,20.537099059412302
2.100833852151727,1.3416410394409555,4.019147878709891,4.65860631681965,13.229610353794971,15.915278507104432,Feynman91,None,13.368493974351109
4.132338557299963,3.096252204251231,2.5456979188553306,4.287881279840619,24.255553621199372,27.606108681545592,Feynman91,None,24.23305589828601
4.342224430937041,4.165416234558245,4.5151409935609355,2.003437446659416,28.057273063988745,24.387871252779952,Feynman91,None,27.929663428229034
1.2001534231753688,3.964001919215244,2.300987341218372,4.367286279921418,7.598122262852957,6.679086528912278,Feynman91,None,7.7495685343838945
2.995069006664368,3.6754509811748255,3.4350663302773135,3.6970812629630245,18.69869110686526,20.504939988801,Feynman91,None,18.8634386697676
3.4144712997700384,3.9635795756920884,2.7437898809829817,2.297148834967131,18.233161241060976,16.87079489076466,Feynman91,None,18.41611667156377
3.036442660229022,2.729590926176841,3.437943726604701,1.901389559479214,14.525944972317193,12.760788149159273,Feynman91,None,14.717484420713102
4.98975450636245,3.977736874088457,1.6295164810036864,3.78211183507103,28.569159387581358,28.753867181810115,Feynman91,None,28.856548165706286
3.2573550855555458,4.924904323237065,3.382206371184425,4.672503285703493,24.70576379671959,27.15111025609712,Feynman91,None,25.263428333922814
1.7305885542148558,4.513723833916869,1.8634958689737426,3.9869332584351644,10.909841695860559,10.51244690874565,Feynman91,None,11.089255936912082
1.255667850939104,1.2020937821339976,2.270246888798724,2.7724839810057196,4.7459789629710745,6.4501232555927555,Feynman91,None,3.931791657416172
1.6500807697891564,4.479612126048666,3.262525543780436,4.351749614867374,11.626774296273217,11.999183774235558,Feynman91,None,11.92438326474873
2.057404341473128,4.084287735972424,2.1326765382561255,3.3206869388668325,11.685020173164892,13.79083740307094,Feynman91,None,11.767970929103996
3.7275714119035075,2.0641319527448214,1.2971807973435223,1.8113111240161026,11.321123927057272,9.706842656682626,Feynman91,None,11.986321413462585
3.7413588956352424,2.0849417402891994,1.6310535921110891,1.6496866128121228,11.66967192636642,11.774616123989002,Feynman91,None,12.432323725992132
3.6747618769984403,4.799749610026114,1.2003114636111478,2.782739032127528,20.859568343926664,17.281821364867643,Feynman91,None,20.48296383518987
4.290014169503642,2.6580392512025197,2.0968303214188615,1.4706220010539282,15.835092080919955,19.411435919618803,Feynman91,None,16.595963454998092
2.7734405803347824,3.3143592508149786,4.693662377102848,2.2499963908402294,17.11415721254067,22.139395954323113,Feynman91,None,17.244961805262157
1.6395333043706102,4.440688380355267,2.5562347799520526,1.6363715741563056,8.818763196777072,9.539823533449344,Feynman91,None,9.08804416021558
4.781216397219649,1.9636130392284588,3.551429806771543,2.55677488152043,22.932663546911158,25.05504067817441,Feynman91,None,22.96263062977583
3.2692485177473936,1.3407568507501355,4.632688658703365,1.3300188671218622,16.355519171849533,10.69887910745695,Feynman91,None,15.668342594097075
2.7930435582882382,4.130680228688201,2.915243229823537,2.895343889523782,16.27272779814697,14.997692311118572,Feynman91,None,16.483425559148284
4.536912845495973,3.224318780387468,4.477606829806002,3.9904344716147984,30.89393197513851,31.77752871206568,Feynman91,None,30.704592737537038
2.0750312609168473,3.7827023104474597,4.483372626873541,2.1768719878520852,12.98317039016034,14.56170695715455,Feynman91,None,13.28811418525033
3.769641147165778,4.197012247068214,3.7451824704268417,1.983212951486343,22.483764515771906,21.327574721391134,Feynman91,None,22.602307544683185
2.3612143372339047,3.123640589414149,2.4499976832900643,2.3604319519456634,10.905451424997475,12.158590691203134,Feynman91,None,11.062077960026361
1.4121824157176168,4.558414410983734,1.1243413934383653,1.1733133973003018,6.834138559591429,8.602537851549627,Feynman91,None,6.668846181836384
1.0287857871307442,2.9648917511892408,2.4482614332763606,4.653042003377667,6.209927503252024,11.376202663278752,Feynman91,None,6.232676992100441
2.8048391568487365,1.780084297021928,4.930601441603542,3.6552209723850213,17.924693483249154,18.66431636093585,Feynman91,None,17.866237737225774
4.313693612489958,2.3375195831871842,4.739380152458134,2.2086265340972537,24.706490726974607,24.73555024453839,Feynman91,None,24.104477466240873
2.4207528906309164,3.7891155573807946,3.9736399405204086,2.1181605587591688,14.24625215569367,12.697642647621574,Feynman91,None,14.53702274381092
1.9303941969483134,1.8201067933607336,3.7639130538569097,4.2890861197500065,11.562415064725709,11.924090976297803,Feynman91,None,11.614261280494452
2.901047224064483,4.378558190613392,2.4102335135960584,2.022605566782627,15.641980342508191,16.536154293225106,Feynman91,None,15.780007850698176
3.478932562169324,1.1126774248065021,4.996835540621532,4.127731897531396,22.877675075111718,19.408494424152796,Feynman91,None,22.50718052560022
3.4230562868627157,1.6699035162350886,4.779289307251926,3.836675570531179,21.74388927712175,19.551813070763917,Feynman91,None,21.460906726368698
1.8236202115936306,1.2478875616833243,2.633521000499691,1.8920646514383126,6.3362772331232815,4.144014078291162,Feynman91,None,6.006771049344478
1.2315540997501224,3.6382214254525986,1.6108824172563438,4.148583735475873,7.0792772385084,7.194070245811235,Feynman91,None,7.073509780663384
2.3562485197920857,3.543152599727478,2.1617085471157464,2.1669535219913483,11.032327408328443,12.655441718047667,Feynman91,None,11.152880460962805
3.2390793890465233,2.805456509275768,3.4226312232353373,1.904770757387082,15.605890665970353,16.159993910134403,Feynman91,None,15.79000020946495
2.1300504199149284,3.638818838857516,1.989233718955005,3.5392534229667745,11.613047415455583,11.380149695059938,Feynman91,None,11.616028027974425
2.7473583567117705,1.9252144259460926,3.711174315767687,3.4620482117257723,14.913131667840393,13.572577722708695,Feynman91,None,14.887154967802491
4.638088057005163,3.6019613065708884,4.349369560485249,2.5258885464509464,28.692958802238817,25.433619253943537,Feynman91,None,28.56726375409717
2.6423278283374176,2.680162657266818,3.0152401195130265,4.374265501205324,15.723325666137399,19.103380912797103,Feynman91,None,15.81685854419586
1.7311600702187242,4.60536625402492,3.4483543679575313,1.2638459965879676,10.197378208317371,11.23893074188912,Feynman91,None,10.615599567788367
3.478075921905117,3.164686976505595,1.6597374803708345,3.335843716996859,17.00271402699742,21.649667018274315,Feynman91,None,16.87054181401676
4.662620785543966,2.1839791198233134,4.451474772474132,3.3004826035571475,27.77238626699373,29.217535126902778,Feynman91,None,27.25432023329068
2.510388241145254,2.9361907944397263,2.3569649659179204,4.903499214950254,15.519967435433701,16.10730386454949,Feynman91,None,15.711283748983428
4.034062685066848,2.185404502246528,3.4624036988781066,1.86854516675983,18.155833785476762,13.34160862661021,Feynman91,None,18.265536775112547
1.2409376585080536,2.0633305325108,1.4088385529208085,4.509357245455243,6.397326912871844,4.8624598774280505,Feynman91,None,6.1348254341665625
1.135581736706833,1.1451626252889224,3.7929714298655437,1.0810257727816857,4.663723236062011,7.108873465735189,Feynman91,None,3.8525347246625588
1.586261029195175,4.19829049630472,2.042030609514552,1.4315080323106062,7.745884507849588,8.665239771021138,Feynman91,None,7.868579982231886
4.824273130599875,2.283800233556834,1.4174431029208248,2.8991524854231745,19.072648715278703,23.862122315936386,Feynman91,None,19.700433645707843
1.023523150667621,1.4693456003717889,4.992935088758193,2.0239610873617897,5.715696005564069,3.9230854542784237,Feynman91,None,5.3039494004218515
2.1806942807372245,4.494222708553435,1.6126889199317458,1.0760014839384193,10.673508904264457,9.603813838143441,Feynman91,None,10.566174308429323
1.9842878417072431,2.148152008729546,4.419500960710062,2.7758104081182977,11.198781463748755,7.424098217152348,Feynman91,None,11.24294079116792
3.780967602915748,1.07985809422541,1.5770283683257258,3.2563624038048773,14.276348929936518,14.3669274684967,Feynman91,None,14.059576521211694
2.42052942426174,3.2895335559884393,4.169054078128876,3.2310285210042125,15.046581799245896,15.92599336154802,Feynman91,None,15.234436307527181
3.67568710305079,1.678404862497107,1.1517331781102604,2.3001456126602124,11.289926660355972,11.872822655140972,Feynman91,None,11.685803480812936
1.9635935354571328,2.7087359359386003,4.494243014865187,3.268687357507745,12.139358263555064,15.146452327130351,Feynman91,None,12.264726777534847
4.985224954582999,4.20622863257919,4.896523446780348,3.5793397836037983,36.79622009986914,36.06131954411881,Feynman91,None,36.86674652882642
3.4221356042152675,2.6584839900181465,1.1711135784747957,2.40633136086677,12.908971723852956,11.950128417309301,Feynman91,None,12.909649230111633
3.992143102309706,3.7046239726502055,1.414352130745204,4.388450085759164,23.612142787383604,21.451803862369495,Feynman91,None,23.380726143525884
2.9626037032213204,4.0584985703247245,1.6982686339044424,4.501567088656246,18.647850848586053,19.035615464399907,Feynman91,None,18.6771301870243
2.5963513284973065,3.885353463802864,3.49766509336203,1.1791773068944438,13.914140064663535,16.13601324144189,Feynman91,None,14.144575518327867
3.530179663550204,4.8402854141613165,3.6651506597445396,1.1167956487087372,21.792655648142365,26.2059170691996,Feynman91,None,21.816720651548245
3.066294739669736,3.3116512997404066,3.1552367784410364,3.595026030201825,17.839081308326254,13.853662640636598,Feynman91,None,17.949437471686103
4.829819367872876,1.574758274606344,4.666061939067946,1.6772214649483232,25.126700427701962,22.692418431744727,Feynman91,None,23.98720212198541
3.5954506265317723,1.6241025696620075,3.2561989132626175,3.1538026902993654,17.31313526145314,19.330887524974887,Feynman91,None,17.21196112721752
4.265823877387037,3.3990489271139457,4.8542199154069,2.1858753913607276,26.944017413636743,30.016601728946277,Feynman91,None,26.563464329033415
2.1311398034767723,1.3439879304425646,4.69835844049836,2.5987789264765246,11.795532013941328,11.102501608987705,Feynman91,None,11.649637108126285
3.6796655547254407,1.4599205497789964,2.864862822562327,1.5923873570171412,13.203029968410933,16.702255570364866,Feynman91,None,13.52999822155995
2.344486916376001,2.9792424266533906,2.701765721102299,3.105693420102005,11.913305601185732,12.216488640780852,Feynman91,None,12.011442350396937
1.1949352553109676,2.6542791653828406,2.460487278000274,2.0655418194240265,4.979548920518724,9.707080383166206,Feynman91,None,4.73400652287746
3.50251738911892,4.111170427422055,3.7717685833000334,1.5353148527567826,20.267792012989954,23.187704284628943,Feynman91,None,20.346121603653565
3.6897430441617822,2.1676781928591966,4.00099785720625,3.2660712353796066,20.66718388222481,23.39183430911563,Feynman91,None,20.499518944573538
4.486602872845294,1.275002976083146,1.2610949082346052,4.620659743016404,22.237664817293613,24.006737726173103,Feynman91,None,21.45909256243421
2.84444811505577,3.89723194733143,1.0662120958540444,4.622547524628328,17.46342212806468,18.759990043304462,Feynman91,None,17.296522636691446
4.302362824772262,3.4011067981028504,4.997612002594289,2.2954979230976087,27.820344849530265,27.806197958663915,Feynman91,None,27.394940489388876
1.3639005913634912,1.3253551932159149,4.051871546094377,2.5942108769411947,6.80641871170647,5.456073874581476,Feynman91,None,6.405190134956896
1.4059490901751768,2.7983624692239535,4.011515116537364,1.5086695978938138,7.196367962529428,10.256963187258007,Feynman91,None,7.280185834929604
2.7459719165176106,2.907301818383462,1.22625815427664,1.2657696779547036,9.335612263982059,8.8276929885623,Feynman91,None,9.330414433839877
3.0094111914806017,1.2574408805335993,3.484164966612864,3.9965620763528458,16.398687649797445,18.615904452959548,Feynman91,None,16.192978301278
2.1278386524606256,1.2273109462565,3.5804353512261224,2.9422759911966403,10.200938719959737,5.616663934640103,Feynman91,None,9.983455205661325
1.1897641252504627,1.6639737843021218,4.466448932604349,4.244779479121949,7.59365288283413,9.96698076631026,Feynman91,None,7.469372382328038
4.540307295621213,1.6094426501934338,2.382356380710455,4.781739772368395,25.33270256372924,23.039102874632267,Feynman91,None,24.95090152462984
4.367100010312046,2.4468967211419117,3.3047617660962625,4.9923558444415885,28.245507141958374,30.182616055780173,Feynman91,None,28.12840323119907
4.479690624554589,1.5285700812682124,4.22733391042976,3.7423935385967937,26.202318144253045,27.32284034085481,Feynman91,None,25.590119172271944
1.749178772769465,4.699186423343849,4.48649556908607,1.5249828282768094,11.6732711257439,12.212039040623067,Feynman91,None,12.117801666837906
1.9505809607275761,4.263709435610033,3.5276117106712706,4.064384989326358,13.392764426926679,9.769704950426954,Feynman91,None,13.670330087128878
4.778651556151778,3.708890911878992,4.155325290232361,2.1364472443649656,28.50697241878073,32.35064628192673,Feynman91,None,28.44246127727682
2.2653444007240076,2.8691450629748636,2.918071575533272,3.2263697294434803,11.805160850816396,11.021128568718211,Feynman91,None,11.901089177380088
2.1359269460152297,2.925152186726387,2.170527503256683,3.735669148145844,11.144326298207117,12.023081217551661,Feynman91,None,11.11136287121567
1.2463760916005864,3.6647699629744412,4.768996683473464,3.147213308371413,8.460573125414149,6.469825984493285,Feynman91,None,8.496185966399718
3.9890449781883386,4.635963579984041,1.8297016755816844,1.3337564112175255,20.580871584208083,26.088205805300746,Feynman91,None,20.38236329624624
1.845910205838043,1.3249928946702716,2.7423145659229076,4.156514189730926,9.511813473736646,12.9145434182249,Feynman91,None,9.290539619169117
1.2063168694157813,4.867836477899449,3.288707492050833,3.218713773852774,8.080661675151791,6.684155336375051,Feynman91,None,8.271832320954525
4.25498836192118,4.7022046318555715,3.298822272063962,4.1086001652295385,30.04924238880495,31.363598350640313,Feynman91,None,30.501422509635347
3.9625951100424146,1.2049560570175464,4.34524551507023,1.2049825850018872,18.495202326599088,18.35972433628666,Feynman91,None,17.549359447458475
4.885016879934938,3.2753894240047714,1.3612058108141838,3.2956907009514937,23.6520765222508,22.987247693609934,Feynman91,None,23.878826746898348
1.56914231297336,1.3758414941200927,2.1037028735856262,2.620784378371182,5.698172678103894,5.1810237521835,Feynman91,None,5.146819262352992
3.152243801165287,2.4466292823790066,3.914192261328444,3.906335043944134,19.06165485488483,16.84719830914534,Feynman91,None,19.046868014176017
3.6501273356441137,2.547886644883011,3.229962196266366,3.821811044475281,20.49624401672144,22.05027620885072,Feynman91,None,20.450364403576156
2.8303894896723745,2.3425468718521403,2.29875212673102,1.191491609883916,9.882656392727242,6.080977905152933,Feynman91,None,10.220036580503164
2.2485731759738203,4.506067855912499,4.26046846162534,2.022801053297152,14.667172936289743,15.043133962013952,Feynman91,None,15.048902390359642
2.43976896286804,3.771700303466412,4.776999346639662,3.040908638201554,16.599857281990523,18.456777272022684,Feynman91,None,16.831306317176434
3.588579866147337,2.1062996566145546,2.0563168237544547,4.830224759572063,20.29880712026554,19.074576848440294,Feynman91,None,20.066944002961804
2.850349853979912,3.638621887262992,3.05273218147807,4.529193239277168,18.706708287846965,23.449567473717792,Feynman91,None,18.925789251441618
3.0753754887334757,3.434471862415995,3.482251718279494,2.0838587255201872,16.349935570659003,12.449379977548574,Feynman91,None,16.55814093851572
1.3236719411777322,1.1799828750732542,4.405730796341322,3.8071623056508415,7.864138558953204,5.180625326515101,Feynman91,None,7.625423636700608
1.5273673556653216,2.4800302631917757,4.347784052603673,4.261770695119331,10.04079563539874,9.573897838237707,Feynman91,None,10.110941012227125
2.376781164624558,4.105330885927257,4.365115077821203,1.1887801184803015,14.520006785026391,15.202034574494059,Feynman91,None,14.793655387359912
4.9217714865417905,1.9808808210581654,4.859850150513943,4.1392032359239455,32.89681861529446,32.88810234747657,Feynman91,None,32.128864303882764
1.969386263741577,4.692343603445205,4.7978874348027984,4.978119727177074,16.45580890346941,22.85732818737045,Feynman91,None,16.809659156565566
2.878182396338821,4.104719402733799,4.66348986984614,4.27561662820503,21.706486984260433,23.19590090786059,Feynman91,None,21.97281058380593
3.2591595543470557,3.433564002572259,4.6406674820233915,2.4200185155520058,20.400788842413757,19.627937310409077,Feynman91,None,20.425460559512796
4.596003274348516,3.3989290163776937,2.837168032174919,4.815648482716398,30.065278480122615,30.78282450567682,Feynman91,None,30.219114086358278
3.0000350949833585,1.1297313415902055,3.0266352537163717,3.085469633356297,13.40211299940861,11.62883014098195,Feynman91,None,13.207856160388472
3.410111938158131,3.8749057769619495,2.2726120715401166,3.6547745054430947,19.74835750727191,17.74224368451256,Feynman91,None,19.777184598331132
3.106264410344567,4.70852703404637,4.2564597798389805,2.3187837789499968,20.990726240531686,24.930534007498178,Feynman91,None,21.276232526729828
2.822415844923487,2.8401174676125853,2.0004510065653602,1.4773923477627178,10.654670135238806,10.870621242549976,Feynman91,None,10.909417244016543
2.7719730302264156,3.355243119108754,1.2150120837265503,4.036370229064112,14.934272023687724,19.43781683504112,Feynman91,None,14.616033626531097
3.0868351333295614,3.560921828264801,2.598264085913905,4.510624965448521,19.468333704702527,14.43294697455243,Feynman91,None,19.595542309501088
1.3312389219545713,2.31324375527245,1.6996596268236748,2.1158634628574355,4.747284176727806,7.927385074019157,Feynman91,None,4.309866162065888
4.3992806219041345,1.4898124175236678,4.465985321194397,1.630690388723612,21.91871410806256,20.28938264237583,Feynman91,None,21.034010057156145
2.9264547569615154,1.2695410422508036,3.6273634458164374,1.9919101439201934,12.667596769598237,10.521167742140122,Feynman91,None,12.514316168259489
2.0612108711727033,4.377161915995092,1.3916540049524144,1.7128064406113825,10.104129109051486,9.606529448131798,Feynman91,None,9.959928366655216
1.51615513838559,4.206663276688365,1.140241045505257,2.306804436351704,7.476583948086992,4.031713562605409,Feynman91,None,7.260766226100862
4.122126404203956,1.1374900732465623,2.68932442802155,2.067621180157412,14.748578228439774,13.164692696924119,Feynman91,None,15.13287913940743
2.5272729045460136,3.034067022602931,1.581242057602973,2.620386738140485,10.891436683356648,12.46931815704673,Feynman91,None,10.807874019718376
2.87770591272717,3.58727696624575,1.5574732502001947,1.4402692841725688,11.993045962385818,11.339308001868172,Feynman91,None,11.948783978977943
3.575600195826535,2.0225180240446297,2.2454498407915886,3.3281169048378643,16.073898325174817,16.054387713005713,Feynman91,None,16.07056855421596
4.562950780991917,2.540674462992051,3.7707958237292645,1.587062503511984,21.97462107958712,22.409555620293972,Feynman91,None,21.89782320872209
3.4436391076196573,2.2975627956677536,3.874034301551911,4.199718605455795,21.2069386838984,23.896325551415654,Feynman91,None,21.11696608354932
3.6490865816945686,2.959224359633114,3.5522348552326197,1.4915110186182163,17.727195910139756,21.59679581886979,Feynman91,None,17.805764325565153
2.1396632443111194,4.141408784642934,3.198980054232701,2.667342863183709,12.567577231669533,9.901942898509715,Feynman91,None,12.845292318633662
3.389799590936008,4.995187992221677,3.23406220739077,4.578665161558727,25.451782882176555,31.79348196232965,Feynman91,None,26.008734025464374
3.1341161330006417,4.689821307716971,1.512671783219087,3.2974763456735943,18.582943415938736,18.359444994330627,Feynman91,None,18.425070185908382
4.499559049871598,1.325668967850738,3.1295055101646345,4.43799442128272,25.152091340531623,24.904410271101575,Feynman91,None,24.686710570496313
4.549800062214414,1.6264000784108026,2.8464635828598306,4.056108192100366,23.728655891911785,22.418924280862278,Feynman91,None,23.472843170136105
3.5360407647037158,1.2036357806697122,4.886627117563126,1.843110087644594,18.951634213181784,19.169064735397473,Feynman91,None,18.146640060465185
1.9213950712147807,1.2236501138441507,1.7774504869945837,4.0351006667681375,8.792075262769961,6.17520902033486,Feynman91,None,8.301047532173467
1.0746214143082051,3.0547487821566905,1.2058733034142972,1.9850885674807022,4.1238304023367185,1.2866551779133575,Feynman91,None,3.6045652319253514
3.2903274184615188,2.9505743595465215,1.409953534930974,4.729585789324942,18.919479866613933,20.243597251228657,Feynman91,None,18.66158982292669
2.7912278062079605,3.44805572648436,1.2911125595082265,2.629654566679766,12.628923418644614,8.082777466931482,Feynman91,None,12.40034763522319
3.821766372829349,4.187889425675073,4.332099720814135,4.954119939188878,29.811935998127876,31.810758072462022,Feynman91,None,30.1866560088294
4.404927695927542,4.169433354048284,2.129615669046961,3.8236390447605877,26.62692365897219,27.51407786425548,Feynman91,None,26.79245443553893
2.7926289496876895,3.79533569538835,3.8632221037580603,1.8483243243187695,15.980417680158808,13.074137106309639,Feynman91,None,16.217152806712388
2.568692111742277,3.1711515868054176,3.748464684460906,1.9816222683402098,13.600495021993686,13.600039189861482,Feynman91,None,13.829682831514596
3.9670739868132103,1.344974958766167,3.6022428692162185,4.442524573068702,23.308420210270555,25.842129297646537,Feynman91,None,22.906850214072954
3.768148516195888,2.939616841310372,4.851979354282548,4.7453781972816875,27.869442717316346,29.21748806078114,Feynman91,None,27.829972005201338
1.0003493411675555,3.9348754644767343,3.968205677245654,3.9119923883651495,6.823936073682814,5.586621185149438,Feynman91,None,6.734162859228007
2.9484995275453505,4.835337485684539,4.536115939163189,3.8520874293639045,22.608554115798498,23.44923759405628,Feynman91,None,22.988503363137507
4.679160841652095,2.453415664472977,1.1620685391404235,4.998340786347143,26.61495101045133,25.079408823579502,Feynman91,None,26.160061871491838
2.266947516599118,4.2580227171754,1.242774041151257,3.1994296002930063,12.398274522792404,14.3811469682105,Feynman91,None,12.183370890774532
4.039315562790772,4.4197190290474655,2.5917062974076717,4.91151296206627,28.668846188964455,26.992961236253056,Feynman91,None,29.10109993930151
4.8717641780853445,1.3060751935026813,2.036801524411289,1.9894891913204744,15.260726522464266,12.477872441695176,Feynman91,None,16.669216660027576
1.1308609890684171,2.5178147387980307,1.7434238151354475,2.2716618492808895,4.3120317057994955,3.035285332466141,Feynman91,None,3.81545339998133
2.495325333400456,4.816777680464147,1.5599969348351017,3.9935725544227867,16.09118418944049,12.788434599166974,Feynman91,None,16.173644039303912
3.6453673924996015,1.2593248662969465,3.9204326927247446,1.5081513412237362,15.985761953177228,16.567253077158565,Feynman91,None,15.558446078059928
3.69806876740604,3.3754654637277213,1.5872877346017993,4.926923627810027,22.852696381935502,20.79948898585456,Feynman91,None,22.735090134113115
2.1125478191158025,3.071050235769657,4.743271815482632,1.4948736608461455,12.347950309288114,17.018381819213484,Feynman91,None,12.53895670135399
1.9673395787598569,1.3583147540189744,4.856642119606022,3.489307732785302,12.06466246386047,12.199396990573408,Feynman91,None,12.03749885913896
4.032914801991671,1.5288949554176794,3.1583391016998132,4.341751982178948,22.51343251512963,22.122221826983022,Feynman91,None,22.174371559820685
1.730505960578181,1.4100271433543097,1.8483663606971112,4.185595282163925,8.28546350236507,6.100487509380139,Feynman91,None,7.884771941508134
3.4413935138452114,4.663888831967636,1.5378700296919066,3.2761135348433355,20.31583257789778,21.95867959032742,Feynman91,None,20.152316115548278
1.3904204025799283,2.8393221193933296,4.721252078302689,4.632074818111933,10.007945137251745,10.660649669755303,Feynman91,None,10.106012996179052
2.398151334606606,1.8917157131939466,2.738657512603025,3.6688630755841065,11.87978178496381,9.888781469182188,Feynman91,None,11.796083053808953
4.908554308759628,4.637118866174338,4.378770461557075,3.846510454930267,36.558728227265576,37.64404910122768,Feynman91,None,37.031997569513685
2.032697667278104,2.1022840630906305,1.9186416597140403,1.3496433704840256,6.4029400030076555,5.65683574218107,Feynman91,None,6.438550616125568
2.3043287359031246,3.804475538683454,1.8835768423424133,3.2900464481344356,12.376262288206958,11.004791755268014,Feynman91,None,12.357228165315222
1.343471472076951,3.5662911567939637,3.9455061224586707,3.8737951954072116,8.839566585882705,11.490443683800187,Feynman91,None,8.887423257358662
2.114913253430862,3.0774709298927014,1.107731029527693,2.403426057332715,8.584138806500098,9.150679786433232,Feynman91,None,8.271987458294085
3.9311283003347093,3.4558422832968305,2.521134149773149,3.575425830607848,21.916748274421554,21.254017366721587,Feynman91,None,21.98357001011177
1.0851000467384577,3.517811229666966,1.6250016735531219,2.1049579724641667,4.78509120304589,5.733935538527259,Feynman91,None,4.53291447491736
4.951473446773833,2.8398563379174515,3.352524349889784,1.2461679523525038,22.61318901146647,24.55223069472998,Feynman91,None,22.848775779996217
3.205290312908623,3.639429684844916,3.41842669478141,3.867910969114029,20.24460569026884,20.524417620329803,Feynman91,None,20.384854001879656
3.3264142210068166,1.70325174017304,4.377878806619069,1.5192728434197287,16.422881052482687,14.722260939278698,Feynman91,None,16.02522446932181
2.6106248995619508,3.3460070878017847,2.178940850499815,1.6348398111859304,11.263945806517539,9.638761807379899,Feynman91,None,11.442726710627184
1.4464325234826818,3.02797220583189,2.8158809898697257,4.274931138203703,8.602667333448842,6.444777035274436,Feynman91,None,8.654061667904182
4.360867864306811,4.847335193148437,3.774159545150095,1.4978686408666748,27.57522277269328,28.400197158377345,Feynman91,None,27.63211967973966
2.2757076326818413,2.973237517161875,3.81000603850535,2.114823492844098,12.005035225280476,5.351341033492343,Feynman91,None,12.222194166350832
4.921333641056432,1.188320971013491,3.0024611209116188,1.4837164691295914,17.48860433477066,20.691527021055848,Feynman91,None,18.058187544863816
4.623669215871413,2.0607823513621253,3.010149877537494,3.247721914052104,22.582979226903312,25.015372479508734,Feynman91,None,22.682585003311726
4.418489899711862,1.1752285884490843,2.938136262906817,1.0475377340498064,14.728320296281543,17.461571106116434,Feynman91,None,15.09047349678632
4.487746021203439,4.2442871944962395,2.830154322263949,4.284703687526343,29.897427640467612,28.699863339105633,Feynman91,None,30.240540613057167
2.442471649022715,4.966335907334987,2.5058393058581703,4.1545458540145015,16.957856431604483,13.166146841074806,Feynman91,None,17.326357857279863
1.2952089735963073,4.038639194526153,3.0639562493018544,3.5568007397624704,8.020812652864066,6.9325533099937395,Feynman91,None,8.108814426450328
4.199215472722828,4.694176336073494,2.201583116891191,1.558471319428203,22.73443488713287,22.432158929642085,Feynman91,None,22.749667829107157
4.307800334964492,1.040533922159181,1.6356930172684727,3.679763233310816,17.916959291666743,19.485203434200468,Feynman91,None,17.57352053324999
2.895647980606944,4.464442215612257,3.343236291084397,2.3592733867433666,17.535926572226078,17.570663768565698,Feynman91,None,17.815112196202033
1.6135469690314341,1.7437786417207377,1.7552937435169413,1.0914741157911023,4.363484439549078,6.35297303554759,Feynman91,None,4.042216963163348
4.666735213989125,3.271188420432747,1.7136093680075666,2.2008355049060584,20.061972639496037,21.508248534493728,Feynman91,None,20.636344680819242
3.1372714729775963,4.9200967516251986,2.150387342041718,4.5765187569556165,22.13412097609536,21.979240541241463,Feynman91,None,22.51108497430596
3.98562646888351,1.3935580810050077,1.0080544773952602,3.2778535413385232,14.753549841163064,14.729912609276479,Feynman91,None,14.452420267152327
3.826985163299987,1.9697087864321179,1.884361085923012,2.096354683817771,13.160195917972546,13.75547700454297,Feynman91,None,13.790931219257782
1.0679107734940825,3.759398115236591,1.9861135084942694,3.7788709900045117,6.074674775568854,2.8297881817031754,Feynman91,None,6.007348503024562
4.178805707727184,4.637056002950664,2.386918030048963,2.7246328140996914,24.588744037377708,24.789889739709643,Feynman91,None,24.798040263113062
1.3554528339305105,4.372044805556484,2.247328442144829,3.7157645847897345,8.3525119001976,7.168492054325968,Feynman91,None,8.483451736206344
1.961889997040433,2.5030497387313404,4.849008386686656,4.485681621475466,13.858705389144736,10.297941807580868,Feynman91,None,14.07550398282762
2.829603456785992,1.1218929106127478,1.3978148412078122,3.6460190804351305,11.495988022091801,15.427228625931887,Feynman91,None,10.905331556465775
4.284524013943493,4.819637550435829,4.564207756894996,4.909337179839222,35.37327783041628,33.228193866416696,Feynman91,None,36.05306075565668
1.772741794411937,4.021768058115099,1.5587895796196665,1.4210037508744056,8.050608764002229,12.643503426268511,Feynman91,None,7.989391768708724
4.6203628261419425,4.6916727292550116,4.008188651139307,1.5702819151866771,29.419470336667107,30.032419395536582,Feynman91,None,29.436724003116346
1.2433996576850785,4.662415023472297,3.837516361372523,2.0143634231646743,7.915125724242698,6.963145930517082,Feynman91,None,8.23960719764035
3.035462938927437,4.176578275833096,3.468849026921352,1.085296523856143,16.80632191931177,18.485187967377616,Feynman91,None,16.921802666123263
4.939919483576462,2.6642070542374903,2.7277089695617702,4.2691981637792775,28.276216672123056,32.45783710563425,Feynman91,None,28.334524259250767
2.3254394879120808,2.5985585112311065,4.506576523156989,1.9790683552459818,12.942997994925435,17.11549711570359,Feynman91,None,13.061525383425018
1.144390136323246,1.1813481782854685,1.8060785036822722,4.611650203534742,5.8268251548290655,7.570402168485127,Feynman91,None,5.405034203721341
3.9888349424977916,1.7848726375402029,2.5529515253789365,4.338670257446314,21.30478207523332,24.315041139479824,Feynman91,None,21.035505545690235
1.1189779453156024,1.4302110813357483,4.005297378518575,3.2840843384793605,6.012684147674029,6.22787210669785,Feynman91,None,5.557774380075984
4.4270586856790555,3.8895083479296,1.5532359709898502,3.300261179778819,23.60603878342341,24.880962823560104,Feynman91,None,23.604345821459926
3.097821311083931,4.074580251599189,4.175167675536207,4.933077998512759,23.667332086806887,23.881060389265464,Feynman91,None,24.054559825957085
1.404346327407414,1.3631758115387709,2.97030959329072,4.617980129947971,7.945017560094532,9.984932060896432,Feynman91,None,7.833433265329236
1.925816445196069,4.91592802615435,2.44659538457007,1.5931584084108241,11.010943908562911,6.421769851502716,Feynman91,None,11.291635942792812
3.5967203413872193,3.886977202666017,2.9678712395785762,3.785354619875317,22.24325418907496,20.63985182322398,Feynman91,None,22.373121749956873
2.097451877494159,2.974509636693548,4.069767211779216,4.795974518788886,14.59381699639377,16.335283181914924,Feynman91,None,14.882236830083036
1.9835319923710557,3.5050575795626915,4.6826739539416975,1.954141737924787,12.232384694588928,14.512133881629865,Feynman91,None,12.512060918571017
4.550257240049916,1.8502077789156637,1.2270526587299098,1.7022812399564344,12.729899449343486,12.839468363221163,Feynman91,None,14.217441145970405
2.182764245286863,3.863415081573809,4.379577262882986,4.526106785864032,16.127705695099475,13.723206434973967,Feynman91,None,16.41566845990442
3.193232594581002,3.782749440171152,1.0819163652678427,4.805108790195408,19.831184521662188,19.611967340889223,Feynman91,None,19.636763098680117
2.175839966640721,1.296801847046063,3.2864354958676665,4.840730383825717,13.039622839212422,14.536950841742172,Feynman91,None,13.147138994871243
2.598106097622776,4.449118131182182,2.812334544185501,3.3182810726917156,16.165746643148317,13.814562938537556,Feynman91,None,16.397083032850155
2.3009807859314786,1.8801395533390726,3.05467822645125,3.801884351243742,12.026957910571191,11.976073839736166,Feynman91,None,11.973955664954623
2.751146664811756,4.782347589085898,4.688235106071228,3.7536474343889763,21.121258358217666,21.452347938479114,Feynman91,None,21.47845138725772
3.2962856744526285,2.391024339387571,1.8017465558635042,1.3473696572474188,10.82200910537985,11.392080731019448,Feynman91,None,11.321092506282291
1.1287344795482919,2.7664468279988808,1.1708587395790628,4.291267181030355,5.912577139974288,5.7951925567363,Feynman91,None,5.675179959139825
3.563830974052883,1.49543381690266,3.3418355125416577,1.7449603215348768,14.453992251475496,11.551732807338928,Feynman91,None,14.491650248207382
4.59997053898568,1.8555901442995268,2.446536758138482,2.707766698298053,18.83223522108352,20.250333083515184,Feynman91,None,19.367185255098125
2.6455600431506294,4.964773219588238,3.82491428224352,1.5091075639775546,17.054394705140922,19.870350704700694,Feynman91,None,17.4027909522522
2.926265878116471,2.684598397672355,2.293217582227558,2.832944821985574,13.246482544433285,13.755555038435633,Feynman91,None,13.352242274513419
3.44902395922871,4.180328194411999,1.4766513399683405,3.6170086944997037,19.73444434731138,20.828519390072785,Feynman91,None,19.515262223961034
2.2147597794840017,1.4834453521768438,2.2581211335263593,3.654232124501635,10.065135018167098,10.113882323166152,Feynman91,None,9.78527468506054
3.3457168324391686,1.4793001050147834,1.0637847403791865,1.3403248533163366,7.567858747067085,11.70622985571206,Feynman91,None,8.399959939985687
2.715494217947714,4.66749754919277,2.5738254561329943,1.7728064918005049,15.253478439907573,16.422276920776106,Feynman91,None,15.439813100804491
4.573166734572347,4.612137139133241,1.6518122332662268,1.1042515129466168,22.96607000293421,26.81961327832917,Feynman91,None,22.76545161495966
4.990882172907688,3.519508737790821,3.51232906398971,2.832614120163994,28.560364100312523,34.40808774194655,Feynman91,None,28.845662663988264
4.580392775340231,2.1617219772578484,2.861526519564365,4.864060521633913,27.680303309668446,24.00250148943608,Feynman91,None,27.47757686976896
1.8369857619141312,2.1997515688784555,1.0371781283958326,2.0373377872365976,5.828021009172523,3.6548505523515287,Feynman91,None,5.406269304048389
2.86692729704686,1.6256026486452426,2.571714531305962,2.7264260296538927,11.71226594886099,9.875278153451214,Feynman91,None,11.748158424513843
2.9043716964793096,4.181582017201094,2.2099644442384165,1.628432220621324,14.52806162404841,11.494256450411342,Feynman91,None,14.609716294320808
2.5343913828077516,4.459898739558516,4.131037058393872,4.945151320646989,19.86075051639103,19.983116917759837,Feynman91,None,20.339379251454055
3.4672863582408393,2.4550133563378944,4.7360023084841405,3.9795550632767345,23.07599992064755,23.083429252745308,Feynman91,None,22.93179399103285
2.65517372975975,1.6272913478881543,3.820712249284139,2.3627082680251936,12.686149332020609,12.754861892223902,Feynman91,None,12.62719858497581
1.0668124188457018,1.5721965238265536,2.5111930129254936,4.825510447838579,6.0407817155302395,1.0103297640051911,Feynman91,None,5.911450470561553
4.714909186491136,1.068801196311902,2.331149538422388,3.9880990901741833,22.355595866288777,21.79499740647471,Feynman91,None,22.00666647341619
3.2278245809744477,3.9754476508958323,3.2590854351975156,1.0574819359068544,16.94041863501605,23.838050643232386,Feynman91,None,17.012991770781625
1.9325577943697585,1.5903321471933576,4.054034607261768,3.241831857779881,10.491818128675279,14.38720497845572,Feynman91,None,10.397177231632915
4.302369463921439,1.9011101552754899,3.663747705812264,3.8947105129757977,24.416102901923765,20.269750605798166,Feynman91,None,24.10442399475624
1.450234707804123,1.7222302195495711,2.3899081546221645,4.8692861411812975,8.25331177091729,7.454921254501542,Feynman91,None,8.284193131551728
2.2541575369862077,4.857113386083082,2.623908879947019,2.449445683159403,13.61410988118605,13.870814016802216,Feynman91,None,13.888478349796392
4.843800242132099,1.9183331965687564,1.1729672064427676,3.9384827383933283,21.967315317580326,20.73600051875429,Feynman91,None,21.758538434174127
1.4195923137015347,4.857541784882683,2.7501768660898778,3.4402903792141957,9.308324593342245,8.204838337436316,Feynman91,None,9.548263197482829
2.1478390213727314,4.260721980872823,4.46149061929604,3.8258528918051713,15.591565811133414,12.14837520404677,Feynman91,None,15.862597370279556
1.046793593855769,2.737160553622793,4.769091353530229,2.415186745711697,6.286813236498604,8.10372340934514,Feynman91,None,6.188866598537066
3.9404684347218413,3.194743494934915,1.0015587785788451,2.084375737883054,15.540704050619551,14.523652479131005,Feynman91,None,15.508991143435802
1.1241527911132017,2.980958809330225,2.6206789554286116,4.636801490848949,6.861385303835349,5.971097606359127,Feynman91,None,6.912514961965529
2.257945763308851,4.280300235599521,3.959023130893012,2.5373498791380835,14.357584274402454,15.956564830279834,Feynman91,None,14.692190482149933
2.1175377435059155,3.874544068405686,3.228954129538904,4.517926962604071,14.338389014276814,14.811876297296969,Feynman91,None,14.638727992684405
2.086643454784437,1.3807881467291967,3.482257439944739,4.8355393940985865,12.763562224826535,9.279090696282093,Feynman91,None,12.91069344239487
4.034063049666877,1.1461135974239074,3.4557492361447517,4.015678987701661,21.866503551123795,25.368279996100746,Feynman91,None,21.399006038507682
4.384073418166948,3.3170225313608386,4.729780668720057,2.542016428526905,27.670176250065847,28.569546234869833,Feynman91,None,27.3474486186354
2.41260181898815,2.384971492103891,2.9563267773298136,1.6948461583069059,10.034933133267042,8.555361042943671,Feynman91,None,10.236185092868777
1.470597114787323,2.2499013084277864,3.535617964903701,2.1329641350591273,6.915276536314596,9.562204834648675,Feynman91,None,6.821840349359436
3.4367622951925427,1.0709230210468976,2.872736449917512,3.0513351824932164,14.865789586234804,13.710118011206118,Feynman91,None,14.68466462319345
1.8461974354487207,1.0115115747531664,2.599505812265887,2.4697539406792246,6.878236600109881,6.046773758066535,Feynman91,None,6.411234622978775
3.352865518276258,1.942689658571382,1.3247887691002478,3.410195864836757,13.888532316909977,11.989533881971907,Feynman91,None,13.584696310489974
1.3509964463868651,1.418346861680826,2.968086244946353,4.278390879431938,7.2911104487502065,8.252248098443777,Feynman91,None,7.03048687868497
4.058761991007772,3.0854616788170173,3.011369024685875,4.55183251046372,25.44672102755245,25.713247900065937,Feynman91,None,25.449071337570636
2.4770682736044334,4.845205572790112,3.1703640770798005,4.402124835630378,18.017318141711744,18.116411566168217,Feynman91,None,18.461812773977147
2.307960652009165,4.127518970081559,1.1751345159290691,4.259042553685434,13.954441892864278,11.925593852755883,Feynman91,None,13.878856341207353
2.462211252952265,1.787062708447753,2.5427182329043707,3.5280637589002524,11.576646761651945,10.842593451229174,Feynman91,None,11.455792536888644
3.3747498819658865,1.2849016267388675,2.7470592958484734,1.5950207727838537,11.56382471305721,10.684190284677936,Feynman91,None,11.835284501379695
2.857462734163619,4.8609655498708175,1.6591041828832984,3.8485741725482217,18.339732747022175,16.96755666681975,Feynman91,None,18.381477976351434
1.6199310824354884,1.200290323616946,1.66893241608807,1.2154130964952112,3.8686387004541687,2.622730781407097,Feynman91,None,3.340977669266291
3.9069127209368544,2.5331717973609127,2.3231088488584475,4.800437701687512,23.066670849833198,25.01288731991435,Feynman91,None,22.926584365279986
2.60092273764936,4.248423054487194,4.632435748443649,2.4341774070193476,17.53141144143831,20.643571155914415,Feynman91,None,17.820121138713247
4.079822096112652,1.4731562830999665,2.626142266451651,1.1473264806196766,13.146381240415703,14.141565343987226,Feynman91,None,13.783909298939642
3.0333833128202112,3.584615250037693,3.614583443373258,4.902107638244698,21.437531573851683,18.21942730822516,Feynman91,None,21.734973125472234
3.5769527590601635,2.50242693213829,3.939493483503828,1.993511916425728,18.15311074452176,19.08383942725208,Feynman91,None,18.123005110307112
4.350526273128313,4.240915511020042,3.115297794892436,3.1015722076024894,26.573915792532304,23.850611646906824,Feynman91,None,26.84375144243426
3.7516283600610385,3.033886920638155,3.0293313893748928,3.6529169169135716,21.13106814071296,17.019904824887014,Feynman91,None,21.164266766101616
4.809964692788589,1.020303410511632,2.6119968776716007,2.8544973075479843,19.24689303099862,17.000338607665242,Feynman91,None,19.503367664465685
3.373532105642778,3.5092340154962622,1.0906092267763894,4.63119417827686,19.94442662571647,16.732267258197872,Feynman91,None,19.600776561133397
2.5710671849504685,1.1981496074304632,3.2825263900205215,1.3179411745284466,9.602001743678255,9.60573874520626,Feynman91,None,9.434851045903939
2.685039866352175,4.0115493675591125,4.783458562021421,4.891533002293999,21.29510843815311,22.49035452489886,Feynman91,None,21.659476994760617
3.9551812225844833,4.778616954148729,4.96491123726328,3.1516389990487306,29.97034544947619,30.255432616872188,Feynman91,None,30.183712654080928
4.237729666815094,1.018299762366679,2.733493559410717,3.0444831852814,17.867847961337432,17.84289914633319,Feynman91,None,17.780394599063133
1.6156210047143382,4.847762777420631,1.523952647865908,3.151677185871352,9.660860377652051,13.86967640424559,Feynman91,None,9.72046093684665
2.3281298867472078,1.0522011800708118,1.0708350100751685,2.0955493530499,6.001493499170763,4.459822911585009,Feynman91,None,5.647508674344192
2.5302109527870895,1.712369791804464,3.380210888666856,1.0030811409749276,9.917719396587419,10.212797217848196,Feynman91,None,9.856950435297993
3.1096465004018246,2.141101978178418,4.859481178690421,2.5747941877990717,18.35177322116564,16.67765986689682,Feynman91,None,18.17837293187247
3.498840660088206,1.5413012196512876,2.540814479674951,4.796484649838002,19.742148404986,15.875947634255144,Feynman91,None,19.49787023770047
3.277692375787344,1.2372984945130536,1.297677523795226,2.3479451124601547,9.683193546392667,9.811282806302067,Feynman91,None,9.865075842801009
1.895787189973615,3.051455567371934,3.287665356107846,4.954876493617999,12.670742357971108,14.78475045943435,Feynman91,None,13.000555639523794
3.834099013681095,2.9746185295201735,4.934967609068626,1.0431496348884952,22.451726242700804,25.431199758968223,Feynman91,None,21.744172875551026
2.99643085143871,3.8144998980337848,2.040923515202039,4.744101434355477,19.238457441389993,23.070810520753945,Feynman91,None,19.37729621215591
4.702958211403645,1.748868584414192,2.4179208741432983,4.784620223071466,26.519627882695136,27.289078763023237,Feynman91,None,26.19596384578121
1.8214443169906618,1.2803236624996086,4.637603451222608,1.9026813367503919,9.423539400874933,8.453031200518906,Feynman91,None,9.15735883289604
4.815967691158292,3.260012181252569,1.2851170408474708,3.3267290822527396,23.269812812626924,26.412881380884027,Feynman91,None,23.404667442500728
1.0956398488755554,2.264589762800988,4.8543371228763315,3.6142998867323874,7.079912406033267,6.243760825173947,Feynman91,None,6.904367486358446
3.1550093816618268,2.8871108215583954,4.138288564769585,1.9735711764498078,17.094161198820732,19.976657726167367,Feynman91,None,17.144056045973464
3.8867113668185977,4.1107682857442445,3.1976560124788738,3.9943490253955316,25.5100486243421,23.497520614861315,Feynman91,None,25.706073602947242
1.167811417149982,1.4799464086968666,1.326166151967187,2.1078860735911062,3.383055494329295,6.395918070046479,Feynman91,None,2.378837330703028
2.7856145356340076,4.111795220520619,3.627459194659277,4.93338982227365,20.546367889918518,21.19502772946758,Feynman91,None,20.97132469348634
2.575658616547331,2.864302425048203,4.900475914375926,4.6824998018570225,18.952489463097436,18.455843250787748,Feynman91,None,19.193081765898793
1.9476449846456196,2.43814893542569,3.820112601673756,4.752487725676659,12.789959374544244,11.67980297728507,Feynman91,None,13.025532467980865
4.11346628340246,2.7705849843438397,2.4819462589921355,1.0675457789273364,15.918557742514798,19.304351518140013,Feynman91,None,16.390638702285194
4.307146769038745,3.872568680043846,1.6679913677886877,4.283184757016443,25.88758424824937,26.845252381472825,Feynman91,None,25.837089540192824
4.68323158518545,2.968715928996638,3.0847243005937814,3.0723862812642597,24.67861122271157,23.435412393526903,Feynman91,None,24.91946691561776
1.3636848490643643,4.624703785564732,2.5310332673339277,3.4923139299217953,8.623651341936627,9.584211330545564,Feynman91,None,8.803999400623724
4.16477753715652,1.2995813372639988,4.961720661752408,1.2038265450789574,21.942007798587383,17.637391006984995,Feynman91,None,20.49736957530303
2.113720539955883,2.317684299544376,3.1883055094103003,3.9750915933465367,11.832740059344545,11.215490360351767,Feynman91,None,11.869565398233087
4.694460084504313,4.289339749955684,3.4183456564448322,2.946333243252685,29.228208426684372,32.5309414394094,Feynman91,None,29.570698053427233
1.2163292664102792,3.4506588002264147,2.062211680680097,1.971224715081143,5.445772512002119,6.049009624246219,Feynman91,None,5.345211321242166
1.0058289390609603,3.464503537079973,3.386904481768839,1.0426335105256324,4.984792363327639,2.8785277552889097,Feynman91,None,5.077137504266131
3.252777814106684,4.076097134253839,1.354167710987105,4.490035647530961,20.21144273933621,20.79671816782285,Feynman91,None,20.074142660487993
2.655388808884536,4.024111776073342,4.90026743597933,4.329758723675097,20.388286780475198,16.423462975031693,Feynman91,None,20.65466812840257
1.2264709983873745,4.078090978257785,4.802026205798951,4.148722183779854,9.251703927658184,8.467950633526256,Feynman91,None,9.211492726416264
4.165892247168368,2.8602546018675117,3.184612412246395,4.482565169443039,25.820535911453003,24.79206335716381,Feynman91,None,25.766907268135633
1.8537978095053242,2.776886515188508,4.246605047742362,1.1534103489580345,9.646004676870543,13.844760160047347,Feynman91,None,9.78478375552449
3.565808774021465,1.08242764918384,2.0964524581269,3.395574089775254,14.74395565615228,19.681550855730787,Feynman91,None,14.491384980647576
2.5842944543366406,1.178814647855618,4.461056134321869,3.8469161875551445,15.525005622462999,14.878653610723518,Feynman91,None,15.421680435057223
2.2134047631569875,2.5208917276077667,4.584686381611661,1.5999162122493482,12.109969372178144,11.841028715067418,Feynman91,None,12.19630468868498
1.6503781826182284,3.8802143129199176,1.0631616839455695,1.2457790330022336,6.95088297751236,9.180118370650897,Feynman91,None,6.64575225072996
3.6349387529730217,3.993778759829783,3.737032779835846,4.445858907580587,25.620863726207645,26.402581310773424,Feynman91,None,25.84392814861281
2.010194777509414,3.886326043500718,3.2295170873225074,4.935792520799113,14.199341825709142,13.435977366698499,Feynman91,None,14.609121541424647
4.882084392608217,4.48293264379636,2.3125380890666825,2.9113608502906803,28.433914813734884,30.923834843458295,Feynman91,None,28.927545694933656
2.1780805852749308,3.7193946935832063,3.0184120095310134,2.621656106238116,11.89355431390124,15.506728782572727,Feynman91,None,12.120739950397066
3.928360597880153,4.7878396835534955,1.9606588124446325,3.047671130548979,23.58845320201612,22.212020557188655,Feynman91,None,23.64899997995098
4.801220012745647,2.7362687918349407,3.0654106852324703,1.856615408923902,21.64862082902854,18.4568904916607,Feynman91,None,22.150372706859525
2.3254587260647708,1.2886190640875124,4.528699253964654,2.6589163034235184,12.574581694906888,17.53328757394473,Feynman91,None,12.400221097370009
4.681259235154052,3.074570082308066,2.601732193146327,3.509251841041226,25.007232537717606,25.705415513616096,Feynman91,None,25.23402490928349
3.7160598593686966,2.208811755815994,3.0787230402926853,4.594056815706633,22.129360472546733,20.46565075764268,Feynman91,None,22.003153491406735
1.4180975588552496,3.856351994536053,3.613687745956534,1.9198020310470292,7.973672627300311,13.032651825223816,Feynman91,None,8.227948466839564
3.59183072011689,2.435097651142764,1.7874972014190886,1.20115656612969,11.676280916259469,14.357426403477156,Feynman91,None,12.280997188433565
1.4415861981405724,4.6787922165885,1.4131313582121483,3.247412093801451,8.459264433549244,10.380608273268614,Feynman91,None,8.476897019675755
1.341825977793326,2.4691564640238988,3.6284746508224797,3.295102808216054,7.364200188776993,6.64868087467055,Feynman91,None,7.241208476286572
3.01391277012007,1.7916848354896886,3.1845530021839794,3.821086984877151,15.934513810001642,18.679526723553685,Feynman91,None,15.84025820445221
4.706599818053144,1.8227037771107066,4.783193078473127,2.535411372930981,26.88514950945818,26.685129668633458,Feynman91,None,26.008121762905255
1.5699672058220226,2.603399132478046,3.129368696844556,4.9036335365063355,10.005539983636911,10.318714668154195,Feynman91,None,10.238642713780942
1.9323659514160236,1.0941390583428814,3.882899048712861,1.2262516478105971,8.14756121700671,9.844090460709445,Feynman91,None,7.685671966397146
3.380334413231186,4.197528176864493,3.3468895120079503,4.122106239087612,22.879813402236426,19.139583269213105,Feynman91,None,23.117115579949573
1.2372082962863145,2.937868444824174,4.770759142050258,1.3245176247926609,7.122878048206706,5.967920450228115,Feynman91,None,7.231875702635838
1.8174906429271576,3.789542612201924,4.591945299285067,4.649426178129833,13.729425684251623,15.555477649168049,Feynman91,None,13.967599513817849
4.15758572910581,3.596991714323406,1.551955052661814,3.1223128213158646,20.827699996162767,24.288993620740225,Feynman91,None,20.78271653408231
1.7574667825773371,2.187128467801773,4.1271390218337185,3.1761174001091406,9.926891961712453,7.115506020668633,Feynman91,None,9.928023752041796
1.7330103518732445,3.6454349050398487,2.087466031921287,1.1563555628116031,7.550809485418893,4.88991506756561,Feynman91,None,7.6385380332859825
3.778572687289212,4.407030325819742,2.7142763814718807,1.5639644277149722,20.430584688459252,15.120300652614791,Feynman91,None,20.52247615008214
2.687553244091735,4.209116256438195,3.0026810295161965,2.43438537636485,15.358840130063955,17.155753293540805,Feynman91,None,15.610189500285298
3.755631556044146,2.589863655240691,3.7474519320213875,2.127443756722382,18.88182998644058,16.530933202255955,Feynman91,None,18.91032860310408
4.817392345703523,3.5850710655738802,2.3052656780120326,4.010427669092772,28.193277627168687,30.290868882413324,Feynman91,None,28.437213864182155
4.0356868425794215,2.3728312004380685,1.1938777588900735,1.2709135448658677,11.883637035887158,12.244612116955548,Feynman91,None,12.726950576463066
2.17787718451899,3.266908403067462,3.0661848068109707,1.0438258846366053,10.019123266325401,9.984299749669564,Feynman91,None,10.24480387381886
4.52696099321429,3.9040854354141796,3.3362350584696565,2.991997729502535,26.905690133779803,29.141198805292774,Feynman91,None,27.14433630322661
1.4660281599449725,2.128669630154479,2.66601759706208,2.7762407460465153,6.448257309578834,3.352222333548897,Feynman91,None,6.194202078986707
2.649698524147888,1.6590573393418113,1.2549921174831682,3.3565662225586297,10.46346229478681,10.210811588394025,Feynman91,None,10.009825980260825
1.3686339802509098,4.918657725339565,3.760364688664658,2.468563460813079,9.122470839102341,10.995510574917517,Feynman91,None,9.447828824449967
1.296098651884646,4.486352125832974,1.8773666383670005,1.776403899321513,6.710671611668569,9.020849673754547,Feynman91,None,6.805690955414254
3.4034649765438743,4.7612447776731655,3.250808083866199,1.8459813822460318,20.60287243690493,20.384837763854787,Feynman91,None,20.80638291493052
4.097266556732476,4.1831009353826865,4.960110302365173,4.355650759034712,32.019743925796895,32.99530508917741,Feynman91,None,32.17781046332579
1.531785543751465,3.1488019445319124,2.468064652247217,4.0137537245553885,8.680848531634906,6.289679785360503,Feynman91,None,8.69404118223657
1.7702415859080753,1.8228996282458825,4.006970868255012,4.103475338911323,10.653455713402465,14.105474861174375,Feynman91,None,10.668618860347026
2.4198979189363303,3.1424744008514303,3.6430112810899504,4.126016796858478,15.33739837497521,16.124596769287344,Feynman91,None,15.511491876667398
4.937650679418206,3.544217841174276,4.630694492483267,2.8628680365198504,32.07604635858326,31.806070885007898,Feynman91,None,31.854411574565173
2.819110213587748,2.2454302722336146,2.187805153709623,4.440889379250102,15.324644479289557,19.029259415128756,Feynman91,None,15.222090047343443
2.8054254299437793,4.3783037384623,2.204271017397461,4.280078864834719,18.256278649647545,16.189114629423017,Feynman91,None,18.443824529194234
4.927522827542628,3.665334851442955,2.4436318911060493,4.22479660022189,30.0760278453963,33.330961239496844,Feynman91,None,30.38679094698658
2.937355187754561,1.6858072405838165,1.1729140834711091,3.045135318955045,10.788743105341881,5.5182987314708996,Feynman91,None,10.458401056103478
2.3505999693624533,1.2991267713814065,4.718313095657754,2.7332512298313025,13.176128961667759,12.656790315335899,Feynman91,None,13.014465791000013
2.251589849918311,3.106778346881547,3.802038746905175,2.6048540464996144,12.514634325645023,17.586612695220545,Feynman91,None,12.722365903430711
4.239109662342452,1.4586274944949338,4.2990077052407365,2.8683113398715787,22.763770759306855,21.636036248451184,Feynman91,None,22.1831886616021
1.7148922561351938,3.9219843382498882,3.9542648690071345,4.9460939970482105,12.77358970441324,14.131217291212918,Feynman91,None,13.105284968815404
2.1195281058077757,1.957902601977199,3.591157813899034,4.585867368805241,13.024319396704296,13.570305413710466,Feynman91,None,13.160194277048609
2.8136617203049483,2.22395670178194,3.4873068903886746,3.8324372953534014,15.865377050225014,16.292439470549315,Feynman91,None,15.875851256401745
3.1886290791751613,3.1112744807120505,1.3484772950828972,3.387804884022209,15.284028142292744,12.620870361944057,Feynman91,None,14.999722316853882
3.740258564037159,2.058764199501681,3.419183287959397,1.7356527739523302,16.278426412718783,21.84380885762823,Feynman91,None,16.391310139377676
1.877087670566238,2.992932418428663,4.57392642123464,2.989753185957763,11.694884600577042,10.37844521589826,Feynman91,None,11.855101510085502
4.861347187201359,2.854815277389616,2.229834651187815,2.3997229341249975,21.123548151275152,23.017479819760716,Feynman91,None,21.899535272214305
2.5483092652608184,3.48281998008189,1.752636166881219,2.6515268675802184,12.015585783130183,11.613784188245766,Feynman91,None,11.976652666927961
2.4332840214013167,1.0091537423211632,1.392999958942036,3.4975665949305257,9.484132144211392,7.010464461730452,Feynman91,None,8.822973138147981
3.8535352295426413,2.2536135489979827,3.297803095106442,3.2288972214261547,19.792342369329106,23.82046903502188,Feynman91,None,19.776086565035776
3.335073344161159,2.715281956492375,1.9830201107147616,4.612737373863553,19.036951241859796,17.806046148331667,Feynman91,None,18.89987125106177
2.165876104734001,4.6358657565877746,2.905450168815802,3.143492615914577,13.666392950881864,15.032112054306369,Feynman91,None,13.948732586790673
3.188871698005465,2.1360941618028146,1.7629055748512958,1.0047361724278456,9.395126677671778,8.474658156707214,Feynman91,None,9.944120119063799
1.5476862437836236,2.835831774461702,3.9732975126390495,1.6159254393419138,7.958215608435237,8.788981890679501,Feynman91,None,8.086642777683627
4.597269270962224,4.4154263826618525,2.238342441882836,4.68518425563928,31.334738647178206,27.75430912369397,Feynman91,None,31.7843229998151
2.24710279541567,4.5981729324728935,1.2103463556001937,4.12936735688759,14.151361990803098,16.332062047007845,Feynman91,None,14.156516509504195
2.839645702836514,2.359287644181381,1.7598123328445694,2.5957483851484215,11.143967807831409,7.651345212565606,Feynman91,None,11.19868900841879
3.5886655359216033,3.6160869908099564,2.4091711132832323,4.68574762504941,22.93278620106171,28.925251052824777,Feynman91,None,23.02302164771994
3.6590127478128216,1.2728182899756284,3.47701380304771,3.8244950581281065,19.477655145403908,19.779673049052917,Feynman91,None,19.140131903802068
2.620793315482369,1.8019633282353178,1.4113923402022812,2.679797196952836,9.236358776569833,6.437330006227576,Feynman91,None,9.076747478295616
4.535103149462897,3.175919303724995,4.815597377122797,2.692898436279668,28.87124582412952,27.98851139196509,Feynman91,None,28.463825819415554
3.004069757085359,4.498861453759818,2.9826876039461445,1.8625107354446722,17.153508193753563,17.233669859837395,Feynman91,None,17.37305324742001
4.050607770113129,1.8030886316311405,1.7894564819958676,1.625213540766059,12.215522402857594,9.668438865044731,Feynman91,None,13.251665358522025
3.1816700937313818,2.214745858466357,1.1702877736398034,4.717615879549739,16.99457809423805,15.995064554018334,Feynman91,None,16.527748270946223
1.0457142177471823,2.705131771336823,1.1895860435107548,4.6651397269969905,5.774802940625696,7.28265541891261,Feynman91,None,5.716993380696094
2.3608086763253655,2.366611650380276,2.912570315457311,3.0722211283644265,11.44991215206482,11.240247009840527,Feynman91,None,11.50303088830759
3.8478435913293927,4.391820903891359,4.696034723025823,4.046629355035286,29.232481341228752,28.549900036314074,Feynman91,None,29.453836620739054
4.521997647784584,2.0575666999798594,1.1601892043841264,2.968934902569346,17.15631495907797,21.1570379863838,Feynman91,None,17.469203455741212
4.119280496911133,4.128784479495716,1.0871392796270647,2.462103110360092,20.30211320590029,18.340113493980688,Feynman91,None,19.983829641302567
3.512426785097047,1.1619229999745637,3.490765097255723,2.7762135172114744,16.18876991427704,15.778980618031754,Feynman91,None,15.956240158569234
1.3242547971415966,4.172693947608669,1.4455858657542802,1.2297574186585205,6.07043318498474,3.6339380599501085,Feynman91,None,5.984784278950289
4.8337122978631495,3.903184655491087,3.0110065008077385,3.2889124213508385,28.644774642825883,25.317763914742805,Feynman91,None,29.018895974767016
4.5750660919398145,4.4740059530973815,3.0685980676624975,4.114370592302846,31.15115055739847,31.532476788680682,Feynman91,None,31.598939835761755
1.927149736655477,3.262284548514927,1.7362056148664298,3.794778384769798,10.20793832120124,9.624949457491965,Feynman91,None,10.118028013734628
2.543420988110539,4.577678264805293,4.347274667039354,3.654014644336889,18.55229193029713,20.147412309644146,Feynman91,None,18.881074814811875
2.108779137102968,4.3827007033882115,1.6967181464548928,2.1291613888678236,10.88020629049459,8.763764561241448,Feynman91,None,10.86681999650474
1.9939460313794668,1.0524624642041251,2.9373197116895158,3.1054802967625372,8.7777871217193,10.612924277056857,Feynman91,None,8.410687311741913
1.1277504368491846,3.0365925366422726,4.958462317490758,2.0168304345338206,6.940463140243264,8.915829048106481,Feynman91,None,6.990803401624404
1.2022466606634041,1.4448740273184604,4.0690861512519625,1.0243310732240625,5.335372000689735,2.166233383754716,Feynman91,None,4.771599749814082
2.9177760792348275,4.0907903225448115,4.46593383687097,2.3561830065964116,18.961218723660252,20.160436750319505,Feynman91,None,19.17890361656979
2.437792731507911,1.1113943584552586,1.443779022395279,3.57115534948977,9.773343592416715,7.3483175477816545,Feynman91,None,9.165852896303067
1.519254440974965,1.434658788027459,2.284069084953601,2.2486927735042466,5.335122497523412,4.170761183199269,Feynman91,None,4.83323991939955
3.8820157005397165,4.663270770122354,3.4219625604249257,3.5194568531475623,26.283998131188763,29.295710984618015,Feynman91,None,26.59845262565262
2.7920002900273877,1.9519059216920125,3.3581928874869713,2.353769801255711,12.680608938671698,17.154250416233445,Feynman91,None,12.767426392528824
4.988697812072527,2.9720885060131326,3.30562024977122,3.412808647732514,27.957945376258834,30.040042513034784,Feynman91,None,28.15526779381663
2.499518748819825,4.4148596058694345,2.189535963378056,1.5706099835438776,12.928063053744859,13.70834925677862,Feynman91,None,13.032978247321529
4.09295217656139,4.994285844450099,3.1564958825706255,2.9390335240848935,27.008608167538576,27.41393952973649,Feynman91,None,27.38350394135214
1.9954931240696778,4.7740987631182,2.4297419549505177,2.101667294596551,11.482787785768808,12.055084416888768,Feynman91,None,11.732962263213038
1.0103430918615812,1.4802135913154784,1.611927363391831,4.033688540911172,4.636581613608825,1.3216056181316809,Feynman91,None,3.9091481638339207
2.1582887949035996,1.4305967490069036,3.7168795403281396,3.679024895826467,11.702031022739211,8.212006361178918,Feynman91,None,11.59800960868487
3.2211941574354372,2.1427560609738197,2.7604578314143513,2.716414573906859,14.257355808099238,12.02054781083607,Feynman91,None,14.40839807040443
2.128836719273035,3.889157554801183,3.098212709567784,3.142165427845395,12.521771990349375,15.773879606292695,Feynman91,None,12.737155562013957
4.159535082246765,4.98637497803836,4.919010547855821,2.7501349145412033,31.300008768832647,29.10941167475239,Feynman91,None,31.533047256222684
3.2145267210567963,3.268218859978245,1.9114146585978191,2.5209200033447297,14.62160904082369,12.758530917237843,Feynman91,None,14.702426986939042
2.767631970868888,3.3133419773812243,1.4648793344549524,1.4617873055650579,10.811820323363106,5.705656941630046,Feynman91,None,10.794592383850706
3.3736371838662187,2.823079789392016,2.4267943368270526,3.8219998677920994,17.999798702613557,18.585136286518946,Feynman91,None,17.965649458973083
1.9466754957903154,3.99622132807683,2.762544242529887,1.7396340132516608,10.045253388884912,12.55860511447089,Feynman91,None,10.308729624252829
3.369599038986005,3.013221372987269,4.5728056229419725,2.5968451925556386,20.422566657980497,22.62029552552209,Feynman91,None,20.371652747570533
4.636980131750235,2.351887083455922,2.2429136090733675,2.5631707533854495,19.19277311873003,16.00791407090919,Feynman91,None,19.86577048263184
2.2285316169817997,3.7028942129988143,4.7072690175588585,4.4140661459711295,16.580303251311058,19.204142591078632,Feynman91,None,16.8346819605342
2.361229657415013,3.1602895166398626,4.334577267435167,4.44037015548963,16.44285416486677,12.498797031698334,Feynman91,None,16.66974147895657
3.423745903005311,4.402714262270543,4.169886393767285,1.6167778588946353,21.486785567875174,19.733702410092114,Feynman91,None,21.577266496375593
1.3320769309346598,2.595936182691044,4.739059038405434,1.8104718714698542,7.59112923954249,5.4963968558642975,Feynman91,None,7.6309551753223355
2.1849158694093185,1.2369520091315107,4.602682624769102,3.0738902400675334,12.391293170148398,9.979329026457899,Feynman91,None,12.254829532575382
1.3241507078121328,4.029908746296156,1.2935060313350526,2.4404200514464005,6.469255117028909,3.7291721705449574,Feynman91,None,6.276584329986791
3.29042542753085,4.904519448607537,3.211743979079132,2.5483635787033174,21.033970189255385,21.348208895646366,Feynman91,None,21.32348258344963
1.4926148743713954,3.7403115829643694,2.8030510669935804,2.245010910077029,7.739621929331784,10.916936817263663,Feynman91,None,7.888477466839657
1.7022043900272394,1.8138513022170168,1.751978277518318,2.3774080727146947,5.89944691544302,11.07493638500085,Feynman91,None,5.528985074376884
3.289323071842156,3.487699108524117,3.182245710907086,4.085755057071115,20.53763537338286,19.220767111757503,Feynman91,None,20.64586056458375
4.289650117500951,3.7501556371021367,3.2811750657005416,2.711165848804189,24.334152332473355,25.070972018968202,Feynman91,None,24.532906754817912
1.6062420029466318,3.9410752716733657,1.351869673133526,1.5877068159690375,7.161829239679857,3.2803315349172997,Feynman91,None,7.007303371341425
3.605616284331761,4.316699874729061,2.783692129632682,3.6641787189979147,22.74942310986433,23.3788357753956,Feynman91,None,22.92880789653986
4.704055886432712,3.1223433849632305,2.4618925772485425,4.3311433560847945,27.6575869114846,30.750176808238404,Feynman91,None,27.738014382999662
3.692346123381363,3.9017247628408245,4.9506997541209214,2.142955895425205,24.582581274121758,24.59614132023288,Feynman91,None,24.46222615750283
3.526745291602355,3.864758718336087,1.6104399022457545,2.524670052164885,17.242803975089203,17.61413696352678,Feynman91,None,17.151381649194686
3.422151756322939,4.997696987901937,1.5370581730814403,4.333155929614785,23.23934938930151,25.39410699504218,Feynman91,None,23.365926287812247
1.76026816108859,3.372606123602156,1.9561562033285607,1.6683004188504373,7.464916328867284,7.605083517696419,Feynman91,None,7.492959156663789
3.469156827559277,2.048129408232175,3.9877551588416145,2.7015039035917456,18.157696951841793,16.9592613950797,Feynman91,None,18.049506122601237
3.512900117349144,2.901017132638954,2.774186542662251,2.7656383776436875,17.12363766239258,15.244439329429664,Feynman91,None,17.30352739593436
2.8757973473407175,4.7329820139666365,2.519184904473907,4.406084665552905,19.95749352330582,20.073206230965916,Feynman91,None,20.307034771807643
3.4238825169490736,2.939909091112477,1.0880914040532645,3.798647380724622,16.86300559315975,21.043225297857415,Feynman91,None,16.384352628575797
2.390029591461006,4.2669719742947105,4.9107639083075725,2.901387318367883,17.02477993165563,16.459765446152872,Feynman91,None,17.314946098300737
2.7614570042686073,3.231640825082582,1.5888121361911836,2.420518599194743,11.981903299555794,12.275771464428631,Feynman91,None,11.939247039110187
3.3676918708930947,3.977208926838619,2.998510326062969,1.0509296877556085,17.14340680700987,22.884275394846714,Feynman91,None,17.19785821294819
2.7048925246309357,1.1061308724542327,1.2206695954641718,1.1381381068633174,5.415812329703386,4.119512570299212,Feynman91,None,5.858738446797065
2.746274715735707,4.117061149740005,1.042811228667356,4.054086183207017,16.124459729961213,16.989956616917894,Feynman91,None,15.832090228293088
4.641903652773561,4.203336011469431,3.3100780622559953,3.7872411600240277,30.42761506744223,30.381503358652683,Feynman91,None,30.765749664883582
1.294113426246287,4.576120971483775,2.44435921077895,1.900102531520143,7.150039889531988,5.905187137642201,Feynman91,None,7.37584036559803
2.264730874894005,2.900084803979391,1.2638249819342873,4.651355578012188,12.73955991594056,11.363449055613838,Feynman91,None,12.628698291655954
4.815743656996293,2.3447750494335526,1.8963885291969067,3.4277867472693804,21.98637851680906,26.938196093293566,Feynman91,None,22.305247966010977
2.074801434485121,3.3434713928524133,4.010408532808935,4.1017638637982206,13.776219740999501,15.806951476015586,Feynman91,None,13.975284698839838
3.171471127781998,4.1454404908108184,1.008328595523893,4.5443447821216,19.76833514159778,21.44072714453372,Feynman91,None,19.522989391411745
4.36324504876269,4.416881101125094,2.2513440229779924,4.209300403241812,28.376393092729106,26.39763419636015,Feynman91,None,28.648114976571264
1.5334171123622178,4.293699209753483,4.688740403092768,2.504909377596639,10.478380115201904,9.937882385840918,Feynman91,None,10.751571000277384
3.0918023839909226,2.6328437748125264,2.8154724807936433,2.880093516143958,14.87722179348315,17.991024438981384,Feynman91,None,15.015994033103999
2.5276702306700947,4.437689602128981,3.350387965971701,3.198529673501666,16.21432592566202,16.250154710755606,Feynman91,None,16.505131794141803
3.6381944421221064,4.039817746096254,4.339491266244533,3.7567287011689845,25.535958446237924,24.012003266123983,Feynman91,None,25.67038012518585
4.2186902313669234,4.959309670482327,4.056469657759985,3.5811463771475394,30.964814966956908,33.061895333588865,Feynman91,None,31.422693981275906
3.5528683406628825,3.8783946607396604,3.7413545709469362,4.376944922013477,24.665537634408473,27.73127007299594,Feynman91,None,24.855761018764955
2.0626774632206475,4.742551259689277,1.859268258290209,1.234501868167385,10.811394750956692,13.823299946652035,Feynman91,None,10.856232318673008
1.4690345024097788,2.427350999720839,1.546925842431651,4.633798140781069,8.013592992622986,4.918262650020737,Feynman91,None,7.955011437800207
3.0009650187795724,4.426236058998921,1.6432794774302737,2.5001922043430986,16.032820728131767,17.464161153188087,Feynman91,None,15.901906929880697
3.339619984803565,3.7606963138209824,4.811206412709503,4.327490054939451,24.995379939028787,28.182096939772876,Feynman91,None,25.13964157721987
3.315014532021108,4.964901334277292,3.567093627848865,3.8721116385370444,23.989267231590183,20.893373033082963,Feynman91,None,24.4103163318872
1.2189996391358289,1.5700051001349267,4.043384919795397,3.981055367001562,7.1768627781310395,9.55495882474642,Feynman91,None,6.939935107266568
1.6772924624242416,3.9489860115781545,1.1343081377043807,4.061281080229845,9.689924764614295,8.96972204494937,Feynman91,None,9.628607936719948
2.4539083594568973,2.147111264882009,4.819341506235327,3.5466632931752207,15.600173050284539,16.35727131363053,Feynman91,None,15.659404974966296
3.9975956707374314,4.991184164090976,1.387367983977497,4.054153748309898,26.297031441946558,24.76612526050614,Feynman91,None,26.3192110713168
4.545058774499083,2.206502713351462,4.626024368023639,2.928638043443671,26.82958491480529,27.45161814383128,Feynman91,None,26.253758893235016
4.569234965723478,3.0032437420590297,4.2562395550540515,3.7643506578571664,29.366137201733544,26.117755477526675,Feynman91,None,29.15851895917801
2.8318733751641445,2.141770662157656,4.749400489251547,3.0791354382284295,17.1381134088662,20.887336348458938,Feynman91,None,17.091935811768806
1.6039215702675818,1.7709350101163799,1.6851057893553323,1.3247317661952218,4.459567307685203,-1.998010435988716,Feynman91,None,4.119803908626193
4.2831009636008055,1.3014014429290706,2.59189506188764,1.0113707228055135,13.155770662089786,16.26976831541892,Feynman91,None,13.88365740176717
2.401371190603692,2.748385881480894,1.2080838152168227,4.731238574721829,13.455761549760526,12.759955308010088,Feynman91,None,13.30010798151209
4.780228614917379,4.588011976879937,3.6534550158621752,1.994626341158542,29.612781939168578,30.43875891091432,Feynman91,None,29.86880693734593
3.523636259402447,3.1037509678745123,3.6314505417882543,2.588035625962336,19.144286287688125,18.466753372312535,Feynman91,None,19.25223668913751
2.873634992910217,3.820578884768608,2.980155347858826,2.182973663073202,15.271828453268444,20.902572375062256,Feynman91,None,15.505363907338944
4.498150951780344,3.2381623904109675,1.7723970166153902,4.718474407196881,26.948049411658406,28.08014278816244,Feynman91,None,26.867454426467237
1.0944454185634553,3.24445225718394,1.7542580172365363,2.5596784396415506,4.913541363322643,6.034320702175456,Feynman91,None,4.6087300280685675
2.67542949397844,2.8364012458202854,4.655049178916499,3.643566037604849,17.54197090823212,18.483580677980616,Feynman91,None,17.643797680429746
3.0863699173217785,4.513328774931103,3.788233604951177,3.609331013180267,21.326820782592073,22.115776652678548,Feynman91,None,21.622554571577304
4.6536838783869365,3.30223250219424,3.184433124043342,4.928444034529081,31.333815273824097,30.86335345684905,Feynman91,None,31.478871417691025
1.7508800636836575,2.98515095698736,2.078162001881931,1.9678905121562469,7.240789135438232,7.559320693425431,Feynman91,None,7.239480674952601
2.0882201524093453,3.7098533471139126,4.8073810396689325,3.441551113676429,14.575447329485451,17.85365842190211,Feynman91,None,14.794263703825662
3.6379568206922386,1.2146370969933526,4.425238783076404,3.779080395578309,21.626583976676784,18.956373272206687,Feynman91,None,21.168262714384525
3.51984426861285,1.4196497776040098,4.4711576154815305,1.4248967052683703,17.25692688780822,20.460969948378796,Feynman91,None,16.604983181310185
1.2064305411274971,4.220704815316795,4.610913414405726,4.437225972776818,9.248204593504365,8.071108674735683,Feynman91,None,9.225184546236598
1.8772814315060553,4.581414935131331,3.4943385000495226,3.5819398611753983,12.736501272901487,11.737453340091502,Feynman91,None,13.02932569549353
1.6898223965242263,1.666245411218541,1.8380634474377913,1.0936771072735825,4.581563400749503,2.58080700181618,Feynman91,None,4.308924561655366
3.4407756871462567,2.6171966918821066,4.715745052506724,2.7100120383289856,20.768191184449343,21.860915354430507,Feynman91,None,20.603840834846096
1.8423840530122848,1.7100199109202658,4.614283509128869,3.4191183984320896,11.039886093285984,12.29304849191571,Feynman91,None,11.024157393631349
1.0181411558218785,4.925816879883458,4.129347424982964,2.5280564343340046,7.032271660542165,9.332456903059365,Feynman91,None,7.2024108752511316
3.8822293047398273,1.7451385129958514,2.0068188213161804,4.028715874923394,18.74090930553514,17.6197714251468,Feynman91,None,18.456828193745622
1.3096901453069738,1.061370926120167,4.395001334727516,3.8903277302098154,7.811859266470605,2.1603779827682636,Feynman91,None,7.562530214934366
1.5412613631502001,2.5172125630542,1.0616737150810498,1.5906316086772283,4.872341131747401,5.031550652953659,Feynman91,None,4.4090484534368235
1.4033786416670808,2.3032079237276455,2.3598495062193634,2.1491335798543534,5.523758157994059,3.6849892607554455,Feynman91,None,5.273762287047974
4.711880687655498,3.5682013057666517,4.973871250725576,3.9869178074833296,34.42156050468858,32.16046446487988,Feynman91,None,34.219981127434956
2.1408948640793306,2.9548657515548573,3.126986365101152,3.676374450351596,12.115460879137226,11.607013758295325,Feynman91,None,12.21910238885963
1.431541343947642,4.670248760937191,3.593217723716028,1.009470421879005,8.558350844159735,10.421099478765367,Feynman91,None,9.005745305422128
3.4681334202070757,3.8868669483865386,3.436649564206855,2.509095247568099,19.98735986365384,20.76848460620813,Feynman91,None,20.169875207162697
2.9857992393628856,3.010864332538576,4.5785302213872505,4.524411419964486,21.21778388108294,18.835100513745328,Feynman91,None,21.360253788767896
1.8279746303984057,3.7627693710977486,3.394477359782036,4.065570602321213,11.876177463997381,12.631971079725515,Feynman91,None,12.07993897450691
3.470832842364739,4.960015673480729,3.233704699542069,3.3936426708297156,23.687108620643794,24.512338367938423,Feynman91,None,24.0396314306706
2.12150942803358,1.4672073832669668,2.095516175747304,4.837405004586935,11.609207562973708,12.198165471868984,Feynman91,None,11.546513543614278
1.1816960720179055,1.0976361700685815,3.8457344986559896,2.519683321505468,5.585721591948378,7.18576510797642,Feynman91,None,4.940924121207209
2.1475399142713685,2.1280962094216345,4.178135530031007,3.2283394506366885,12.225480094086757,11.705324140664167,Feynman91,None,12.268099345020804
4.279839598441004,2.09203504665574,2.160536505330499,2.653990064245579,17.166474449181706,15.978366765822877,Feynman91,None,17.66131780779669
4.4394773743500515,1.5546050642751235,2.1871687574922762,4.544595160069045,23.43011700324472,28.525082752721282,Feynman91,None,23.032663886392065
2.8900188311456687,2.180417122142985,4.850145342955693,3.906093827113081,19.068802769090325,17.72990478749516,Feynman91,None,19.064901474493848
3.63700499592739,4.9127539054595175,3.6025438331519144,1.7983622254706462,23.102162890513437,21.60297727614248,Feynman91,None,23.298669724372132
1.3385343802203709,4.1651231792704175,1.479218128099558,2.9985545710594375,7.1492857843408375,8.813192698466223,Feynman91,None,7.054684024016384
3.0898661924576647,2.2369169093675225,1.2700609485285979,2.240795371620485,10.540935283863577,8.994840326420826,Feynman91,None,10.64696879335423
1.5511583668326256,3.0783279301341837,3.7954485505237754,2.1005477796195553,8.250913547882554,4.508908648958226,Feynman91,None,8.39878278887922
2.8600790064437884,3.999364737780093,2.207380159835181,3.417760068534677,16.317127817141326,16.021170238746556,Feynman91,None,16.36740004888861
2.850676303739483,4.954258201778515,2.570816140229469,4.549110127532382,20.526487261944997,20.70258111011119,Feynman91,None,20.986828291062587
3.671510203583442,3.2109029845533477,2.644661037071759,3.4538964374581953,19.85113642264953,21.338342379180652,Feynman91,None,19.91514528641524
3.7203262680573883,3.7106349321573155,4.116046148281352,1.1994896672520188,21.09442150605971,21.01486753321028,Feynman91,None,20.927875559771383
4.436332031847285,4.189597290434962,2.9496873358181697,1.1189523063132798,23.26662030831295,19.906092575811186,Feynman91,None,23.293068435198474
1.9064248833391586,1.51296559845802,2.753760191925786,4.3929487324259675,10.296505078329202,9.17347972645389,Feynman91,None,10.195747405543097
3.6063344778616298,1.0692986547018943,3.5791771362558498,2.522554666172279,16.255406396526475,19.84892034706005,Feynman91,None,15.975724289139789
3.983078129077358,2.502859826508051,2.962185264673056,4.584577716458349,23.917447805583997,25.327119053365255,Feynman91,None,23.80726634820623
4.150271111552273,3.075424491633849,3.1812020681215007,2.2034492919373703,20.514883379960242,19.825876247101842,Feynman91,None,20.75066718867666
2.4282082890915038,1.4099388540888556,4.078343845111769,3.641884844320419,13.711131622292154,10.183042481719733,Feynman91,None,13.623687524019525
1.3756363239537093,4.249181755634643,4.961925878252884,2.1814424887034525,9.474424453654176,8.113754048323422,Feynman91,None,9.738781361548416
1.5851818337197048,4.49491386947156,3.0012677704737776,2.604645677486951,9.51056761758649,12.650518718544324,Feynman91,None,9.77574025246955
4.522413665207624,4.871781586798698,1.1108720436425923,2.4276454707630273,25.123526214273973,21.906092335344958,Feynman91,None,24.870512843856606
2.6795850518650273,4.511234357439129,2.075815056308725,2.9751637841835126,15.511960977144874,19.80654993657519,Feynman91,None,15.578701390800122
3.0248338237118753,3.180134638875878,4.272962863120625,2.960675151563508,18.43339423059758,20.52793015349205,Feynman91,None,18.531206423212637
3.007430506866356,4.027046240529559,1.0770277341620167,4.979829838508179,19.53112419466788,24.489819357610386,Feynman91,None,19.52410507145713
1.4378750614909652,4.366615056357441,3.31308852580428,1.55423930605272,8.192045357601913,6.561727990173237,Feynman91,None,8.543386187959184
3.7285301385961236,3.6018716787136063,2.299355780519694,1.1846510984608716,16.533798864659527,14.965822057032426,Feynman91,None,16.683944902417217
3.0342032493758424,2.405997779264594,4.219005836556371,1.5776070527140238,15.494556196897541,18.922098228064982,Feynman91,None,15.436838396658711
3.4584037696667673,1.5567574114005143,4.1411270636811555,1.2766751154601952,15.924560434564754,13.052781262327231,Feynman91,None,15.471483508138986
3.967434816828671,1.7375612692712443,1.9848393621682958,4.970682405277803,22.325905314407887,23.26163751501777,Feynman91,None,21.95310496690484
4.891656751028387,3.799078319284894,2.3337636533310135,1.306043466569779,22.726575357328606,21.981080321247035,Feynman91,None,23.196504196021507
4.09996302408309,1.5314643524919975,4.325080596256725,1.3042720832804555,19.556793925604765,16.193509245161245,Feynman91,None,18.778489235942093
1.8924331080232757,2.5395986859719915,3.589259183937221,2.9074572356480806,9.975411549363423,9.867408805736046,Feynman91,None,10.04318391286354
4.069726074708215,4.521755201807103,3.7545629891405023,2.126286803806758,25.436311789498856,21.41145119312243,Feynman91,None,25.595758722905412
1.1964280944341303,1.5273572703798384,4.1280181560726525,2.7022646721662205,6.179361562685918,3.7282060069239935,Feynman91,None,5.774320420197023
4.088902219610878,1.3386529697083622,1.9179780794333747,3.83802174683719,18.37780408866513,14.501215359337625,Feynman91,None,18.062325999554336
4.898269969662673,1.4680070059200232,3.1284574184920273,4.190467259740931,26.605455649936406,26.48074290723438,Feynman91,None,26.23946986803004
4.781433980138364,4.992614003536717,1.0502232121976758,4.416756931887603,32.26561291127774,38.32164753545866,Feynman91,None,32.5575050871301
3.953111396388215,2.9837166296136948,1.6574346200987167,3.182436141737418,18.44775850483675,22.130401474995498,Feynman91,None,18.441689752053513
3.3773825122700467,3.73859066654187,4.003180443449299,1.6488576694197845,19.319468001652485,19.0046745937633,Feynman91,None,19.38614861374169
4.009513926105743,3.0304751314293474,2.9435836734580016,3.2582432190780417,21.391654216466193,18.93093287435505,Feynman91,None,21.49801883976804
1.0130448308221642,1.199078416244837,3.051201676918164,4.2221270810185025,5.4151939566592,3.49977047155092,Feynman91,None,4.914483138019566
2.7507893000840897,2.9436921544621923,4.9335144444070895,3.781113718232411,18.918893976900897,17.142320950669,Feynman91,None,19.01957525354429
4.518689044366531,2.8950826143654287,3.0204246898648903,2.4337193094832714,21.871322437760497,20.746697889466837,Feynman91,None,22.21882910780874
3.8408417988146204,2.668315476319204,2.3885245034279685,4.304351039252787,21.50610579630835,19.72408224535464,Feynman91,None,21.39152833270342
3.603544383634172,2.020835391251335,4.751959433439499,1.8731525876526,19.794448311995755,20.867481670507352,Feynman91,None,19.320310422073618
1.9946281811290865,2.001952128601682,4.147441097493117,3.5941703981623707,11.652306589033065,8.071855364039598,Feynman91,None,11.675056210146145
4.131389065071538,1.8699174984660227,2.4893780117197157,4.233330756510295,21.710315347100735,21.68987012254098,Feynman91,None,21.470225487639194
3.9626928682935674,2.8889386412031697,4.699252054439713,2.718935662291596,24.370254264390706,24.00552223798382,Feynman91,None,24.08876541242458
3.8101265930310526,4.001900340116924,1.505660706679897,2.1276446340220705,18.19673228805677,18.109699599064342,Feynman91,None,18.092889829347552
3.1173860978167585,3.775202658780901,1.2959681545551116,3.6370445290065643,16.833821852536904,17.620104471100824,Feynman91,None,16.51808152451013
4.544858928280048,2.633685816539524,4.937590924259155,4.364050563092933,32.25282520161728,27.569943712652925,Feynman91,None,31.815651164938604
4.053841149297118,2.2324089720968154,3.304738339960485,4.536171631444567,24.48526711601319,25.233343930634756,Feynman91,None,24.30412340056322
1.9788356188608152,3.3840312741114142,2.2065372766519675,1.3897047789551689,8.453995646583246,12.010126923442051,Feynman91,None,8.587199413679027
4.053263350319157,2.0374437109547485,3.555522457305114,2.5258222957860603,19.51160949335722,24.865559116276998,Feynman91,None,19.503027376536537
2.197990163125894,1.1175400989571345,1.9076296393085999,2.2961420386397307,7.006113892355973,8.355101109632605,Feynman91,None,6.727748588657056
4.913720794109535,4.473622278910151,2.517392910485861,3.179704923883598,29.6705283570253,27.504221504866713,Feynman91,None,30.20667941887385
2.4517466521631883,2.0904646712779216,1.5756993152234933,2.084621637943498,8.204570892643671,9.775820466544975,Feynman91,None,8.244697458370869
2.7411491484339194,1.185861219870124,3.052112717832714,3.562188700262528,13.262983576480739,14.334996924522176,Feynman91,None,13.040347265168686
1.0931579155854814,2.335907622968484,3.619243056627515,3.655129984488906,6.175651456590559,4.333223939223345,Feynman91,None,5.91568630725676
1.4655961070712142,4.0753674540035565,1.6356609869436207,2.636435889626069,7.506771378475091,5.3511351676180166,Feynman91,None,7.440695651386168
4.902946735618398,2.449798060696632,3.0427825899589003,2.7430597428163397,23.403246073984572,22.17395645633424,Feynman91,None,23.80533601776274
3.124571148380069,2.4877003597810363,3.566580840246868,4.239976308638894,18.976863918965506,22.561639279507332,Feynman91,None,18.991142972674005
2.463818036094548,4.654525000006157,1.8274731717753219,2.9823356721525043,14.344962903534963,16.64960512051707,Feynman91,None,14.36577679301654
2.258673797320894,1.9125051405420304,3.2437466845099356,4.848610773549555,13.866232787618864,16.810018076142725,Feynman91,None,14.044107485717642
4.667314867904974,4.838898574951768,3.8723361565036636,4.050558720331368,34.55608589988783,38.11377486382428,Feynman91,None,35.170948789313634
4.035809100843936,3.0383987571844284,4.136360408279711,3.486779171197414,25.041203059448556,28.365381526017657,Feynman91,None,24.929232366164914
1.7132389974782036,2.8207243572243437,4.811809442057045,2.771341664711091,10.670375234398644,11.918265226146396,Feynman91,None,10.804592765002146
2.2149675635674613,1.9563317557985744,3.111992616478029,3.0238640123897773,10.542753633123088,10.803854964901523,Feynman91,None,10.520007775451784
3.051418040264688,1.124772944197555,2.5671267749009496,3.6117444472042455,13.950004699047165,11.443285470696324,Feynman91,None,13.664521335172376
1.0226440398069676,4.340999580414267,1.7578303203866135,1.7518047704202964,5.113533603862792,5.892999519334829,Feynman91,None,5.114535748689919
2.584129565050568,4.369590230415813,4.54230139025554,2.017885929822504,17.10172266898428,16.49087202977246,Feynman91,None,17.409974285262933
2.2565843556775844,1.2635613510723736,3.5585610385686284,4.654723063276107,13.525656927371363,13.026420334359036,Feynman91,None,13.584427542824777
3.8267923370230537,3.7989807640164743,2.0389617765913584,2.11206271300734,18.372759949534995,16.48095341936243,Feynman91,None,18.51166997386395
2.3015316712228535,4.84307417503421,4.300904503568299,1.490624605551902,15.296982474512731,16.61222071298839,Feynman91,None,15.703648089711352
1.797264537894259,4.284351392917168,3.495780153548034,2.038198587241178,10.591729795806167,11.402217382771138,Feynman91,None,10.940135860617161
1.8877406539694261,2.4834226666939068,1.0820602342030772,2.629335071622751,7.1264760993823435,8.112701359413819,Feynman91,None,6.691541743836457
3.2757128826898683,2.3195427503026673,1.1931017706643128,1.6059898272687398,10.034045798000271,10.15576014520836,Feynman91,None,10.394596834769828
2.7248642008705706,1.9895999078731328,3.019785604653286,3.187995525202397,13.136255872584675,13.775029027757203,Feynman91,None,13.144220357860267
2.4606403723783354,2.5317065818038524,4.3747504118304885,4.337811773420512,16.389525610613,16.88268983834625,Feynman91,None,16.54908004977911
3.3080907329499833,2.5403530907446625,3.514258731749583,4.684161595405831,21.11608449894785,18.12949986548594,Feynman91,None,21.15363676707059
1.7563913669623559,3.301438071752422,3.8084656485111856,3.1581360523616095,10.446871638793498,10.472301782986138,Feynman91,None,10.595963165746536
1.0511243480305215,3.1218067402779934,1.199143907453208,1.1695327627453773,3.7239231143541063,6.286380778770222,Feynman91,None,3.2314743354850304
1.4469963600873204,3.126974728260624,2.048736112404845,2.6904768079369594,6.66466418252212,8.241505232968288,Feynman91,None,6.528971319255433
1.6795233439668724,2.8275246420852356,3.5839021716683104,1.1727619178907474,7.915994752054807,6.4489334018500335,Feynman91,None,8.053656841296657
1.3449313440047508,2.4976992589683045,4.8951238871299605,4.431424505214114,9.494706887587144,13.274291680761976,Feynman91,None,9.544976933083936
4.032721614312426,3.006222327424991,4.137615170278126,3.742050546976927,25.55618582522652,24.06807207817915,Feynman91,None,25.434600292992805
1.83700025584313,1.7257190430406468,3.857276034835254,4.899095520172973,11.884954620111683,11.846573202859567,Feynman91,None,12.124444546418898
1.579003016172165,1.9144600162985124,1.057136841547314,4.208041942049981,7.488256359446046,7.796156299141133,Feynman91,None,6.992649803446608
3.400225530535002,1.5802317655101525,3.0265432908537213,4.610165225892722,19.506368153932222,17.205969091663498,Feynman91,None,19.32212419388922
1.3652107218271072,2.990640802494361,2.6608736513121993,3.86523071648974,7.596779983912201,4.017402898429937,Feynman91,None,7.536731146400346
4.333547205159293,4.1049791734831675,1.3555859610097696,3.4965620590670694,24.09483950330016,27.16434683934076,Feynman91,None,23.944893777751417
3.5130168325355076,4.494464054059549,2.257050412734445,3.1057596016956253,20.76553325006669,18.661183773773814,Feynman91,None,20.85064719628829
3.8516049811806075,1.8293723994959277,3.488833844481727,4.7015357984736035,23.624818088132113,25.117018233987867,Feynman91,None,23.40585246638783
3.509102427104536,3.427467986118513,3.4829914912544466,2.433481752587798,19.15616410421378,20.22111318461858,Feynman91,None,19.312658008300815
1.9377770671451926,4.044534406898467,1.6073843633743072,2.03720560549583,9.31185049006876,10.101788257324968,Feynman91,None,9.260701380959794
4.221053725513931,1.6918334084681308,4.087635155075184,4.474290660501573,26.559230410503474,25.378600043201967,Feynman91,None,26.128703347919224
4.705793208818324,4.7138590248334955,3.0275729014000996,4.38776501622095,33.486983403534865,32.56693203481924,Feynman91,None,34.148101237542235
2.5647407423142297,3.789681493217772,4.738679704660892,1.598345617303654,16.09290103062464,17.8708564349797,Feynman91,None,16.296123820761586
2.8188921694698825,1.8148823600418007,2.6831314691847243,1.2074774726310542,9.744969473149128,11.41854625344924,Feynman91,None,9.997279958081423
4.231936202926998,4.8601577169452135,2.7296087490165872,2.347726235183818,25.596643342027246,26.826239687060212,Feynman91,None,25.865275015958694
4.931743898267161,3.92032665361634,1.1103906249426165,2.2167456919005524,22.87600444656819,19.057119234629383,Feynman91,None,23.113661313382277
4.587154654113752,4.353817319037949,1.3886400701451516,3.2810406959919955,25.80627151336872,22.841475464196005,Feynman91,None,25.804400582956923
2.205862814032253,3.7552293715015517,1.8490598057249725,4.038908797685726,12.83075788643805,10.786661299145482,Feynman91,None,12.858724104185903
2.0515721384326384,2.9489420834881406,2.4476692489233267,4.833080958873163,12.654394923046988,15.097261128470386,Feynman91,None,12.886533999255294
4.679755597323565,4.843985053711352,3.153378590390872,2.6823359894062806,29.819597322991857,33.68636344211843,Feynman91,None,30.294831657450395
2.8189936811250123,1.770081766077372,1.5045654635165566,3.648824341978137,12.193842459569645,12.525056386546414,Feynman91,None,11.823155873257383
3.058223302288126,4.825785243807713,2.4065708648755706,2.3152978980029175,17.947469715217895,17.253889591614676,Feynman91,None,18.086185312794942
1.875244432815665,1.8509556984143432,1.8060546422483243,2.331153003414596,6.529014251790263,7.405612357919772,Feynman91,None,6.282427719765477
1.6256584214116208,4.224064954490172,4.419727759450716,1.2398963233224358,10.141041883260648,11.16406826559992,Feynman91,None,10.539279239699049
3.583087521680425,4.323672289436751,1.4351868537100354,4.12851608480714,22.029009872299184,23.186936247546402,Feynman91,None,21.868049965301346
1.6045853112304993,3.1474256927185897,4.4189588111646465,4.3710066282986055,11.179156850449834,9.84295623240798,Feynman91,None,11.316944116121785
4.380025155686315,4.519442625454419,4.472610805572564,2.636668391239975,30.149603144328356,33.581921352644144,Feynman91,None,30.259580362105435
1.8217144168118762,4.210452180368559,1.6456533723042028,1.3276470476005797,8.583103560948942,10.864119816419786,Feynman91,None,8.562790084804005
1.0247727318671123,1.8906086362444685,2.401447809928723,4.195533144329739,5.319335642712391,2.2215781612335426,Feynman91,None,4.924267394753375
4.3341046755431805,3.6135770726553385,4.128205620399379,4.255367625092376,30.092601865893673,30.86500698323859,Feynman91,None,30.12515518806866
1.0183658459563705,2.8360247214836707,3.309236317935687,4.092334594379617,6.088199829979229,5.908874061283633,Feynman91,None,5.91737939477338
2.2704276302488413,3.6245723148713367,1.8886329482507165,3.6993752787872034,12.516181257797339,10.84088366477413,Feynman91,None,12.494366160590783
2.868604954885967,2.2433489348855584,3.5810129622201243,1.4623503004752614,12.827103197681488,12.614510914922413,Feynman91,None,12.922239526744402
4.622417403519663,4.0039349691013575,2.799528713507725,3.180957953457191,26.948078886568663,30.763365590803723,Feynman91,None,27.27382061817273
3.4555612145981898,2.7236758823074987,3.2365306973981482,3.2536906787218993,18.441189093644816,15.972500784590997,Feynman91,None,18.501490211509616
1.3021086398310255,3.084153667280871,2.1252168119187793,4.059984792245928,7.192547679836934,1.0782303295054216,Feynman91,None,7.115599748527203
2.4965993644232416,4.497611616497451,1.5640737057794416,1.5053383028899763,12.468228244308794,14.557404121912032,Feynman91,None,12.318645774048905
4.845736593990214,2.5540576881110337,4.6590270796134465,3.7806261702749224,31.59883923683334,28.660325011621378,Feynman91,None,31.091542076539874
3.0647602084359344,3.777759609052951,4.9631223994426,4.9160607611887635,24.339619578879542,29.275987119818833,Feynman91,None,24.64245241165415
1.1721327087502895,4.348015249953654,4.608403212433087,2.5441616842617267,8.002789221052238,7.225830790318043,Feynman91,None,8.155615955211776
2.4607808066675867,3.4598517004733114,1.5107606530078184,4.91737887479863,15.255568196347612,20.223469054210668,Feynman91,None,15.379154807548927
2.0362169493633657,2.520944806116464,4.14048272518391,2.0662917318311096,10.729978755988348,12.210675343029298,Feynman91,None,10.859423697795547
3.7463755157734386,3.1441476501757846,4.3699995239401375,3.4895141108868235,24.035055706697616,25.384456468853376,Feynman91,None,23.953898664969312
4.951269629202669,4.180760148672661,4.944532345939199,2.9977754152875904,35.32924761604703,34.624276218510175,Feynman91,None,35.25822561966473
3.635866399218231,1.396054038550552,2.9827880197414585,4.272655241061129,19.613999349051625,16.26851762890887,Feynman91,None,19.31274016008289
4.281999832850948,2.5719719714386042,4.667297921856408,4.720068821515127,30.48283453149414,27.566323865275667,Feynman91,None,30.218672290055313
3.4413939432356973,3.9902670367200472,2.3406905805823595,1.4728739982237817,16.707753607449007,18.40426772834888,Feynman91,None,16.801393318465188
2.9291600876173947,1.1573643523035964,3.1731574696034435,4.652496456339499,16.840541977174748,18.341336081000577,Feynman91,None,16.707452654159972
3.2491393537969073,4.3073192522325865,2.122446286366258,4.570273406604045,21.538921051277626,18.272657634042844,Feynman91,None,21.722776353181768
1.5286260460184233,2.3750669819600474,3.773010907175363,2.4692649700857134,7.790569416250382,8.659639705657256,Feynman91,None,7.7567067364859215
4.103574406405457,2.888963430981207,4.061319066253628,3.493729410820772,24.97677145103063,26.577605168991475,Feynman91,None,24.84254782970862
4.757106559827262,2.7277310949510865,2.8299330636540656,1.0881290526971945,19.401217964029094,18.870767298584894,Feynman91,None,19.93941914716112
3.1342795120578306,1.043275137916555,4.215945302841703,4.875944168573226,20.46601707161588,19.059384111949832,Feynman91,None,20.43328392754544
4.777213999843707,4.4976150238054675,2.135492089330522,3.662687757895799,29.52772322011033,29.662311038682972,Feynman91,None,29.93394826871033
1.8714306479868124,1.3536695965533223,3.8696903215560683,4.081014702272583,10.825479085375664,10.181365727660923,Feynman91,None,10.761914878464205
3.2860756483083056,3.6212986320555527,2.5102970339498016,4.1831380080709355,19.965184960248944,18.443237384627217,Feynman91,None,20.027726738818163
1.7448246877813967,4.827007279661816,2.878108519035946,4.516924998501709,12.58043034063621,8.540964985391732,Feynman91,None,12.99616648561586
3.9064691333628496,1.7830227950090385,1.6802246222349813,4.795004334860088,21.034945809863608,23.72417059275519,Feynman91,None,20.573374183797544
1.0873194833778728,2.509509644616395,1.116314480694744,4.163162008325994,5.423066783879758,1.9255346850182167,Feynman91,None,5.035469385754986
2.593657068676552,4.735624213734952,3.6490662282929938,3.07608550684278,17.438196928616502,19.69012601259274,Feynman91,None,17.787170789604414
1.372365627343552,1.3572906919136454,4.910754517986556,1.8554027274174034,7.441242726808357,6.370434594065146,Feynman91,None,7.1280660527118815
3.4187713731517215,3.849441559266748,4.697690992511271,3.6575173299085972,24.238084599554146,23.646875778650195,Feynman91,None,24.32916777781103
1.0106661235507541,2.7232366207008076,4.148397928431187,2.326120972480475,5.538972434045963,5.07480398133304,Feynman91,None,5.37691448462989
4.63262618690086,1.8688628779341214,3.8951691324683324,3.63038436974707,26.142415560554603,22.763950908834158,Feynman91,None,25.749893039311026
1.8423547551941648,4.344211611149545,1.9438030027232198,4.072191693816719,11.539862201093543,10.227865571163342,Feynman91,None,11.714067158405284
1.768615988705362,2.4145624724961623,3.1602229811662492,2.4079322087891155,8.222687135725215,7.497517542387179,Feynman91,None,8.240581739555514
1.8234299108014143,1.454505854969672,2.3001496524924336,2.7159079503241945,7.01071019844921,6.255127723644497,Feynman91,None,6.660996180678692
2.3641295181219064,2.048014269789245,3.7997775693538007,1.6373032667476592,10.914352597219123,7.189497113867945,Feynman91,None,10.955697170684394
4.49540366190214,1.863550885164714,1.1497210957333999,3.778241315288459,19.63096400704186,18.176021599585756,Feynman91,None,19.333133942973465
1.2376216746974813,2.8701518152663414,4.300655361964973,1.2852841779639759,6.593790370581109,5.362842002978861,Feynman91,None,6.6617592672869055
3.05549979467575,4.127928259027277,2.0217146772369445,3.8762560578090777,18.37178371622698,13.058071002408758,Feynman91,None,18.387187162644327
1.7854794490739678,1.0765140866012772,1.832330617380698,2.40099336083993,5.724985313665924,9.849196642493219,Feynman91,None,5.143042763769702
1.9103543916902468,1.5426290391698956,1.8038488834226447,1.5876016268734316,5.455075109500843,5.289455742839694,Feynman91,None,5.275331321876139
3.7172716158664136,2.4370186870153776,4.2087058889349365,2.832904614139966,20.921871292722305,22.11074612242274,Feynman91,None,20.76883240566536
4.16466014965912,1.3166059430341561,1.4077766171403927,4.302137908529602,19.63303873830336,19.75948742577723,Feynman91,None,18.988038402008712
2.0949147438193987,1.0300639904304498,3.3281674537314814,3.5058422778111167,10.354191197066275,10.538057767322078,Feynman91,None,10.070260085725167
2.691186780696464,4.48004196592807,2.5666630133921386,2.4445771334125705,15.373836988752123,16.363849868905476,Feynman91,None,15.568524160013151
4.371554130459336,3.98418147692589,4.387548318988448,3.850399486315778,30.896052293219938,30.25376409074553,Feynman91,None,30.970872519636966
2.2749953888226773,3.116199260898682,4.78716367016704,4.012334902636162,15.880456201822119,17.051650854707418,Feynman91,None,16.066205810925418
1.1986522697365962,4.961160489392059,2.6627010264341835,3.7003628236371147,8.076085914415557,10.737917725532805,Feynman91,None,8.291598665452906
1.0248718373767538,2.5621147664666624,3.109231525165116,3.5221625076301626,5.484489529192541,2.9339214229791026,Feynman91,None,5.18048757516356
2.535063712382283,3.294747211558593,3.6904730289628658,2.6542964486740463,14.232580095166334,14.50489020067421,Feynman91,None,14.449356366983857
2.1595155712450027,4.303038688270353,4.467105615210073,3.9932985741325755,15.930377375451084,17.07881865923051,Feynman91,None,16.209397345946563
4.814408955553592,2.1448101528049595,1.8522251768900957,1.4330911804275996,15.288836947252078,11.039184267444396,Feynman91,None,16.808754852488345
3.382831317684835,4.847286072359411,3.5968208225544824,4.397710266221499,25.263467575558593,24.23329233435986,Feynman91,None,25.736380304063196
4.618087886703259,1.2535439163219775,1.4270515265328259,3.453224123609532,18.200543055427755,21.624440448999664,Feynman91,None,18.183440136163092
3.451196712436525,3.3568797139174515,1.2873492502240822,4.301409028569397,19.34765290601622,21.221707662529482,Feynman91,None,19.0003355035064
1.9702315423210592,4.152296174002316,2.446377821043317,4.727887916276849,13.301507540290153,12.72056818360158,Feynman91,None,13.670870410245128
4.678691999316365,3.254319490850494,4.760299195005086,3.050144725494709,30.520864296689087,33.83539588400796,Feynman91,None,30.174593403178136
2.7717698828424173,1.9203930494594394,4.859872348598462,4.712511711090496,19.503894211771126,17.839002475852084,Feynman91,None,19.672426809440836
1.9251328959840261,4.336756608426945,1.819647309110779,4.6851490477082205,12.77992419710341,8.566062376256507,Feynman91,None,13.119679121079988
2.5639741378323224,4.823604286457046,2.9789063237566933,2.263897445999274,15.652064175891,12.68992260937427,Feynman91,None,15.959002394223303
2.1822755987473257,3.54857725505124,2.4017442357991032,3.8336550820578053,12.547171367248097,12.704290417487222,Feynman91,None,12.638781477033303
3.23785455146799,1.2557552530016989,1.356391514931353,4.329084438204035,15.24121499170606,15.702596873223147,Feynman91,None,14.583706193687702
2.490948013854338,3.420270953318492,3.686730072555687,3.9547432113331027,15.936272035229976,13.973498681936608,Feynman91,None,16.126247318774777
4.229607624746328,2.467607112863336,4.501973117831982,3.526003900217972,26.342528147744478,28.98659646979761,Feynman91,None,25.976298808647282
2.410329434496366,2.9870772122791527,4.575495580910343,4.907870616975748,17.703206650739173,18.88291792235033,Feynman91,None,18.017056080043442
4.9108470943687035,3.5095604594086094,2.759418060121706,3.192080078916409,26.951907269910976,27.062451777774964,Feynman91,None,27.36500033107982
4.6193631422815224,2.3860016306734226,4.668287012527708,1.1674327347086848,24.81110067430619,26.164338534672144,Feynman91,None,23.812995413422748
2.538470916864662,4.1877407096756185,3.5136616386010417,1.5807954881885715,14.445194288224016,12.69244843333726,Feynman91,None,14.742893066746147
1.5838719376254273,4.712630051729276,3.6755507116999366,4.203107267928507,11.572530342374247,11.99913225861841,Feynman91,None,11.84022507755423
1.947449528225882,4.833884012873106,1.2189976032497314,2.8491831431735926,11.182199295873108,7.2894704880667955,Feynman91,None,11.060821185073952
2.395847530679018,2.41027489402052,2.8592572372894396,3.6400057423741785,12.503115194658728,12.11907175165172,Feynman91,None,12.521273001179807
1.3619191317945862,3.8548934679966553,3.0264878261738617,4.679044017758235,9.228274508080132,10.03681881688701,Feynman91,None,9.465399145396171
2.138887438127223,4.721867033265331,1.2295864140935948,1.0920063043008916,10.694520349870187,9.116716522535015,Feynman91,None,10.39915460601698
1.6809073542852149,3.8524193071440416,2.7677237139755446,3.0918992235040847,9.51774658420685,6.5912013319002,Feynman91,None,9.654843275831222
4.558124470598771,2.16456861361383,4.7824204670159425,1.260885630360634,24.608273190308093,25.295726153732474,Feynman91,None,23.5165402294839
4.309342413708262,4.37352601537789,2.9954651302905226,3.8564194805660104,28.249214509151876,26.911606567799637,Feynman91,None,28.555875049970698
3.973617744123566,4.902337109049163,4.649571703568649,2.612150757034804,28.78467348318405,30.94721124088673,Feynman91,None,29.006050804201834
1.5154266563886107,1.534164006061094,3.7044279081387463,4.60084085164724,9.248347540087051,10.673651201126082,Feynman91,None,9.275541048010673
4.605573219156899,4.128447676020423,2.3083987591697723,2.508141822934172,24.657483931054777,25.94787074417123,Feynman91,None,25.004894799687257
3.3653585216011255,2.212225600345929,1.0653802935206773,4.717772916742619,17.89863282243445,19.918170079640085,Feynman91,None,17.339383004328514
3.883277480897574,2.527287690203148,4.8529478706617475,1.6520193956512674,22.1950470336275,24.30280520144802,Feynman91,None,21.62954321638103
4.232741623204268,4.169568786973597,1.3238605760590314,4.055222000564527,25.248839936296402,29.726288264489266,Feynman91,None,25.06884297386051
4.149557686346025,1.670238124495084,4.138160110005444,1.6379076064277003,19.725377946035053,14.708327762787757,Feynman91,None,19.23643002587373
2.446015922225664,4.564687079061854,1.0386285044921415,2.0731511423506985,12.523284529199346,14.858126150456695,Feynman91,None,12.127167352179624
3.313236625519068,4.76935814641454,4.237608062610818,4.573810496363112,26.00919064864018,27.69215625619425,Feynman91,None,26.488201933321356
4.968491140602335,1.757052074037373,2.2253319250566257,4.243227067783245,25.356012006181672,23.18365836662553,Feynman91,None,25.22840645731577
1.1113534160667582,4.215990121149469,4.5227846543511525,3.263030471787972,7.769745200851516,8.49714393753082,Feynman91,None,7.770134627070814
2.2306676858861647,3.861126393168148,3.4402076078818062,2.3111900596637214,12.63529510421961,13.161697355492054,Feynman91,None,12.92791933262283
4.930673011528073,3.337166820312111,2.47948023277132,3.2920520047416573,26.147499384096374,28.97987648371118,Feynman91,None,26.573373669238823
4.168063778729942,2.899921432390954,1.945863460588804,4.548624503218091,23.90227907734432,23.090758775835447,Feynman91,None,23.740317912306406
2.8929908270432567,1.2904695320396473,1.5540604385846426,3.8446344605571348,12.564252698813757,12.005702142139763,Feynman91,None,12.062002551903811
1.999494100254433,3.9476906483293592,2.0846629707101485,2.0041241392423768,9.784575959716273,9.547519849439565,Feynman91,None,9.889863972103697
2.345577105260397,3.2039749130439272,4.787882619200623,2.679619141525992,14.903117299796524,11.331088509565472,Feynman91,None,15.095741461724517
3.939145431480902,2.7312880289315578,1.4940332752958616,4.0226596059420565,20.03699672817021,17.91994482794278,Feynman91,None,19.736752325696088
1.6229656420925678,1.2859769083801962,1.9387380923733057,3.249390842588788,6.485973166774218,4.156077176638822,Feynman91,None,5.877977656947255
3.3163071422061714,2.410450256885196,1.452996752112508,1.5226878364313992,10.612207856764948,14.838380344474123,Feynman91,None,11.048795722573523
2.3519053825645084,1.1828356255852621,4.138496528685552,4.097525796272043,13.976725106083645,12.683643830918625,Feynman91,None,13.92687607165983
2.677905554042774,2.5039967998335637,4.6019177502817366,4.969591122279973,19.33746044804991,19.10200750738449,Feynman91,None,19.617204944691213
3.7374915230034444,4.131380429690161,3.071638168543698,3.8615697284692287,24.052430923970178,20.07893382986729,Feynman91,None,24.234976832912977
3.2994935610227736,1.5692063702749435,2.4237430634417927,2.998472553861545,13.734685105534336,14.749001888358412,Feynman91,None,13.748095255015455
3.342723066692461,3.158942455675063,3.6899885923922278,4.62135811774938,22.411676649335103,19.690987913688225,Feynman91,None,22.5274535495753
3.910459035387159,3.965795950250002,4.684521095278559,3.90918367513363,28.45621249014904,28.718974834723305,Feynman91,None,28.517451455850455
1.3670150920003326,1.5407153446090467,4.306171200843375,4.9937280464561535,9.256845827786163,5.514813736887893,Feynman91,None,9.466757818278394
4.317654715996133,1.1309877136323139,3.216752746330808,3.303018825663277,20.497069224395197,23.663842147452808,Feynman91,None,20.191482779451874
2.005769636072036,2.492928249311136,2.2275881176096504,1.7506538779044822,7.569390098636999,6.162107301258647,Feynman91,None,7.645643861004308
3.5671072167607787,2.0632733562872683,2.294912116845406,4.647111391662106,19.899011885601453,13.573960263885082,Feynman91,None,19.69225708756965
4.433353524176265,3.1676394097599023,3.5646194187506692,4.053204079557283,27.746175648554868,26.83439813490414,Feynman91,None,27.7316507768765
2.856052613827831,2.3561907432490456,4.40886394318114,3.7091506662147586,17.778214010389224,16.322447403264185,Feynman91,None,17.793691430708854
1.5030158172629284,1.9005354611644378,4.622913807814356,4.254049363425983,9.865132577037462,10.156213421215483,Feynman91,None,9.912566299930948
2.8567844642506466,2.29299674315078,4.533617898836188,2.5379102685695156,16.224049421626663,15.452380656520653,Feynman91,None,16.202807244695453
1.2590656523890877,1.4297056765493497,4.302896006572845,2.3785161905228116,6.446651182050865,5.7874309873647185,Feynman91,None,6.053408511406237
2.4580272516749533,3.898364151064339,2.2265588546708335,1.027744707673547,11.320560942859863,11.644306535744713,Feynman91,None,11.416793516953812
4.990683356414122,3.5723034721740285,1.1637117215416914,2.7916007732805976,23.359710037008714,21.007221184300278,Feynman91,None,23.689378575280855
3.987742741408906,1.5828818604799864,3.5192681543516167,3.7669948659692714,21.504626466303705,25.56652457925869,Feynman91,None,21.19682298071022
2.1506778887120865,1.8575631914483903,2.861248921135351,2.2010314360826726,8.731282292816184,10.30500579270575,Feynman91,None,8.739983380437502
1.7755034999364465,4.03090224627284,2.6629322076599857,3.6200780791153226,10.71856421766452,9.645225078536987,Feynman91,None,10.879768930516688
1.724011090509245,1.9847217971033757,2.3998211409932453,2.523418139724991,6.910231574493036,2.0499335964139878,Feynman91,None,6.714009602397301
2.4660990153419426,4.224572747477907,2.0600809383270717,3.5181697294589127,14.478430694341734,16.238712806754123,Feynman91,None,14.544397549556153
3.0315991377819413,2.9650817987036264,4.946281463603334,4.415847195921874,22.019745827974628,20.751647287237745,Feynman91,None,22.12487931393517
2.6033263938552844,4.490438809871085,2.8576391253473346,3.7199254192542073,16.905190037251206,13.296115957430837,Feynman91,None,17.162122369686685
4.195984113322154,1.1847126431525674,4.438565833148829,3.1204233932695113,23.302432002032017,19.63268826341951,Feynman91,None,22.57125850482118
3.331749267336905,2.42980099011892,2.408541020511028,2.623824208133567,14.365000760773805,17.661817406810595,Feynman91,None,14.579722285629048
4.678847710241873,3.0475808021565998,4.357055235973132,2.252128435077236,27.017565039332418,29.771528169420726,Feynman91,None,26.73402876042792
3.8284716055286663,1.7505577813598783,4.427492314486484,3.0361902848950297,21.6183564844861,20.353213455784093,Feynman91,None,21.210395267392965
1.682200321910269,4.467598563180822,4.748124935183787,2.850401978675457,11.969528359876772,9.642687412849803,Feynman91,None,12.24310850221797
2.833820245348375,3.1562825183142698,3.3254738544330023,1.3539649646449208,13.547355272734515,11.866166170750125,Feynman91,None,13.754749179247407
3.6058460611920213,2.5408244068174524,4.424337826410859,2.6657891055910676,20.756956753799717,19.340218902941317,Feynman91,None,20.59375775518993
3.2937760893497052,2.389324377427639,3.3909693163742496,4.615746454758895,20.440702900377044,18.174575577776316,Feynman91,None,20.44395081875738
4.469952247545876,3.450416428961139,1.6994577519169933,1.7861436601397234,18.95588611625674,16.334223769880463,Feynman91,None,19.38986293524643
2.1401255847301073,3.543762562165568,4.156154908184023,4.253830756546357,14.815938538235251,15.761506137270738,Feynman91,None,15.048334592544704
1.0743029250252998,3.8784721549018157,3.7049631512289145,3.1285340646960647,6.670809043348332,5.681454131295717,Feynman91,None,6.665152945048489
3.70051044976753,3.6143641767018106,2.3095078806209557,3.3745637276411147,20.195816885709696,19.18461444753137,Feynman91,None,20.244521975618195
1.7781267969028036,2.6399181140260786,3.01175630818427,1.2780501036274816,7.475168873499976,7.14174168284115,Feynman91,None,7.579190553448929
4.605612891262009,2.8162986853092606,4.080728385578672,2.864803143200765,26.373309222698524,21.57292195338989,Feynman91,None,26.212965555700357
2.1165042146342996,1.764195117941746,4.124410975655961,3.358558491571971,11.860559042907866,10.557923245582641,Feynman91,None,11.834805557731807
1.0897300665140355,2.8252052903359077,3.3504678897828173,4.7529428029662935,7.045244807488363,9.004213594048254,Feynman91,None,7.082517114275703
3.894713507124448,3.831811628244392,3.4194578970980474,4.5627885500359815,26.756004892314532,19.354184002829975,Feynman91,None,26.946764288389897
1.5390951256877208,2.095724722866136,2.82473745566965,2.6897005193184396,6.814854035213018,7.610244848771311,Feynman91,None,6.612348263417675
1.3122395794786645,1.597902183429167,4.584629545162709,2.2594035292389383,7.027165320076294,5.10513517772856,Feynman91,None,6.756619966732901
1.531815073511924,3.5906360375349045,1.0220123003302146,3.454563449319692,7.791382021733291,6.945800252496573,Feynman91,None,7.493639698796795
1.8806801678981278,1.3448716213220884,4.739671333299551,2.1537937437793553,10.112393219343097,4.233992391833583,Feynman91,None,9.91549828625421
4.97845856179704,4.155235027226944,4.940036557685399,3.810891200797468,37.31946017907503,38.24763292476238,Feynman91,None,37.39174187382486
1.6866004577379021,1.0013113555474864,2.4944076542368037,3.9480492958834676,8.055488274713465,3.731791260294851,Feynman91,None,7.596445562098938
4.083170117713692,3.7115579280607456,2.476472870076786,1.2782302808934687,18.95156368449696,22.496817984696506,Feynman91,None,19.134793005926436
1.8955699027736528,3.9698888651298114,2.968935664779877,3.7478538730836166,11.780170907138022,13.813221959765807,Feynman91,None,11.976551960678215
3.871861114420299,2.943363343136853,2.7091505603812993,2.224388313584396,17.722294560137247,17.955104991783013,Feynman91,None,18.04177029709218
4.272669937905237,4.676968200013949,3.6838414483531534,1.9782640432893084,26.80508717185544,27.974732514868403,Feynman91,None,26.979090025439678
1.412894624685972,3.2291358487621147,1.3898232448157528,3.648792664644329,7.158875767977046,3.354497761778305,Feynman91,None,6.920735425821837
2.216953521492081,3.1307183299297434,1.946847357510988,1.2913846818264205,8.66011579080988,9.72449369118578,Feynman91,None,8.766009568727444
1.375356085853253,1.57042153827292,3.2856889571425674,1.171742769099025,5.261515772497433,8.218982753232781,Feynman91,None,4.8154211185877
4.008066842932331,3.9568860001677097,3.9876725875548904,3.0317941070583414,25.58586599854031,24.7627178890848,Feynman91,None,25.681962367688698
3.4953078332950382,3.1860774847971554,4.17740080087246,4.283054362382819,23.692495431345563,21.294190088313375,Feynman91,None,23.72644178892885
3.1678489216223213,2.903516186290698,3.364298416921549,3.466677648790926,17.854633903554756,15.849099814473485,Feynman91,None,17.92732068980652
3.6567535964640263,1.9564025798543794,4.391399776943013,3.943835826679743,22.73834665958762,22.62917899430748,Feynman91,None,22.468141795544497
4.585792371696417,3.6970818404789383,3.617106959455157,3.4760415495112302,28.577524005478388,30.946055175215843,Feynman91,None,28.718568128681923
4.1267972244828695,2.0613142825003914,1.3646688738252712,3.8217463951019166,18.783539610539535,20.322498921033944,Feynman91,None,18.46829633314119
3.8438910465436105,4.158704951789349,1.6068874489377039,2.609128187025695,19.856390790379706,21.877447593718628,Feynman91,None,19.75465804057664
2.360680219790961,1.378733075951923,4.378658756319531,1.453792418160765,11.367372604421242,15.521392977881211,Feynman91,None,11.069743826262327
2.200536376339339,3.35719272112712,3.4198210501231467,4.6646544696437875,14.716459507800378,19.038573404596566,Feynman91,None,14.995696039069529
2.2210057390478406,4.9163620995690565,3.6946463439828428,3.676085812802228,15.91310466095146,16.076588940112977,Feynman91,None,16.29174309011904
2.8528862443589404,2.177878805048583,4.66804496142002,3.257813483962842,17.387902498349067,20.299494036934252,Feynman91,None,17.353006390393237
2.779298251664089,4.064071231588647,1.403261334873085,2.3269235173371685,13.587440389049526,14.658240517641492,Feynman91,None,13.380599378523572
2.0682710179404378,4.8916535221720725,4.659906142944269,4.951114142516385,17.32373368102065,22.31328412913223,Feynman91,None,17.741568538701614
1.5528173951449866,4.97680646197597,4.420615928669616,3.849999500740709,11.940847114216306,7.812070134221398,Feynman91,None,12.146099138533696
3.2201656159500844,1.2455522701571722,4.254266269231838,3.4106967440599503,18.010785057350613,20.480384888845855,Feynman91,None,17.700729369025947
4.964672051130398,4.82588122819378,2.6872057593089376,1.255994942314905,28.12289644419939,26.43145303107073,Feynman91,None,28.353049229347455
2.8732001094820614,3.4737872441517808,3.5166015313586416,3.6933290631198763,17.72891678146386,19.43315618711922,Feynman91,None,17.884159391641152
2.2136928197092365,1.2733824100511506,1.4867543740733735,4.3708150096931995,10.601708691056674,9.76256746391858,Feynman91,None,10.126983671640044
4.254648544826404,4.55015339485065,2.716156418610109,2.217400888147688,24.440453815995873,30.13822503781582,Feynman91,None,24.67656264139873
4.986868613576059,2.1627882834208902,3.914539165919792,2.9821164630600183,26.806118287323805,24.68804693362663,Feynman91,None,26.59887649130536
1.9028203243706017,3.318349464054092,3.060456135943387,2.8055972340584985,10.113487475964755,7.489227476284562,Feynman91,None,10.266281212244186
3.376129031547775,2.662881388185427,1.98448809651876,1.936776183053662,12.979550905637419,15.02986073274216,Feynman91,None,13.34017649815091
3.3451913968601894,4.670838138396749,2.512995391656926,3.5461043550233367,21.342932164379658,21.124318233426855,Feynman91,None,21.530612374797503
3.974768446316442,4.2056008628941814,4.8627525282898,3.9624696214973976,30.017951903928708,29.2217038442224,Feynman91,None,30.135847297220494
1.3335717523602706,4.483206822437248,4.554914340944881,1.5894638144624085,8.782639038019656,8.982133642906371,Feynman91,None,9.155994096871845
3.9529879978645495,1.999324895053968,2.6735657037084364,3.453629741202468,18.987848565285553,12.49177546611961,Feynman91,None,18.9729404298459
4.093663022546557,2.1807152000087906,3.230550581972435,2.7735807790994675,19.58325821202691,17.730158110797944,Feynman91,None,19.68230626665551
2.885784738383107,1.9273627383600473,4.8267096063316455,2.950523598247546,17.246624502866982,19.821734524776154,Feynman91,None,17.133004815213514
1.5677448418255953,4.619151460339453,2.458245757042378,2.3304642455360045,8.980126207411626,12.050134817279558,Feynman91,None,9.209673380282554
3.0676327739139,2.890146938980334,4.126119349545373,3.1127596489001608,18.165743962649056,20.79381689389175,Feynman91,None,18.227922720880812
2.6413615866685376,4.695765987866839,2.167010174525587,3.6424857552005783,16.708330144932035,18.202960999726866,Feynman91,None,16.863102694630978
3.899625502402582,2.419192549864175,3.9458322332692304,4.383047337870996,24.85783802022874,25.127789750750377,Feynman91,None,24.687565481557396
2.254275173695667,4.346738774775604,1.2855546574325247,1.6821042793279002,10.89919633112735,8.956777613987644,Feynman91,None,10.668271664184598
2.969851474352608,1.2641262881220023,1.133996857810914,3.3694923106102057,11.206002706931221,10.199644411363643,Feynman91,None,10.637455543214571
3.2032926520556386,1.0316612991673706,4.4988927807770605,1.706761527906815,15.763779121949954,21.19106100257539,Feynman91,None,15.126494430917758
2.3888234438898968,3.054699293944662,3.4175408222889474,3.50081501859778,13.778040906722165,15.901441503240864,Feynman91,None,13.919654657211916
4.451363196720038,2.72252185480302,4.820238590811998,4.860746560275892,32.79349280369344,28.923408868717175,Feynman91,None,32.5420931961564
1.660935087566863,3.4185861729237224,4.670026195776881,1.719228181992258,10.027925217368109,9.853851811983654,Feynman91,None,10.296021948802672
2.4343668121927875,2.864835408698898,3.796272459722769,4.820123876796126,16.48419775073982,21.96670654449768,Feynman91,None,16.75567500423418
3.8562806850329507,4.065341070840228,4.578630904045134,1.4670095801782526,24.2801721923675,26.625971493890034,Feynman91,None,24.073275172932536
4.796366721384581,2.55562645216359,2.57492920428278,1.174376462121169,18.289601683181623,17.28860755279393,Feynman91,None,19.119754156866716
4.997929819506276,1.2024111087141343,1.1285568193596025,1.670579406752836,11.732121043940483,11.637832916543687,Feynman91,None,14.152232006893701
3.909642660355567,1.0879506919162414,4.0547663362856685,2.6243784494733737,19.35653341478508,19.99301402703513,Feynman91,None,18.827733410681848
2.555157261831325,2.2159208938169024,2.8053624550359864,4.163858652854476,14.022688804180538,12.627838453421365,Feynman91,None,14.01677251855184
1.082563976642334,4.929025547120751,4.686726969024795,2.3903464851019294,7.804562440047458,8.088891503213159,Feynman91,None,7.984300012939072
3.826266093745474,1.3750338629030625,3.4496334895172076,3.042353570484489,18.36870944632618,16.713944818987777,Feynman91,None,18.154495231900746
3.4457997830930984,1.044872026940764,2.161069432848085,3.5286923427045056,14.705795162952697,11.70484780337103,Feynman91,None,14.382975427320332
4.106511741748567,2.4778227276760685,4.463053649349982,1.8701063069907269,22.325133680989875,21.98595878726004,Feynman91,None,21.911273730710608
4.282737121825104,4.9891662698182015,4.476542120553921,1.1853402302444809,29.15290361750269,23.174500643659574,Feynman91,None,28.97694506756526
2.834968296526735,1.981086148950029,1.2781867671018192,2.0510406955065577,8.859097514978497,9.067269976192513,Feynman91,None,8.983666547377053
3.65513515777412,2.1547265435097165,2.8266997633132047,1.267845799487576,13.793237923013145,14.193004642713962,Feynman91,None,14.173721543022916
3.9533090583601327,2.273356222490532,1.5795186913817356,3.407679117305338,17.356469698819225,17.62287769049981,Feynman91,None,17.279121231313994
2.784417667173853,1.9522403328299394,3.9508425939239262,2.4303088863689593,14.012787884142572,15.609484561519212,Feynman91,None,14.010587492335086
1.7516104264575931,3.384089462998859,1.3797977707453586,1.4573611256932684,6.891603169883375,6.179943079994027,Feynman91,None,6.7221018286883645
4.340701932377847,1.1696155938180848,3.1494935380481075,1.4431943737463726,15.871852551975856,14.892114830890254,Feynman91,None,16.037597141886316
3.8261973662807693,1.3534314105138412,4.4403124362220625,3.391207583921452,21.995956413672285,23.70299052787179,Feynman91,None,21.475158798284088
2.0840895055864146,1.973789351856003,3.683800477034935,3.453229447480552,11.29857636428125,10.763397170608288,Feynman91,None,11.287483560796186
2.3285409172114013,4.485178364892599,4.169649261263103,1.0645431808055963,14.473722618972502,12.942097510804233,Feynman91,None,14.794020627854968
2.787488687380838,4.077441040181789,3.1996621756746166,3.6739958355210742,17.709134985588076,18.175144217312756,Feynman91,None,17.92837000090557
2.484200132476421,1.0698040956226857,1.9543923106061953,3.9773410678998573,11.325166273779557,7.69734825008436,Feynman91,None,10.870797819695547
3.411870293751026,3.8545547870931283,4.885672034845001,1.6592985302181757,21.97431357844116,19.55472449085434,Feynman91,None,21.871046621342238
3.149930191005201,3.365156386153863,2.6764183733033895,1.6721617159448576,14.531941901870706,12.906250562156231,Feynman91,None,14.774421128256318
4.171604932358461,3.689248276910208,2.2532042923262554,1.3256091579055456,18.862262209706,20.93874920556314,Feynman91,None,19.08740923205531
3.5276995572082566,4.95439242257324,2.9604956910258826,3.0723484683515703,23.065292154390423,23.16026904999344,Feynman91,None,23.362302412472296
2.338557335979296,2.711749299872897,1.9097675542416641,2.7655029616818663,10.098886772451161,10.731915113106927,Feynman91,None,10.069665269371104
2.723921452445235,3.0131232604917164,2.8079621198661693,2.221541722595183,12.746907799084722,13.034985041766111,Feynman91,None,12.97642671393123
3.324927454021156,3.109595861790446,3.574786110413769,4.765035505418976,22.34248469044208,22.93782767956221,Feynman91,None,22.480201920133435
3.1680701253045904,1.2553578120204967,3.4819914244028656,3.191337246963384,15.483023788218766,18.352151655275282,Feynman91,None,15.271308234857928
3.5441436926888694,1.2840938262850607,4.205695338594072,4.141419203234248,21.408541671348228,16.71866592052078,Feynman91,None,21.064376733862176
4.614246794358979,4.6607961814019365,1.4690515878922898,2.5625398279779015,25.461171299769937,23.762182527251014,Feynman91,None,25.506749254715913
3.4822022038723257,1.791282215664173,1.034911483405169,4.84957148069252,18.359521799633683,15.61365014573183,Feynman91,None,17.692923042582503
4.672056088770468,2.4827156641088632,2.912927438856082,1.6473540737268109,19.467846531289446,17.256861519446034,Feynman91,None,20.058312135099147
2.176378251644294,1.2901759186127113,2.2374526391862615,1.0737478352064946,6.087514234470794,5.014860881301086,Feynman91,None,6.029906752837692
1.3321867518411694,2.374770206915017,3.288143787434718,2.919700885922147,6.657745921516476,4.868178779306166,Feynman91,None,6.47845393607599
3.781592776054044,1.83229847784933,4.536719064227899,1.6861754615984137,19.57036383493784,17.314620882651628,Feynman91,None,19.015780080770746
3.7580039505514558,3.013819885597542,4.111710441919124,4.984816383358078,26.794770412849896,25.993517528216074,Feynman91,None,26.874701975166182
3.2770887669126436,1.0119707640138356,4.286173130445141,3.3834107802417908,18.199746532070474,15.424058897649232,Feynman91,None,17.793363912431815
3.291578866965422,4.455620690169903,3.424215198229171,4.603538137972414,23.91108758328717,27.707907650145916,Feynman91,None,24.30127060022374
2.6420271799816724,4.290070306568707,2.348428175861712,3.6905904345243585,16.187732201521545,17.158715323731098,Feynman91,None,16.326080931624936
3.201020446826265,2.680977269252059,3.246135290856416,4.514286343996572,19.75935100812967,22.99746164297455,Feynman91,None,19.80304554708819
3.7516056746037143,3.2562582377071774,4.344563654937566,1.3218066207456531,20.963932162123793,22.02052107027968,Feynman91,None,20.703570740594948
4.052519306823788,2.1524738176192715,1.9276051032073398,1.4223048030447343,13.051223788976543,15.461117047914517,Feynman91,None,13.971389103235632
2.9382993458126125,1.395038699460681,3.5536415229593916,2.1057443323135177,12.810668481342454,8.620380795884483,Feynman91,None,12.72494889204537
3.9967113034631807,1.5087104328284,4.246136009752503,1.7268265375395484,19.28710680187276,15.971692272854675,Feynman91,None,18.722538581479046
1.1200669718443423,1.7565168011335945,1.9226305390298508,3.112631005868309,4.545641254112957,7.772720361573343,Feynman91,None,3.822886809065247
4.915567467441887,4.012438816719426,3.6681072797102208,1.7394477486868363,28.05766758861686,30.285983832804295,Feynman91,None,28.197546865547206
1.06591119044423,3.1224763242301905,2.8055860034955025,1.6625735712076564,4.812600486405201,5.188450896418489,Feynman91,None,4.7167616150706255
3.1149377268957705,3.1790462818046907,1.1359222947602072,2.553088903866655,13.184290910257396,13.529703008350172,Feynman91,None,12.93980419013406
4.924629732464195,4.903099689566188,3.1267590286425726,1.3616330589214267,29.41247349224498,29.72889723817919,Feynman91,None,29.64564566461613
4.481814826693874,2.6195652048126723,3.7510428635300928,4.6321670915117,29.179821283707245,28.706295003275876,Feynman91,None,29.00972280811889
1.311948396627212,1.3359706147223256,3.6740739169807815,2.214505028582637,5.894674687084819,7.746471882354728,Feynman91,None,5.393808197038609
2.9575406652907996,1.5155535401150004,2.2261385957637874,3.0010427016812584,11.925474700101873,14.4029406270183,Feynman91,None,11.865610441726766
3.757879068492253,4.729349375514518,4.106234859454087,3.7209285477897063,27.37666342703815,26.650006578198944,Feynman91,None,27.716093264024995
2.6779936446308836,1.3220051789218887,1.018581122309672,4.6423577798576545,13.21114032584876,12.635918082960385,Feynman91,None,12.560447864121832
3.404755812281214,3.5445784670087614,1.8515437337795668,3.9206818656172655,19.067847581762184,20.233525043913097,Feynman91,None,18.948959731159533
2.5848517121540198,2.6633820793330814,3.8265116678381395,3.240507678331426,14.67610552338797,13.140900442954385,Feynman91,None,14.783863321615481
3.96460718048274,2.5616068650845834,2.342726037044757,3.828691458359537,20.48941567411632,22.244069181834963,Feynman91,None,20.430876237345537
1.8196165755149125,4.352179232732521,2.5151267366755268,3.187370772291165,10.830412124125731,14.995447006207403,Feynman91,None,11.013748478600904
2.3919619636773057,2.259351165894498,1.1380555332906033,4.6009803960744,12.55924877350164,9.137163520255777,Feynman91,None,12.240809782642915
4.427813143717688,2.292982240246021,3.7131347581717224,1.1453160338086015,19.97767568197022,19.345076164257755,Feynman91,None,19.788517056139266
3.8028763668553296,1.0482849662532083,1.9156261953921137,4.281694230054999,18.27812503533212,18.67003448863289,Feynman91,None,17.708780258032053
4.218140145721731,3.636013179632119,2.3123018275027745,3.1098445572536377,22.4151446442473,28.45447354484692,Feynman91,None,22.585417294320383
2.6740555208768337,3.5405170778802844,3.822069150450719,4.222357421773472,17.93248348068822,19.612489539084756,Feynman91,None,18.144125594110058
4.328252008971342,4.165189557606244,1.2205096363860752,2.775689853983313,22.299069494144486,22.054219624300845,Feynman91,None,22.116872204045507
2.422990071774287,2.255247974413293,2.8911670599458543,1.4188247419588715,9.526405095599685,13.260590975449452,Feynman91,None,9.718788602531083
3.1522010552459343,2.452981175912389,4.244156529541167,1.2789170120876205,15.96944068368197,13.39666356669092,Feynman91,None,15.816002266989589
2.8772493151334535,1.5330489985174318,3.2019131419061786,3.8402158285215533,15.047145934768036,14.375273390698956,Feynman91,None,14.912356230556217
1.6122739640080361,2.389626341163587,1.6227677306438415,2.118878621530157,5.775753093929016,3.2330759382442715,Feynman91,None,5.491060211270987
3.231674220294303,4.072121925202833,1.7154281229416126,2.9457986215328495,17.162167992595677,14.703659991958379,Feynman91,None,17.053291762613245
2.2853708446758474,3.598437225622929,4.974862683710336,4.8809435789829125,17.925470430465612,19.73712919969472,Feynman91,None,18.24593662136523
4.268537847253928,3.809649372556612,2.861945659092974,3.9707823741978747,26.475698116182368,25.658968560347127,Feynman91,None,26.630422728802408
1.5336315857260163,3.7637416624861837,4.129405195655446,2.107685916591322,9.158243614501114,8.537692068952987,Feynman91,None,9.423211547327444
3.635256322955865,3.932967317077675,1.1205350793213662,3.422606324054454,19.385859394440274,20.307572938364313,Feynman91,None,18.96612946405718
2.566602928751843,1.603177917570267,3.249682605797875,1.676412515040167,10.247457627567176,11.808328839020687,Feynman91,None,10.273775888411029
2.3133309018292905,1.09874533380292,3.1180145290323202,3.7370857716977364,11.5423542712717,12.745213033284497,Feynman91,None,11.29815948142859
3.257371428743134,4.167326875529676,1.6077499376075775,2.404114345507109,16.523332091435794,13.713558376667143,Feynman91,None,16.38375245135588
4.521474630115689,3.9134105733670554,4.544278614944016,1.7544232280604954,28.252252982885917,30.444312627183255,Feynman91,None,27.960960062551198
3.90223209353609,3.0015804351864346,3.0706751732559847,1.8037875355735875,18.174593339226693,12.977775716111228,Feynman91,None,18.435855458590527
1.5588367006647674,2.619057615095298,2.0765238505216526,3.6727780603850895,7.741113490424664,6.424313485090769,Feynman91,None,7.557876174951278
3.255846436687741,2.729907658737036,3.90224784172545,1.0629334908841908,15.886983224531853,22.427729232218233,Feynman91,None,15.800752496617076
1.0954893213063954,3.790192477003268,3.4234546721279075,4.294704119450502,7.310295078224863,4.725202217315845,Feynman91,None,7.329844623165227
2.868703179739146,4.748587345545884,4.656172732112578,3.4320091089996843,21.468887175391647,21.6850511134953,Feynman91,None,21.806334644236614
2.779852492693235,1.8730166870519773,3.474010624558762,4.279935354016537,16.18408729420691,17.554478421230325,Feynman91,None,16.171574728276596
3.5590973061175277,1.0785309808085506,2.531530661133601,2.800244190920944,13.97291090658448,14.018646390705813,Feynman91,None,13.95057774049239
2.690688927225903,3.668214776331068,4.95639679380813,4.921182489263257,21.227422182978433,20.741790911635924,Feynman91,None,21.556119205708978
1.4776518755742378,1.235704040733729,2.8877537749733735,3.452545868505386,6.8970355887385555,8.04402488870016,Feynman91,None,6.420246269073313
1.1523511061177345,3.011415839841666,1.1754275622339203,2.9547785572483365,5.046846834002521,5.3171999527741605,Feynman91,None,4.549602069856107
1.2003316382236142,4.949431617028491,1.4272275363063565,1.165669876605051,6.339369248707751,5.506505627290503,Feynman91,None,6.414098550885393
2.9435255544916425,2.9499717590800434,3.9649756047838953,4.420977941935699,19.518129507575118,19.608829587178093,Feynman91,None,19.648064918585096
1.6001358047794745,4.694937827877964,4.116750609954488,2.072166343153259,10.52737969806134,10.192377642098762,Feynman91,None,10.920858237830311
2.40875023551896,4.041957813149413,2.051822367083233,3.643329587004589,14.008337211454707,13.777454895365649,Feynman91,None,14.062709185681376
4.732009555206323,1.8834996705708922,4.831795269894865,3.3414255746741923,29.1926798937236,28.44970760486902,Feynman91,None,28.379493457234332
2.7329347275504956,3.413605150486866,4.9391918255472245,4.496370810935581,20.49986462283399,19.842430132358043,Feynman91,None,20.71744205698854
3.8460626682489485,1.9160401764292492,2.349618885683456,3.0433668870664343,16.521962223717466,18.168102481887612,Feynman91,None,16.663720680172037
3.818316981003519,4.856041382008323,4.903172202869417,2.566593470585829,28.113196676010467,23.974418078467043,Feynman91,None,28.29243286974039
4.485386359313763,3.2337712614259626,2.5025104041123325,2.332453629342894,21.11477457249096,23.772818044543513,Feynman91,None,21.566462396590737
1.1149638248680387,1.8340309977732017,4.6018346815315825,4.870045535432231,7.745419898045662,9.500206572103723,Feynman91,None,7.796404415660487
4.918345561512098,1.5374954223734605,3.875318627298552,4.897969532867906,31.635359982601795,27.908210395774514,Feynman91,None,31.092842338276096
1.5358238877567483,2.8125484199711,4.918477151456196,3.6483717720643414,10.34972821287628,12.001967342787223,Feynman91,None,10.418262046793098
1.5142066630566053,1.6220251712348666,3.3668533896377957,2.7091444339782424,6.989360625203006,1.727224363920664,Feynman91,None,6.689089691873151
3.8631675516627677,1.8706669841319927,3.144885482686844,3.836596351923517,20.48177378327689,24.576139136036737,Feynman91,None,20.30361340957477
2.5780839645637994,2.9048565529434076,2.6384207439318383,1.7868336477581783,11.116365057649075,10.15722341900128,Feynman91,None,11.36576254134444
1.7017640024103784,3.9499371617776178,4.6961059699155,4.63657412780754,13.088460937475187,9.847405795899128,Feynman91,None,13.28912201461145
3.1248147512310753,3.014696280946254,4.606163703656163,3.1186985227154245,19.770823736793,19.443506213599846,Feynman91,None,19.790796837643214
3.6699956620025542,3.877345862662221,3.8224164729871513,4.4914325021914685,25.903422292964517,22.69517693255703,Feynman91,None,26.099825241787652
3.954123957383491,1.7418284469995218,2.0455853547377703,3.9086805301628513,18.754460062545963,19.59799690484856,Feynman91,None,18.518613481864715
1.100278961450131,1.8658823512526488,2.635948415450792,1.6710155093127312,4.00084697610852,4.9499611716071605,Feynman91,None,3.439177476386135
1.8537604524207807,2.97061441610677,2.0304611446387164,2.7723867718991313,8.42053231866861,11.209184770590785,Feynman91,None,8.35786378168929
2.939563934068607,2.1849439549569403,3.7089357491067534,2.5471108752522262,14.703097676285045,17.592537281538473,Feynman91,None,14.76313325701267
2.9994567241722154,1.8067223519464584,3.5971703807760216,3.250478124190756,15.518960808501493,17.111540344107585,Feynman91,None,15.456677416209587
3.450325609195768,1.3287277782448843,2.6746336253881156,1.7974429334408941,12.02674016291207,10.96047578876789,Feynman91,None,12.339440710280222
4.795280028070534,4.162103983469876,1.8059568632579075,4.799156105104849,31.669362821996394,33.1062867402549,Feynman91,None,32.02312714542929
1.801764813385296,3.3856886913881756,4.147742917741198,1.6287088245892085,10.083341660911044,10.889724583226913,Feynman91,None,10.357565759017328
3.9668698564589153,3.651424640948431,4.959823433186879,1.1623644547216747,24.863080020155675,23.81436056821942,Feynman91,None,24.285888992019746
3.2762436837096596,3.2657146819551244,2.1638070128475424,2.204834510088092,14.727890017769456,12.286146670080651,Feynman91,None,14.920467079183817
2.9001045185865695,3.1216711984981917,2.7150705281993615,3.372565965885569,15.479778937976228,19.107371597318537,Feynman91,None,15.567929592366356
2.6351217745198756,1.373187085956514,4.3332898929249515,2.1095110000161488,13.205373401584025,11.724083050222447,Feynman91,None,12.98149412136316
2.441553586415753,3.710089297213353,1.0532868484204227,4.4704751019348485,14.41536812028527,17.301666135964275,Feynman91,None,14.257606836864204
4.768598312300217,1.2306292188540997,3.2182730559457133,2.696577377924945,20.86405321042595,23.962608997129976,Feynman91,None,20.870266175285604
3.5141251362493873,1.2268718292473872,4.6376766107132035,2.286698609486809,18.67526891104166,22.937229523472233,Feynman91,None,18.08220951204867
4.542299914547094,4.971488678388541,4.351705130673455,1.270220741747286,30.560767319251465,29.55809698618491,Feynman91,None,30.42940981316011
4.627911598243718,2.064318662201628,2.66191105113993,2.9261328819328427,20.649737208688943,18.79600329365768,Feynman91,None,21.01529181035068
3.662018315025447,2.991420006684374,4.3614536159533035,3.643487597876539,23.518561945674776,22.24560595609275,Feynman91,None,23.432060493625503
1.9317738699424938,2.1726788593574313,1.551423084521876,3.940839054578292,9.1952556878444,6.846335244105266,Feynman91,None,8.881456873242449
1.1372373356257963,4.389206797086074,3.1156412429314466,4.084408433435838,7.684119116268353,3.335398448784418,Feynman91,None,7.793682377925721
1.6044750436023976,1.4799509332374097,1.7956279719482748,4.676532205184044,8.380904096180691,7.76767336141163,Feynman91,None,8.178519581650205
4.3581428718078,2.7814524926152404,2.8681863620273544,2.2015141025369735,19.88079276147435,20.24379355715058,Feynman91,None,20.28843829051963
1.5306451803517311,2.972185535934129,3.238329069435166,4.359852493513697,9.476285476243515,11.24429237542317,Feynman91,None,9.575709142269913
2.936470064097028,3.502365236403071,3.8377338854183645,4.476001559670508,20.137710006807684,20.697590876196344,Feynman91,None,20.34669693325941
1.6393073226501547,3.8375814145121336,4.884108629823107,4.915288057532416,12.984887480811102,12.359559091186119,Feynman91,None,13.189950236919353
2.8855131888125074,3.905485256489143,2.240905082701409,4.736372558756324,18.857153376682344,21.602962228747998,Feynman91,None,19.067508328711074
4.901499122838505,2.8002462519235203,3.8241556638201324,4.2603730901231085,31.237713630469315,28.3773333463471,Feynman91,None,31.102658910541013
2.3559985525724616,3.620241278183624,3.7285826058696605,2.492290393651014,13.579217532294617,16.786270304466115,Feynman91,None,13.844559736408645
1.1193216880846184,1.2352232782926502,3.61920436884279,2.3326317675331993,5.0139599625858535,1.4034466086106643,Feynman91,None,4.332535262977379
4.173236702638948,1.040519819198685,4.125311840094524,1.9648664036031267,19.557115550852643,18.33904502672293,Feynman91,None,18.858531684350645
3.643175815019054,2.3490583149118773,3.7996651192116286,2.066702069062396,17.9319716917392,14.199954990693971,Feynman91,None,17.925909781358367
4.980056795699488,3.72431072857807,3.3078190603835878,1.9808806662429363,26.69609858730968,29.29504287817063,Feynman91,None,27.058843498804688
4.951141099349931,2.8965431999191225,2.1809903918021223,3.9169380705378387,26.426798730291335,27.404235161659013,Feynman91,None,26.645313642998133
3.2502463549144442,4.627596289499138,1.3957950601129512,1.2751545603416456,16.24762698845921,19.720983831765405,Feynman91,None,15.81859904724056
1.7155430200485005,3.955641333823388,4.114939299160516,4.359900866943171,12.32191797003384,14.649234708150203,Feynman91,None,12.537228092825817
4.45825130370787,1.4651743495863436,3.136331247650063,4.6546565839220495,25.861369150614454,26.95072429042174,Feynman91,None,25.438222248076592
1.210700111583491,2.2115491424875624,1.4570176780444104,4.417409606015724,6.235676546549673,5.184266968135715,Feynman91,None,5.968363810535669
4.787768166174619,2.2396635991609055,1.050749440806951,3.677158790535358,21.218870080941027,20.958834695893756,Feynman91,None,21.111503853154435
1.7952141097609924,4.507583486568331,4.020980012795203,1.3294718502611005,11.103378886180503,11.58200960578451,Feynman91,None,11.531531897687593
4.5357174718259845,2.4563637451847202,3.1280618853883957,2.0954884958891675,20.390340996361047,19.353879908657284,Feynman91,None,20.764478176194967
2.8185635465837318,2.5111609802456476,3.57813215540408,4.125295980897388,16.941190939454085,17.52836026864824,Feynman91,None,17.00240017025208
3.863053983333277,2.482781775785835,1.4118978855290276,4.249925348388423,19.780770261221647,19.395405513996092,Feynman91,None,19.378265275039524
4.7225026206692915,2.5198036963378563,1.3083562308657117,3.5337475350142067,21.4073592744261,24.272298956195083,Feynman91,None,21.468425226012993
4.001455982559813,3.2352774247135803,2.074931420247125,1.1496256126754818,16.052771915911272,15.368104047736734,Feynman91,None,16.390879998589202
2.9843132933452288,2.2245941971970455,4.811531603976719,4.572713045899018,20.8921882526116,20.916980846305105,Feynman91,None,20.975524420279168
4.648676400619484,4.714504729624753,1.442188953718441,2.618523261562602,25.95074538023255,22.23408836336593,Feynman91,None,26.003613656447975
3.4154356905059764,3.0229882692965657,1.8005405307015043,2.091884904948236,13.980937685102584,17.328800593881454,Feynman91,None,14.196894275818053
1.4986598924967063,4.805738802149337,4.090931276808423,3.1814928804756084,10.592116457198927,9.844471166865201,Feynman91,None,10.84188376914555
1.4331681551070523,3.077793084704777,3.784925508605738,4.148518893342391,9.177725135068227,9.858659475136797,Feynman91,None,9.234223599951923
4.910656322451503,3.230191892722785,1.1047838678852258,1.8705570203760606,19.116063403337836,14.34537395248,Feynman91,None,19.798321166538805
2.0665406360287832,3.7759302052736814,1.5390971628597563,1.4807549690782769,8.964858184943019,7.90026680632994,Feynman91,None,8.887872958120465
4.118172903570093,3.721749892771876,3.686342537765437,4.480143107727558,28.38620043666444,25.00102917572757,Feynman91,None,28.52396557340512
4.048488531098815,3.2862120455271033,1.5525582009313563,4.871862248686639,24.607573978975196,24.55983847830114,Feynman91,None,24.42964069815184
3.1585630673838856,2.655725122582497,2.189091948361553,4.11806809229096,16.95165348595381,9.910735576007243,Feynman91,None,16.850064619969135
2.8096807064360276,4.472352427731121,4.605884898360465,2.8161720376049315,19.6972318507032,18.086535947996392,Feynman91,None,19.985956808262014
2.0102386311659406,3.3037658681272855,2.8725266985605447,2.3408008840333037,9.979701540562909,7.252239674853613,Feynman91,None,10.165991133819881
4.657165559943845,4.863392427871465,2.7994966939604353,3.799206400722172,31.56023928873322,27.270396677566552,Feynman91,None,32.14853771272956
1.184742243949334,3.487764076623429,1.371910686479079,4.444556667764142,6.88790038169651,7.422888698440235,Feynman91,None,6.933009078908925
1.6238819844292465,2.128860809483834,2.414093971220135,2.54916438581378,6.6674421252953815,6.797566889537476,Feynman91,None,6.463415753915475
4.990558914597889,3.404541269106462,3.4724892911498113,4.631910952415828,33.51623186088241,35.69556978892872,Feynman91,None,33.70774751693806
3.4032873592261934,2.9407464282568654,4.698403626476344,2.902383019926261,21.29348903636272,20.77073046665261,Feynman91,None,21.207227633764266
1.4042366868663136,4.391965535933126,2.9003576322435896,4.916698980687417,10.113952180476476,15.447576451836582,Feynman91,None,10.516036403499097
4.255930158763343,3.116190171519408,4.584014403808497,4.255411186481762,29.7405037777956,25.42357199079944,Feynman91,None,29.56018868230171
3.3239488171895335,1.673317974169684,4.379949632321278,2.1656531822275285,17.167159660508858,17.890840294678704,Feynman91,None,16.872486964972904
4.472927529964391,1.5960907680216967,2.316975265214117,4.775096306576901,24.790441658841956,27.76356676565104,Feynman91,None,24.396873456969182
1.035639716281255,3.4614099434136847,3.182481371326286,2.385351718045083,5.460429363189008,8.569176550037444,Feynman91,None,5.411499546337118
1.0613941520339396,4.653805105369507,2.0391029543415273,1.8524251448959732,5.740103744671504,6.384943752356882,Feynman91,None,5.877803950011535
2.624353688082127,3.4608490738510653,3.164102943276428,4.6225783919333985,17.28037859552601,17.203977281691966,Feynman91,None,17.525213909396445
3.4156336010708506,1.3741027228458162,1.7279145674304326,3.1478912778780024,13.132685475399025,13.34425850146731,Feynman91,None,13.004281157524495
2.13605144060406,2.2276179690028277,1.0385600501278787,4.693749444593952,11.317479597730342,10.9095868617485,Feynman91,None,11.048984021620633
2.401252331790773,3.769107959989464,2.878938756524429,2.2598584021959427,12.615472969801695,13.512393639263323,Feynman91,None,12.857863134029756
4.023891569706705,4.722599322648448,1.8878584171904524,4.912476004603096,28.453032113724692,26.520494859352578,Feynman91,None,28.869057038493835
3.333473758670761,1.7984246081256097,3.221319404907055,4.139590657151141,18.48423691050051,15.845238868775752,Feynman91,None,18.3380990814174
4.580781854433738,4.56324019081727,3.437885863187214,2.725484325523426,28.996922655489936,25.82736064378955,Feynman91,None,29.349791776584688
1.9071720272727126,4.2553664608724215,4.04987833495821,4.915037450529741,14.607898380830237,16.80178203283223,Feynman91,None,14.987250041863044
1.048842003305392,1.7273823245473774,1.4727846661087494,4.038067716224571,4.858633675983559,2.6939804573692236,Feynman91,None,4.215373924291875
3.3291528102381127,2.398859574521394,1.733686981202938,2.215978807524705,12.30920650429448,13.202356197573009,Feynman91,None,12.605768901233523
4.152331223627346,4.813535227574246,3.9685730975846636,3.413844222585692,29.529476895208358,28.93412063770386,Feynman91,None,29.89955341321947
1.8736811634379342,3.1856568430964165,4.079347464017603,3.5847149690291187,11.796704143673177,10.743301515989836,Feynman91,None,11.946325554081467
3.978354754714868,2.0307740631304028,1.7754669122244335,1.9999127275811892,13.359204474870527,12.013878145469517,Feynman91,None,14.11200783996468
3.4909129121901774,1.6550986936174819,3.2824192862199286,2.9185112025623683,16.385489822968033,14.226698120614516,Feynman91,None,16.337676288950988
1.5903337670961033,2.8698411542877107,2.918055973821065,4.90532736582986,10.159889992712742,12.732712594732781,Feynman91,None,10.420043202838313
3.0666836260143695,2.5241816076034045,1.7683928935213657,3.068576583066974,13.337383442310568,16.492683814976072,Feynman91,None,13.2913541305622
4.625310764824789,1.7426059488069696,2.510504670238575,4.0178367519878115,23.3485766929836,18.888441602567564,Feynman91,None,23.19017072075427
1.1743314921554648,4.755730434623431,4.559211336780553,4.238720120716391,9.1996058971042,8.167767874443532,Feynman91,None,9.170200231952915
4.293247461646356,4.970808525585523,4.228630926215143,2.038813771672848,29.353701959774277,25.65886663706631,Feynman91,None,29.536303480562093
2.2866972742077087,4.101046203624968,1.1730366792812807,3.618784925680399,12.791245640648272,16.494161561573677,Feynman91,None,12.568467563907937
2.0058062211237786,2.525817074066087,4.1494483527668935,3.380497850218702,11.870821349952738,10.792850228959896,Feynman91,None,11.964167713692131
1.5236846458971325,3.0054979400317454,1.3210438852368305,1.9869159666919387,5.847061137075063,10.958894934136842,Feynman91,None,5.535714511248512
4.78637013480204,3.4564701722527684,2.860186829456017,4.016444481304779,28.821612151592415,30.549180703093455,Feynman91,None,29.032538996766228
4.181189055066762,2.220490277566666,1.4783778428952425,1.3244448690580732,12.452878490175685,12.097816966299069,Feynman91,None,13.52964626729742
2.8076609923599913,2.5344094303320066,4.954699222199954,4.147521818304142,19.487313932286543,18.78352019287353,Feynman91,None,19.571486273329253
4.7348851879312495,2.1511493165940685,1.664601400281537,3.2285758234065174,19.98886785271412,20.82842057362071,Feynman91,None,20.36947538101392
2.9540580951985116,4.790698603028309,1.5353580220087557,2.451442457041147,16.5315614197421,15.077876751728857,Feynman91,None,16.35111224869046
4.397246265262396,1.18564403398452,4.875308009132881,3.6788418249238326,27.35788989682988,28.371029088974197,Feynman91,None,26.441753228474735
1.936826062155844,4.224130602124649,2.556431017837796,4.709381331616582,13.215469839460248,15.440816462085346,Feynman91,None,13.595237843332763
4.523763808482941,3.052408621409963,1.3602245957385874,2.163602001661114,18.009229834540367,14.796969637361695,Feynman91,None,18.516976766668627
4.571690309855024,2.544054365591413,3.413828087205586,1.6009327719400885,20.794618978351135,21.36059883971851,Feynman91,None,20.986234242488084
1.1413233825869105,2.2795049759432255,2.6389650299221654,2.5366694431827037,4.921601772801915,2.851889441110094,Feynman91,None,4.5284285228999686
1.7309514512646555,1.5133966315577818,3.964286776628341,4.808413716575154,11.100620332673712,11.131715594149638,Feynman91,None,11.285384348917747
1.4060116611566458,3.7807790247936945,1.7535055904487176,3.900326556322272,8.025558300845637,4.102368577012322,Feynman91,None,8.023164763719615
4.193028780310865,2.4057471623606963,4.580235531484375,2.8839001974837624,24.83570883108485,25.785942938365828,Feynman91,None,24.427126045937904
1.158898872946419,1.3930692980091206,2.7612270794202516,3.3494211576765864,5.283312960767824,5.469667004103645,Feynman91,None,4.644443041170225
1.3697130567418858,4.901038272774844,1.2942512807911517,4.336681790634284,9.137338398520066,10.470836052740777,Feynman91,None,9.461700163460808
2.3928925191084467,3.8318544449481355,3.3297598629726624,2.5340212563308233,13.5767232530717,14.582762843431462,Feynman91,None,13.843327440469336
4.393711832309641,3.63588198235362,4.83609591859838,3.4431433022544056,30.58689279171895,30.49346551365993,Feynman91,None,30.408290216727774
2.892741515767453,2.3788701447029514,2.9208215050481576,1.7763757348822402,12.047749993980894,11.838625730641859,Feynman91,None,12.30941016037188
3.9375351639155496,2.2256993332292256,3.511828136815377,3.2548114707650577,20.790958278551816,24.73563024580538,Feynman91,None,20.71360355832028
3.065303884377299,1.9472515076103334,3.380332746903149,4.0128641724790315,17.155166129841092,14.134663020205243,Feynman91,None,17.08507313478494
2.348737837813895,3.5345992219934113,2.032281020159185,1.5363325991231935,10.233565759033151,9.776278897761385,Feynman91,None,10.349236029458039
2.419538023657744,4.343722075956425,3.9876290117967357,1.0437827737115142,14.488687663743551,17.13989238074795,Feynman91,None,14.769044252916238
2.8633210895311763,4.684064189727309,3.9658119127431957,3.611442378312923,20.390110868834537,22.14684091116291,Feynman91,None,20.73355885300178
4.057448417673284,2.3493673670067614,3.8555905413088185,2.6572488933824454,21.25656803286185,23.469985301023282,Feynman91,None,21.15774796274761
3.5562696541988,1.744939603093584,2.194462413026626,1.386614322235177,11.123326340554943,14.142466975973797,Feynman91,None,11.805297957792046
1.0514164833001867,3.002694613380812,2.219072862947442,1.2974812523925539,4.15594452331647,5.605965176306614,Feynman91,None,3.9326784394399543
2.999066423572638,4.689226480440418,2.7723002601300575,2.7652661120003295,18.32161818488053,16.68671557781345,Feynman91,None,18.547393332826335
4.37567057236428,2.363334951968737,3.2318447596166235,1.7008513836972927,19.034452701266797,17.626423277781694,Feynman91,None,19.32781772698587
1.0972565025691754,3.202618404361141,3.23732637878728,4.5992537470858394,7.101732104959178,2.386363619110929,Feynman91,None,7.136672209687799
1.2144307108256363,3.0597117323022767,4.4166270239504195,2.9073748062423417,7.419094122125933,6.35261822103616,Feynman91,None,7.398548805296513
3.827011109489191,4.87898663105306,3.628210547225169,3.1663963756684192,26.235127891779428,26.84096585918853,Feynman91,None,26.58286239994362
4.475065564256925,2.6257621207660735,1.2013893733290897,2.6669405193824955,17.590215572881338,21.302998831673964,Feynman91,None,17.954364262726443
1.01755018647679,1.3298403772976877,3.596525521082199,3.696157291327367,5.419355173824431,2.440291316602702,Feynman91,None,4.872024122986498
2.4723667868534527,2.0598750973578923,4.108498548229686,3.899110605326816,14.901196700641432,15.478167204143686,Feynman91,None,14.94814187427405
2.911065909416551,2.2700717803514014,4.100320076592847,2.684645082698343,15.723305349750332,15.355581016734302,Feynman91,None,15.741604121135241
1.0369082521708388,1.8650963502579114,4.185074758473579,1.43672175182834,4.979060734216512,6.66588616147188,Feynman91,None,4.578936679165607
2.711342975710752,1.970509165675268,4.440405964075689,3.198825096645324,15.770741134878154,12.263040749264855,Feynman91,None,15.739338631126186
2.4706586568553637,2.126315392202533,1.564409942769331,1.3284440557070583,7.301354078785584,6.04075997207234,Feynman91,None,7.501180969249022
4.586869177332079,2.3129645688529585,4.320097009165048,4.914560628458801,31.833648490173374,31.036755469395455,Feynman91,None,31.520455260320464
2.756217580960228,4.452864372566581,4.979829784628478,2.147836862287805,19.340696922353573,16.492257091669636,Feynman91,None,19.60181206923325
4.714704634820532,3.5948118361533123,4.618010795993097,4.604293614438924,35.107368467766804,37.636763783496015,Feynman91,None,35.11237985521128
4.137671697565452,2.8843218296482065,3.9202358741620853,1.8315505692577414,21.51674390323858,19.475506115975936,Feynman91,None,21.434119373638445
4.560581282783344,2.95989988102997,3.32581636607014,1.3273516277510513,21.187777498795704,21.11076879677611,Feynman91,None,21.352245445942533
3.7936188563570234,4.700581319375657,1.0216244956850367,3.780000372942888,23.208634716715505,23.892889063051424,Feynman91,None,22.846009281054613
1.6991940811671338,4.700460443766799,1.5962745803790948,2.3437306177501265,9.327862703282868,5.163671560347996,Feynman91,None,9.347350024534922
1.8987093982473366,1.6997750100809714,1.0485571263409152,4.673864663174632,9.650547607774188,13.04469599054986,Feynman91,None,9.292446754625697
1.692853039018368,2.250216341114344,3.796451006848203,1.8575330370520273,8.105733694892146,6.602743927065864,Feynman91,None,8.113609461310215
4.70908635231908,2.684211298771582,1.249143269212201,1.2135864734141624,15.067708667159309,15.826502356028465,Feynman91,None,16.19074600713563
1.0564508370586538,4.155013240358096,4.738206247504102,2.752478882973209,7.265039156331151,5.905458323582766,Feynman91,None,7.300144154239602
1.2131003250507821,4.833262565511273,1.5476409843345098,4.544172387126125,8.263797757535766,6.721610990448038,Feynman91,None,8.670444021808917
2.1530912111186633,3.401015398227758,4.719947367870139,1.423678737844754,12.895501201639648,13.964740093809883,Feynman91,None,13.129458912512087
2.809217440573944,1.1773761019266629,2.3399117167066636,2.195941319614681,9.602248593764344,8.994840175875833,Feynman91,None,9.65776360118335
4.030623112227079,1.3828061105097693,3.880779166064838,1.0323790365473986,17.118719328731736,13.421140327442975,Feynman91,None,16.53701720174124
1.9295993392808244,4.988091613199957,4.822018064274369,4.94270748867625,16.437114292000246,15.142248998090837,Feynman91,None,16.79189746756399
3.227489874128983,2.694045537697817,3.9224896935890317,1.495668654733993,16.09894190797693,12.101157523031652,Feynman91,None,16.11196382260698
4.99621583825932,3.338107752083409,1.9175491100161524,1.2922977161142137,20.288568498399822,21.215967796609068,Feynman91,None,21.133338579049955
4.514099358553622,2.3312259424186363,1.3379611176948614,1.3037210596103121,13.485332925076284,8.950364109309723,Feynman91,None,14.756358212644523
1.9840635815316032,2.9320889790122906,2.0201074320375603,2.11790854774241,8.21975211457568,4.275770777962507,Feynman91,None,8.247917035899054
1.6493521661738422,4.282578906882476,2.980765287870347,3.9020293652676337,10.746295399583955,9.788908436950695,Feynman91,None,10.96589607541712
2.425568066568995,1.6466632121814402,3.6451105066197496,3.153757113277148,12.354814766799635,12.612830375462769,Feynman91,None,12.290010597471543
2.4955311859395874,3.5821053975106403,4.586401109513943,4.369971598903591,18.161433906482433,16.936406487053347,Feynman91,None,18.403233786256685
1.8478370748402155,2.3010383836176587,2.0805580457398993,3.5689359044761266,8.73790610131703,11.267744528966006,Feynman91,None,8.546429887282553
3.6475923353570954,1.4867902244547877,3.547980653634648,1.2730518539081244,14.780345215978231,14.018669057364397,Feynman91,None,14.629014314403712
2.403066088753834,1.526074353053808,4.417729134589909,4.278941365947656,15.227661706068663,11.15782421963464,Feynman91,None,15.294464971941066
4.002768083230816,3.849456856391442,1.4649392986109602,4.624810822187365,24.789139953363744,28.652802804865345,Feynman91,None,24.652486091969564
1.5149469367282924,4.1666226350322795,3.570079074269728,4.0588907082443395,10.339532549756278,12.565027174116022,Feynman91,None,10.522494623506438
2.2232199867039673,2.200731755278685,2.062402510003952,3.761933757398823,10.719718040541595,7.682135054070894,Feynman91,None,10.560215560796506
3.5477041170700385,1.919851991454753,2.5848120993676957,2.0372308300875366,13.517355462532603,14.486041746154067,Feynman91,None,13.915868700288435
1.4289589608044193,2.826652781491007,1.4123968160734988,2.5052486791663786,5.762285054774868,5.9218352080706405,Feynman91,None,5.387343438184182
4.819613605460521,4.5900272534272695,2.1645965212271085,4.894434243005083,33.980605265928055,29.13385886768747,Feynman91,None,34.68139124370026
1.3632416075084666,4.5789822707340155,1.396358331919263,4.5017283266184975,8.958318271297285,9.73488880904344,Feynman91,None,9.280318418557458
2.5742777139449164,3.5257964776258564,4.163834782261938,2.0975161295153573,15.047602279571187,15.957668746291908,Feynman91,None,15.284984017223296
3.3436527305702057,1.176879022824215,3.9050175141253916,4.56960487019973,20.47983740636491,20.352938659504364,Feynman91,None,20.264897610527484
2.8877907487231176,2.1391793263713823,3.2811255089733176,3.6017066840057357,15.366239260706141,14.464098850897752,Feynman91,None,15.359159500140155
4.37198020074892,3.908792372990126,2.31489994199563,2.4079261834121666,22.47875125482672,20.61410980722824,Feynman91,None,22.763072430216276
4.273362516351602,3.3953800493700395,3.749180532893953,2.9429762911778297,25.00777798187324,25.748968705512464,Feynman91,None,25.05623266396853
3.4408862218714495,2.459968034265857,3.0663343023899063,1.0512166883390126,14.001872658325203,13.981738133721336,Feynman91,None,14.194027811675888
2.090835304970511,1.6709203141711853,4.154703157073588,3.8926081685862073,12.405884794745,15.168859744074446,Feynman91,None,12.413282521575933
2.8417612108799504,2.7701002517388886,3.2440889325954023,2.5105070215220664,14.066061764901006,16.00832769914995,Feynman91,None,14.251596683155476
3.424859639269889,4.351244658537151,1.6894179522374997,2.931664647084374,18.877819092585458,17.595492264141797,Feynman91,None,18.75473962798865
1.1816490754958795,2.4662195497584474,4.34480332186917,3.6219724765998187,7.2916690591971305,3.4244440258877376,Feynman91,None,7.1504677995442245
3.272521512233948,4.534836512319449,4.484126349081682,3.349401205706593,23.573655845359077,22.94292058077378,Feynman91,None,23.834373602363957
1.5095138856891301,1.6410289924248702,3.6236441121920797,4.246227187425724,8.78301261327673,5.120058405050386,Feynman91,None,8.69728028031107
1.9307277096943678,4.1108573688152585,4.138386485557674,4.493179600027451,14.215985483467138,16.762499366841162,Feynman91,None,14.500726565844
3.357196269267678,2.950254334117623,2.591600650579483,3.557090218393692,17.787845644399525,19.813298263638757,Feynman91,None,17.81706737999822
3.250699994528093,1.2173950819097534,4.495703806880804,4.403342328744931,20.83564991793851,22.47570763457899,Feynman91,None,20.64728376793517
3.589293495946314,1.3061423301350596,2.6695565812831523,4.482877819371383,19.305172366468817,21.120974009873663,Feynman91,None,18.967474933562897
4.924630263698574,2.4654088422009988,2.308868410318489,4.085253308006884,26.104446677866473,26.220119839975315,Feynman91,None,26.1885819519227
1.7007901254819648,1.8942262470634716,4.82010697056587,3.4463341612978526,10.580328634750671,8.588175055561582,Feynman91,None,10.593249038139604
4.86157067547833,3.3445494174856103,4.896782443146985,3.2293200624111456,32.82658275066628,34.627204423342505,Feynman91,None,32.45723777677817
3.212075161988977,2.00021781106987,1.4518300605153067,2.5489936647338065,11.404472984407647,10.971125305852935,Feynman91,None,11.508413912620764
3.5035409132212902,3.3202144496451758,3.231205142038514,2.18340320642974,17.944068165790984,20.437234810417095,Feynman91,None,18.14199506929947
4.537431287623168,2.344454620205675,2.21290989367959,1.6595454256999385,16.452508538633825,15.6078994365475,Feynman91,None,17.424881734779913
4.809899953767745,4.350170970354769,2.5729901745058648,1.5009697579103767,25.35924867863211,24.64515414945133,Feynman91,None,25.66224699369597
2.739062697398255,1.249606315266088,3.05730686602455,1.8556381411378289,10.376686656675014,11.727652341277226,Feynman91,None,10.353865702600368
1.399962407765027,3.5708139618388666,1.7713618548234078,2.4385097176496586,6.54170014420661,7.950056669753423,Feynman91,None,6.420032121648527
4.214817475369692,4.667548369070938,1.4324614805551974,1.0673936949233505,21.064510387602958,23.317342712534945,Feynman91,None,20.599090035885038
3.8971462724513763,2.9125668726088723,4.714233882347578,2.456689473099249,23.622741088784146,21.10574015162919,Feynman91,None,23.341265866092808
2.254892173176538,4.131630675243709,1.78728744066848,3.4688945415723054,12.814851540952455,10.101366507736179,Feynman91,None,12.808337261417128
4.803292858519463,4.1823518296224425,3.8720214961359187,4.049648931316858,33.58332175139051,31.60537475185931,Feynman91,None,33.91433144753464
3.5702954857957563,3.7472076726076766,1.590387214251109,3.046674496816496,18.153512195990047,15.712669856227006,Feynman91,None,18.012025456508404
4.643039876199872,4.513803875460729,3.318248079855521,3.261347943355356,30.09806905190959,24.82084148103045,Feynman91,None,30.509075107937832
2.2753802708648916,3.767522482303324,1.182953763702694,4.249076409583096,13.198824835530477,14.171958140524605,Feynman91,None,13.066263096493469
2.656026308371393,1.6047523964156394,3.121674878572753,2.749098642966022,11.841716186435379,10.355076076294264,Feynman91,None,11.817041726603334
1.6151053280920196,2.1383349768598667,2.3642298313201815,1.1970229393566352,5.499646634114284,6.18648471106032,Feynman91,None,5.368078354954469
1.1830034330985213,2.710853382939385,2.7160844276701113,2.7103857786633583,5.557854345740071,6.413789072139007,Feynman91,None,5.325264519445202
4.672240388683182,1.6219517647763806,2.6582983555986877,4.306657661649059,24.83091502131555,26.61554516875329,Feynman91,None,24.541969527924888
1.3166793041362057,3.3648424998750937,4.149573307850225,4.36647474301204,9.084822462717275,11.459519586184157,Feynman91,None,9.136183499984101
4.6756847848444245,1.2163337568719839,2.9128232426666267,3.876721571678971,23.3751400515461,22.90304434185946,Feynman91,None,23.031724108364703
3.9788976347465383,4.023689334508797,4.536113637860041,1.7473843011729993,25.10799631871308,25.616809780194572,Feynman91,None,24.949455108384594
4.988268238598164,2.649107433706523,1.1194241513296794,3.3091789732431534,21.869757021682485,20.938350980553857,Feynman91,None,22.155072276947433
3.9538511318616525,4.280231245309971,3.2486375935857668,4.480389558614869,27.66224464801655,28.014065296490767,Feynman91,None,27.973513781759905
2.8683270991348,2.444925778789599,3.6236949705240113,2.97641884153263,15.16905679226379,17.95344602279944,Feynman91,None,15.249509648714456
2.6353720057369827,2.1270995182176167,4.4751284418885575,1.641701501693852,13.756164958417433,11.388304548498786,Feynman91,None,13.687970434718423
3.352429812174455,3.407302452176459,3.181461300249661,3.1010799425920004,18.77004549656729,17.525186220278258,Feynman91,None,18.905926736506167
1.7688499880388022,2.8980419492380696,1.7509740976212544,1.2308199960006592,6.372642726257371,13.609566100326449,Feynman91,None,6.319909866260086
4.6275224284538705,1.5364661393955603,1.4516655055446148,4.832375735642588,24.407676638431095,25.60045385120117,Feynman91,None,23.792928453584143
4.944260973037286,1.6741945434773204,1.9079757471464047,2.9424732192694925,19.213685345945517,22.20709299371576,Feynman91,None,19.953431564756066
2.603010283540989,4.670449314688112,1.6535911297684107,3.673107475134195,16.05430284117205,20.12063593170673,Feynman91,None,16.059025262409122
2.901277609918857,4.54738553271511,1.8738715309639096,1.5833852530584758,14.990713182021619,14.810649564871207,Feynman91,None,14.917530459624016
1.625775439496786,3.1697150833664707,3.0541060492043806,4.232983744776895,9.928259179333681,13.254364038954165,Feynman91,None,10.04145133355057
2.0969361866910163,1.4876699959104354,3.7360055809659696,3.858772300673294,11.686732261786258,10.68055982539954,Feynman91,None,11.615160349977302
4.5403308279270576,4.5745514557061675,2.384527221729581,4.594487271344422,31.365045842790714,35.97894415480105,Feynman91,None,31.8672713770363
3.2249486213510834,3.6178276368347113,1.5448426481561328,2.1497534760989248,14.4572168514692,13.117172949135742,Feynman91,None,14.398159489859205
4.936667013406819,1.5692822616376398,4.379907406321063,1.2370849583310028,23.76615015146885,22.40771826281542,Feynman91,None,22.696481735306577
3.2561983980727693,4.603081334145072,1.4858573554136814,2.7460270279038763,18.11125365445061,15.607342956074557,Feynman91,None,17.891740937978458
3.3264226009217075,4.259296128591134,4.591426613550356,2.2538164317490526,22.140707405077663,15.083217340568549,Feynman91,None,22.27054512824835
1.983244469634367,1.0878498739664537,1.5022649551817766,3.5886088572045027,8.011505206702067,7.722728654878294,Feynman91,None,7.329492870255399
2.8677958339023775,3.028387938945359,1.5787328310253361,1.5068570792080433,10.705043994132394,10.156932453907029,Feynman91,None,10.823737500031084
3.097670664387707,2.5790219931860494,4.168339629504699,3.2974868336072936,18.299823170974676,18.685760759041965,Feynman91,None,18.304677360225224
3.8762225825233365,4.148935382737331,3.809501147610079,1.8562151537153126,22.988156411623322,17.248279677220033,Feynman91,None,23.0614083019522
2.846421098866837,2.6597657751111563,3.2040930107095558,4.890818923949681,18.283836039767593,19.483394180150768,Feynman91,None,18.466713414108415
4.864949974255319,3.982094091617828,4.730310063163759,1.0648032288649922,30.524106028112154,30.21073963797143,Feynman91,None,29.786964425866447
3.46727178069462,1.9833847810679326,4.449694175070116,2.2338239729896863,18.58262403221951,18.12574238678374,Feynman91,None,18.3142221683102
1.849957799686731,2.9773249609559036,3.194985713764187,2.47133259296556,9.28300684094404,11.720106717675353,Feynman91,None,9.420336376325842
2.013677807308908,4.096872318104548,3.92918926722137,3.832884169695796,13.792427707221435,13.376343070408547,Feynman91,None,14.04532616775181
4.901114216835181,4.651777838122128,4.384665439629197,3.20203288019841,35.04119899618734,36.73233998748743,Feynman91,None,35.40401332658956
4.4123628904087795,3.6874059941189556,3.4404965301367825,2.5603404517284085,24.95592920540251,23.767044394263596,Feynman91,None,25.139800730375534
1.349681761996702,4.503816261711282,4.262379030965818,1.6640780697433089,8.66548160542294,11.629924265755367,Feynman91,None,9.04164337187347
4.29145067284857,4.231630579435917,2.118900295875234,3.567737135609226,25.433927531715177,31.635949202599512,Feynman91,None,25.572810739891626
4.440833444375504,1.5159591034104052,1.8505948202961888,3.436570459164111,18.59476696965206,19.416362583863403,Feynman91,None,18.640816303795997
3.5165845061222,1.7908799497477488,1.5155998422595731,2.39630318881118,11.79318104046708,8.499799984848682,Feynman91,None,12.127172401092494
1.53592673915466,3.5781725726502933,3.4248889974678134,2.2269578073405274,8.341160480292492,3.643439695912539,Feynman91,None,8.537814261625766
1.4866172561702657,2.2000087441968272,1.4905805294907877,1.9128078456046493,4.867554185763671,5.184092717633078,Feynman91,None,4.4504200530363764
1.5498000169863815,4.792962342819397,1.5775534468642722,2.906625600745563,9.02479240364157,11.388542223370933,Feynman91,None,9.075937356576361
4.661929283209333,1.0467574067911083,4.896593302929576,2.102817653281533,25.318254701561678,29.051634708342533,Feynman91,None,23.909878316793886
3.519737193108323,4.054761198359902,3.2702546557432712,2.045219407004675,19.69750607830863,18.45424755448014,Feynman91,None,19.880897066194176
2.964987311607465,1.360659457727115,1.1367817492315013,1.7359294108409804,7.357183216057779,2.671011784472353,Feynman91,None,7.716102292129231
4.091839022084445,1.4529518576855938,3.0303594758871246,1.9875402434722882,15.976241523091849,17.08249982447441,Feynman91,None,16.236347495626628
3.6569514386089743,2.6694039743516336,2.3069961453072367,3.117989709686865,17.218692306259413,17.591839117378512,Feynman91,None,17.323318743656632
3.758933109726919,4.72927307811007,3.111543202745593,3.770778060116364,25.568066313782747,25.25820911711488,Feynman91,None,25.896153592254446
2.5577212036258845,1.2332521213512284,1.6121252619022246,2.438827963823966,8.115573401616901,10.036846730687193,Feynman91,None,7.966218314105174
3.717230031885616,1.0538855459843637,2.8575131204385733,2.9562004623629368,15.777518778481044,14.24432562469967,Feynman91,None,15.637300722789806
2.6042800606498675,4.79851018660177,3.1038874606638247,2.705441728602753,16.46663697617293,20.315075178153325,Feynman91,None,16.78349521509392
1.6671931893969676,3.9157388705362526,1.873259816322478,2.584833400742504,8.422787531366572,6.587782330682881,Feynman91,None,8.418233708191474
3.43790976471057,3.5801784765443947,1.9896738981270956,2.348996734748086,16.232711154791126,18.052064060923797,Feynman91,None,16.331947616579072
2.9457943291856723,4.938047478572842,2.54372202709622,2.4946429458261163,17.93746344890317,22.0568624167523,Feynman91,None,18.13841535971428
3.9432193239605784,4.941314567415191,2.0034116143144933,1.0497440787387724,21.428852239889434,24.256300019681074,Feynman91,None,21.13962469600421
4.436421061536296,1.4721063222729662,2.8488280874086005,1.7799287055425546,16.270881761070275,17.59691648877978,Feynman91,None,16.821482299510443
1.8489655577811699,4.845099725967965,4.332883047771035,2.428014322552722,12.829225817393965,11.883021233537626,Feynman91,None,13.226516614151572
3.312886076389306,2.76320828311194,3.4489655417265976,3.010794410242954,17.715599455864,19.084910789121356,Feynman91,None,17.80264844704513
1.1480774121476598,1.1861182105356618,4.288192684450598,1.8703548349663794,5.541028864846773,4.7276870352554194,Feynman91,None,4.9376894135651135
1.838519620130346,2.8527331140709684,3.652587261668148,1.737307620327289,9.099783958393337,7.407484365142945,Feynman91,None,9.278698279021018
4.307404713896453,3.84951802889211,2.254543703808038,3.713085492906468,25.001046828109487,23.086635654232758,Feynman91,None,25.118401436475608
4.89764277072001,1.5906454262505783,3.816786675998749,4.399514140528586,29.570464005650972,29.852561268681917,Feynman91,None,29.028047444391394
3.8445165591019963,3.175471738223086,3.9962471901311294,4.851623522879119,27.07365861534262,26.007597285436074,Feynman91,None,27.14276493667555
4.75509639366506,4.451525557185808,3.0050356630845685,3.960148783989081,31.73081827536188,34.447540458561555,Feynman91,None,32.22483911730616
1.7893328073644978,3.762698162479096,2.174228445096105,2.67626569083709,9.132184744167803,7.555142563390382,Feynman91,None,9.192133468446839
1.0840792714845682,4.655918303419858,4.449801920657044,3.6189599742184693,8.008637630421829,5.471015638341922,Feynman91,None,7.981034952908789
3.5726929278364845,4.9199366467047145,2.6634743528514906,4.8681956588342565,26.495607479964637,25.447877469028356,Feynman91,None,27.08135207608962
2.1553803508613614,3.055878106697923,4.072347714568906,1.8739947845816172,11.693661151431932,18.419741123537896,Feynman91,None,11.920529943313893
4.011581392860636,3.620006657600225,1.5375480524888854,3.586997013966494,21.353919358681967,23.226377762298966,Feynman91,None,21.185095293401712
1.0712891983534236,3.455272313349994,1.660499502965746,4.367718682535526,6.225760271210761,9.566133387968248,Feynman91,None,6.235092847822731
4.472980353148155,3.863483340957845,3.7923365107593137,4.106246656851377,30.393097189730447,29.012098678362356,Feynman91,None,30.547584121637556
2.0545010726236175,2.149396247176251,3.8030231607313447,1.5400922756319262,9.516304727728516,11.14568821803891,Feynman91,None,9.557834384805101
1.986153304035946,4.258212561288872,2.181150674571977,3.0542678211616745,11.273645568315025,11.614160738678688,Feynman91,None,11.38705741283943
3.351099632891677,1.6101051460710196,4.295858963057299,1.6245461029934116,16.309217974454473,17.773094594007457,Feynman91,None,15.930651884920671
1.193071376291131,3.628156960916496,2.4833383803911886,2.6675769048200126,6.135503269968222,4.573710192746384,Feynman91,None,6.094946903687834
2.160178658271592,3.2745586959112924,2.381983219560754,4.8162109524052825,13.592393875852563,12.44709357545349,Feynman91,None,13.8463147070902
3.3398983437886813,2.6524487518269177,1.2485804416894437,2.6442120448009145,13.185745590428365,13.023236288793942,Feynman91,None,13.11620202032151
3.83522909622238,3.7554535645875684,2.419894916863124,2.019737972077603,18.8038370201474,21.577855738774588,Feynman91,None,19.01218158761431
2.9858412849178215,1.1946741963759497,2.5074943545766653,3.557632355159354,13.476541748998947,14.517145400685228,Feynman91,None,13.216779342572798
4.975594047455069,2.333360389395245,3.9945261507041705,4.066692724098786,30.646912773305637,32.92353129153505,Feynman91,None,30.317866824132455
2.17815220488889,2.4774721406391262,4.543568039082297,4.722993085350135,15.260834849758012,14.852613740000619,Feynman91,None,15.523524626214815
4.699496126668009,3.7754345252313226,4.156592130530726,3.3186678338031164,30.653080929645984,31.408565023697154,Feynman91,None,30.69693966800188
1.3812976399279915,1.2775710492876793,1.6477730101510208,4.788229035805538,7.21382358246941,4.685935072152651,Feynman91,None,6.968494411984492
3.099568200437614,3.1384266066987507,3.91580305586414,1.1692436024789785,15.971159638722256,11.417016582118187,Feynman91,None,15.991341635400453
2.0628981493516902,3.861797207066082,4.591391530637442,3.155442458116417,13.983828133999975,16.32693572634961,Feynman91,None,14.231656359207742
2.832632549949561,1.6559074156521194,4.198902999055274,1.1168360021510857,13.17102203791678,13.178607271042768,Feynman91,None,12.850503240403695
1.1365943412021,1.3419640117946074,1.2748804515372778,4.109462503817129,5.122734171610774,8.640134096355794,Feynman91,None,4.354245846855067
2.044581051654457,2.0913563355905898,3.505546526855977,4.500195746768213,12.4223046818482,12.46164415993688,Feynman91,None,12.542150401212654
3.4778078326779998,1.2743390887386172,4.3645322774101025,3.8984691698909346,20.829468813179197,18.693342544683222,Feynman91,None,20.469343880532843
4.942629174224959,2.291050819491355,1.6534231687939505,4.513017941802172,26.31691426792836,29.744881114890152,Feynman91,None,26.15144745845178
4.442934547019082,2.266661702660246,3.4024982796504215,1.0907598984461688,18.79970777486828,18.578052600554173,Feynman91,None,18.85351162866609
1.848337263581715,1.2918973937895224,1.1851245465243099,1.8604024610777308,4.724885275369548,4.376494923389881,Feynman91,None,4.222943361456668
3.5754680609635,2.362721238593381,2.9695806431052687,1.3509167720489277,14.4024526791811,11.0246192900334,Feynman91,None,14.703735784418292
1.0155894129704675,3.3807214173302347,1.832875044437417,3.270060102510389,5.126664907426058,5.307686471818251,Feynman91,None,4.864679243701213
3.3435507947504353,3.0965135380071915,4.385166504078713,3.0480857869305287,20.640545902468627,16.88121502384236,Feynman91,None,20.643351311163375
3.535968234366368,4.095670527660642,3.8536926707263754,1.391295771839196,20.484571772358773,22.221717676245188,Feynman91,None,20.5102752884119
3.480583179305157,3.2641599486391817,4.901943873175363,3.254512782618305,23.419863060169963,21.358611504114286,Feynman91,None,23.346256965418036
1.9601395696422763,3.5410809163071986,4.544570493522446,1.3970884126428644,11.620211124894276,10.858612638326347,Feynman91,None,11.907272998953909
2.583985427286755,2.776367983173389,1.7124484871006658,1.7710880978458885,9.591234606082647,11.83262756837815,Feynman91,None,9.722168449998525
3.209381476803915,4.485490819773758,1.9274370788106139,1.6571810205187707,16.546498530924005,15.006124556121422,Feynman91,None,16.474962027295557
1.8006201613825654,1.8700773057302724,2.8595653913246144,4.666404233752409,10.41400494545078,8.995522074239096,Feynman91,None,10.476986462360015
4.92654602425952,4.143760246539626,2.78854434500235,4.483607569386702,33.066434264070544,32.83602154087351,Feynman91,None,33.57222379014789
2.705916710362457,3.032151850975162,3.0635108507704567,4.8241563276427595,17.505321172697546,18.588099430992205,Feynman91,None,17.728749708052675
2.4055356218840047,2.0466459096513105,2.819196040015552,4.431174149880919,13.559185177093635,14.258649807618259,Feynman91,None,13.576858069041931
4.492290323515496,3.2221694874703815,4.133676713754829,2.662369724140747,26.40835266568252,26.30896611083034,Feynman91,None,26.30485500439264
2.6105580563497837,4.322236225177878,1.25448646139276,4.7783182090212595,17.136039375791697,17.924390380203413,Feynman91,None,17.2644373382694
3.472646031773689,3.9750769077203025,2.505783019324787,3.760190086255701,20.8992177589822,23.95709511925833,Feynman91,None,20.984968834027207
4.6405802223437185,1.9910661168455221,2.6623006378601284,2.1822075444345144,18.454239623510798,18.39584729992333,Feynman91,None,19.15007795893625
4.600161052865663,2.5702901096649957,4.320591550123842,1.824543840599815,24.602417735333322,24.588694915739215,Feynman91,None,24.177560550989455
1.2936856590192534,3.0944194663093554,3.248459844879456,2.5613891899259404,6.683315564405659,8.963985428828114,Feynman91,None,6.665917761299073
4.869945741950091,4.285506170042374,3.1298167837697166,2.688121917941719,28.969962479780936,27.16170695498177,Feynman91,None,29.417292506973002
3.7477750930702407,3.7029192085274367,1.5870650143346539,2.272787212694271,17.335616258105293,18.621031341056785,Feynman91,None,17.327537194026263
3.1955090004178257,4.295182074044871,2.6986116930901622,2.4709483593082284,18.030340593804365,15.195275818793935,Feynman91,None,18.207269633310673
4.327063742641455,4.733262843778355,1.546394931714568,3.538480597887764,26.432643504776763,22.9988033009889,Feynman91,None,26.45681252933576
3.920185359683892,1.0087485959674343,4.838367583250072,4.948012672912249,27.416141922057786,26.396979009061685,Feynman91,None,27.05966869884323
2.501478711505242,3.4841109027044723,4.6290270681933645,3.6554308813283822,17.13633336682695,21.03761803571037,Feynman91,None,17.3261836842969
4.8673612058192,2.71518650106995,1.7066543361782425,3.9589577925569834,24.79883685541381,22.42522458168868,Feynman91,None,24.870817419137214
3.443352227828155,2.9622697024141518,4.684695679491137,1.0954676645599508,19.45462463807105,18.498393978240085,Feynman91,None,19.070939652634788
2.617346509516607,1.8428229973702317,4.2262618273366,4.2564715451505135,16.423684724162893,21.73416953331928,Feynman91,None,16.473384993980826
2.619561118028462,1.7170491683055347,2.18635390379586,1.0411151912897352,7.77631270745369,2.9392654791944492,Feynman91,None,8.05969882135887
3.901565028203533,1.1267007518480212,3.6305673507093874,4.696535741740547,23.573952594456195,20.799059313230693,Feynman91,None,23.166314585490188
2.5009622214786362,1.4948414103630023,3.0044382268799024,3.003711392072383,11.263630296937263,13.286240705499484,Feynman91,None,11.163119270472325
4.434440085395728,2.0284019848431623,1.8382681303379198,4.468415704032061,23.237643697937987,24.45767174907205,Feynman91,None,22.91930171215615
4.73574372270406,1.096449965382388,3.4394452038379084,3.095313389682946,22.519918338570086,21.772318387746278,Feynman91,None,22.177661876912087
4.826990579404804,3.612231086593215,3.8034729740915787,2.767001227119011,28.62650247877705,27.04672031842932,Feynman91,None,28.76284931322964
3.3438571808807747,3.8077938495422696,2.974425211307113,3.2492252083165707,19.470314105292207,19.79269079229393,Feynman91,None,19.61583336182133
4.201180489247463,4.108506616741427,3.0148754025759525,3.990715754227872,27.192743153066846,34.0516245671574,Feynman91,None,27.41286237637671
2.26950371722156,3.63921478828004,4.974178589531405,3.546568044795084,16.138147438463005,16.552174595446484,Feynman91,None,16.349178995183763
4.641289350176947,2.9414468561501828,2.050870453107751,3.878515624199216,24.51596635245201,22.513636495204246,Feynman91,None,24.595583557150096
3.578739886353255,1.784122252438447,1.4633171930784852,4.433990164104884,17.88820815607906,18.909260851781532,Feynman91,None,17.377341181124187
2.96544669623387,1.2146646704782809,2.1321632374786006,1.0074464649801187,7.86625120150056,5.446117497688894,Feynman91,None,8.274545788493015
4.8373715271626665,3.375777053490791,1.9748724097087629,4.796316652068938,29.93729031341382,32.58671044733913,Feynman91,None,30.0636001965451
4.678451031140147,2.4238979649825856,2.5825427723617134,2.5888281201732246,20.524935502564816,22.63222894460973,Feynman91,None,21.090576288407473
3.8493036063427692,3.392722728643059,3.8993149032933583,4.228763521001927,25.70622045830715,24.76014826023271,Feynman91,None,25.73541118532174
4.563318023591717,2.250300532331762,3.242019507196334,2.7488070793358514,21.946895222997277,23.73389869692814,Feynman91,None,22.12075581510574
2.872523279214587,2.2299933015521627,3.146555423603993,1.052232399841289,11.483223643704784,15.307290793535547,Feynman91,None,11.630529998064326
4.122939672133183,3.017321132558423,1.3505744405005542,3.8279201377613075,20.852967541303055,22.237268146136003,Feynman91,None,20.57444667638142
2.9042723189690283,1.8472514784702097,4.60583553035276,4.234848032104466,18.94689851509546,13.740372994561758,Feynman91,None,18.941414862481174
4.0692299767565405,2.5367281109976965,1.5511734037139626,1.9432444548254626,14.454261989615828,17.644635305591347,Feynman91,None,15.083233676146017
1.1116048469157342,3.9616027640597036,4.472768695407922,3.6660049588353414,7.792306259528885,4.890472551483201,Feynman91,None,7.738074460634037
3.8442981882323135,3.2319918944588983,4.757871763471407,3.8871644605810953,26.68761610085388,27.459567545796144,Feynman91,None,26.562729623592627
3.6312495481556835,1.3262818031909247,4.6404962163352454,2.333647197977246,19.466728105879188,18.581606713034947,Feynman91,None,18.870386985760632
4.100266401292518,3.1741462379467134,1.3746923104636601,4.983956390086087,24.875071205171654,23.418504217561164,Feynman91,None,24.630188545878646
2.1985037330120387,1.6052713329244606,1.0506547453502995,3.1791090272963247,8.163380865634357,4.883686035862107,Feynman91,None,7.547202491764771
3.3668632382874,2.7369518596203073,2.175625802592699,4.46154179251552,19.084385960911725,15.029036543229726,Feynman91,None,18.976593209242424
3.464752723543358,4.360777301778805,3.2880796176346947,1.9359564571770487,20.076373147331868,18.810886574656234,Feynman91,None,20.262311525439813
2.8300834417156366,1.8533680142611093,1.3699497156229268,3.517438314403653,11.901201647493993,12.575358000065057,Feynman91,None,11.518270424692169
4.213331893276544,2.8311466358956228,2.385482750312664,3.3361760768104465,20.997442918639617,22.294024530988366,Feynman91,None,21.133135784723816
2.670635226972165,2.0364658597045384,2.8476399828037957,1.9437645789474596,10.694040952007983,11.0911679121078,Feynman91,None,10.890377844266425
4.973719160361855,4.14905763750807,3.186131158866238,3.8740064508890724,32.37659555680515,32.536912509685635,Feynman91,None,32.84646214689703
3.2809108155656572,1.7099000410726566,3.239669441030282,4.9870269194105274,20.301828027332707,22.6381577396,Feynman91,None,20.277988573000744
1.3981245649902365,3.360242051926036,4.04678634537739,3.9128141707492103,9.165751176292465,11.431855320388234,Feynman91,None,9.216287061075416
4.849293358585865,4.75189189521355,4.3588276670089785,2.3385201839352314,33.26224021037619,32.4893487740637,Feynman91,None,33.48326054782005
4.624873512185943,4.624176344981736,1.3983857237893953,4.476790531943178,30.461083632855544,33.03203462437101,Feynman91,None,30.68474687706694
4.984380747295912,2.850820441927038,1.792808131845391,1.0725696787667616,17.616626467332413,17.007100423647703,Feynman91,None,18.799151804934123
1.6444757628387165,3.4447974379865376,1.3315376024148629,2.7260124153284493,7.5486212189891475,7.992793139202423,Feynman91,None,7.297388614631216
2.7867120412413873,2.526233920884444,2.0940439107184368,2.3228605791624553,11.203330700766926,5.357061984908282,Feynman91,None,11.377936744616772
3.149839739904948,2.830335460685533,1.7372085547947118,1.1052053661994283,11.024516163430336,11.959181071076793,Feynman91,None,11.302475118505901
4.34717859890816,4.08249883747677,1.6387628182986846,1.3804490166249028,20.04326545165523,18.3892959890357,Feynman91,None,20.0548636261561
1.5369215631832738,3.854049679870684,2.284582855216784,2.7377506176243918,8.06968657231977,8.519476304524012,Feynman91,None,8.12673482177829
1.5734428983649509,4.902099430173676,3.4016611655805646,3.5064818171680807,10.889463104352563,12.322198316507857,Feynman91,None,11.174326069616173
1.4292679640630723,2.4679073911718694,4.334532942770858,3.4838434527404782,8.69576636110686,8.839554312969044,Feynman91,None,8.663211686304294
1.226622521697767,4.931919360128605,1.6803142816596486,1.024817246210966,6.51353133785289,3.692368996262962,Feynman91,None,6.669159741133238
1.8937806964127635,4.863061460907832,1.6116283719616211,3.931670079275082,12.22988594575707,11.58283311070782,Feynman91,None,12.410340105181218
3.4461674506089457,1.071670965957725,4.58775807715775,1.1222554115801624,16.690077520446536,19.454495521439483,Feynman91,None,15.708494338370787
1.410416684482065,1.7924672395741057,4.054539841091664,1.6014470642511855,6.64796651265641,10.588623757965985,Feynman91,None,6.407156524016974
2.771853660943066,1.7827633182158076,1.253627118162783,1.4569554018064648,7.266563876798816,4.465804422124583,Feynman91,None,7.597861073987413
4.907924486343292,2.806522620695037,1.9124089149900896,4.4462824778635,27.459521686642123,28.208412232123692,Feynman91,None,27.469995941029236
1.9805733095501439,3.5803984979046004,2.153129932095038,4.330687218938735,11.918061619351766,14.14316702776064,Feynman91,None,12.052890853769217
4.893115504457599,1.8822660062718843,1.048871411316386,3.9345017262552626,21.95006042630055,17.87620246801,Feynman91,None,21.702751399717965
4.530152590200892,4.119738122479255,3.204479665613975,1.4525170687069129,24.54270025324097,21.37144276364302,Feynman91,None,24.664767253357084
2.5213866766942776,2.4047171885519076,4.716765633690884,3.027506187286233,15.37763462173896,18.419763905238966,Feynman91,None,15.441635685854616
3.0266257218131014,2.10977130008254,1.7189266203453366,1.6465512008714351,9.626846493498876,12.040552457627191,Feynman91,None,10.043221554612193
2.420663973345341,2.5632630125931906,3.1058211953782884,3.2800379724054296,12.572335770966461,13.760559794530126,Feynman91,None,12.651223472381922
1.2540259784623111,3.4102608127080383,4.637733115948234,4.866244488974293,9.452626454692574,8.093813905298635,Feynman91,None,9.518972415480613
2.762486887463451,4.171510867215612,4.738759579081089,3.3446180931464244,19.73657504022858,19.11509441561773,Feynman91,None,19.977200543970756
2.497872697075103,2.401417659465611,4.74973449794329,3.2213837149110987,15.53991983713732,15.562458513388833,Feynman91,None,15.610207018839754
2.257085168013477,3.5004712500502646,3.849794238549879,2.000343693013732,12.582230446792902,17.15226824632958,Feynman91,None,12.862831621266963
4.3916263010962355,1.6398518229181804,1.9741409921172188,2.7732199880809896,16.59377945256943,13.805479182826616,Feynman91,None,17.10229239047138
3.3408624398857185,3.444085539948411,4.738171918030564,4.013161546701848,23.72187931223842,19.07142570441796,Feynman91,None,23.77521614503349
2.2279333591962995,2.6278531215827075,4.502848133962831,2.6465273284353943,13.02633601813547,10.793517735608411,Feynman91,None,13.160089342661804
4.9841531396028556,1.6836252208030498,4.523767713583721,4.099796723244322,31.56484345830202,28.35876615332378,Feynman91,None,30.79256399043377
3.673769752402303,3.018071882018739,2.107709767393458,3.4639057545357117,18.569749215485597,17.444700740408763,Feynman91,None,18.55656504989916
1.09109159060211,1.3189808504315188,2.5197200562606876,4.312857484151619,5.636778038495262,4.441324928952105,Feynman91,None,5.1792977832922364
3.70472866907705,1.9545130930980363,2.348010521130837,4.63186215593683,20.556211030666535,16.345052792603944,Feynman91,None,20.316217872433796
2.7778214144904756,2.1389140994603553,1.6197520082897516,2.8877432555346365,10.949554424085841,10.467036967153282,Feynman91,None,10.859206672921662
4.430165155054905,2.292879220779388,1.1878904909376091,4.09220217042032,21.43691757910637,15.711904226522137,Feynman91,None,21.03509172397707
3.613050722275152,4.728399833652112,1.318100735511376,1.3356641549300612,18.380151631097554,20.880820024086088,Feynman91,None,17.86656998034862
2.6700439464462566,1.8882076293385812,2.561100655766251,4.968277079728644,15.752884061776657,13.711313476374656,Feynman91,None,15.822719972013013
1.9667682909461268,1.6018823875269046,3.93505280564764,3.8397967829923085,11.263025724266846,10.749843229974621,Feynman91,None,11.220734968482931
4.100313611756176,3.1350847295202735,4.22447064410874,1.8736756338582476,22.897808039422205,18.931026368700735,Feynman91,None,22.713905777158935
1.6354564682650312,2.4561402404713473,2.202891763176052,2.1466628912788104,6.437452199967526,6.00631342000576,Feynman91,None,6.3167389244991385
4.739367235972081,1.251624421170869,2.072598994712591,2.042521592618513,15.012745062608275,17.485832344178533,Feynman91,None,16.234560661331216
1.0416241107070858,4.120904423082041,2.916456819091035,1.4790312188608388,5.479686066571547,3.2076661961005364,Feynman91,None,5.666167852060988
1.622018594299428,3.5799384259811737,4.63734458496966,2.42433527149211,10.283946519004688,8.286753618682212,Feynman91,None,10.515665060084574
1.650359360001933,2.8559976580027846,3.4037310323013394,1.5080679972666426,7.743752141052649,7.036757774886943,Feynman91,None,7.881045567138111
1.4499500115010147,4.9843884652835095,2.4479927611434076,1.6050506662257389,8.381286081447898,8.37912889591323,Feynman91,None,8.706814236589118
1.70376248492747,1.8177461993303106,1.4861872769548978,3.400125349269587,7.040025396212403,7.546482554616215,Feynman91,None,6.520849919388099
4.243971914771629,3.9031897564477434,3.98490144435141,1.5208073759114629,24.53705310510199,23.327703214894747,Feynman91,None,24.42407185405969
3.687891390758214,1.7573732389184666,3.2126478455577128,3.9985438904864354,19.99565738018254,17.830366061199513,Feynman91,None,19.78786982253284
1.2113674951588629,4.902910600290434,4.385209064803789,2.648513485922049,8.589886650460397,8.91394774021516,Feynman91,None,8.802713434075322
2.9265550117468284,2.043925040714137,2.4699551822116037,1.0872431876290114,9.907331445656721,10.035281529181173,Feynman91,None,10.249131286211046
4.645850398651594,4.989566064403131,3.9754209554140143,2.3242065239622156,31.544495349496785,33.426772337112325,Feynman91,None,31.898128633074233
2.283467910870909,3.564640254192852,2.0627944851544884,1.909831553486002,10.366350242709535,9.407922678836709,Feynman91,None,10.475093412747489
4.061603933383127,3.3838685388870053,2.594081241268697,4.06454791538532,23.9256996127664,19.389563523431164,Feynman91,None,23.95841244832883
3.8216701159162043,1.8780665990231364,2.525568692082246,4.99110922002712,22.550056741583006,20.24738709569557,Feynman91,None,22.34403587340279
3.775834574112408,2.073967074727001,3.9520932371596977,2.239655231132236,18.85515685646356,24.049035620972738,Feynman91,None,18.720812782562042
3.2875804042867958,4.717099533638693,1.9152828973105214,1.2104000250412033,17.20394463308437,16.701066314581514,Feynman91,None,17.005407665561354
4.3625402543560625,4.078382441319816,1.2959157730982214,3.6695074725559427,24.592458632042014,23.058635482563627,Feynman91,None,24.412672081858187
4.25662630101976,4.659764462631607,4.539851882872777,2.313151311655445,29.390557121532066,25.310528531779163,Feynman91,None,29.47540808725181
2.41400125988788,4.685394260057395,4.674204490020709,3.314132984045893,17.867618793969378,13.65726091743024,Feynman91,None,18.204398033991982
4.656270256066053,1.7891699307166884,1.235106290891498,3.1571123894251722,17.848751006946493,13.224745592794449,Feynman91,None,18.1416553872144
1.7483471272059603,2.4067858135726214,3.346326744181548,4.860748704571278,11.142527554535466,8.023724694255124,Feynman91,None,11.374711075169673
1.0208653053158239,4.163518828674526,4.5984778114239795,4.378793920671115,7.751502489758125,7.2967465148865545,Feynman91,None,7.6101857113172615
4.386420706576686,3.8259246677931023,1.8940436863651535,3.476084789331254,24.148537384403397,22.666261136473405,Feynman91,None,24.228670361601694
1.8143644720860483,4.5064978959200435,1.1920530296985934,4.703521037591655,12.01495988462187,5.39204100078496,Feynman91,None,12.33140876050188
1.255141990682966,1.286259284798294,1.742635321922649,1.190487822612309,3.1021316289631042,2.394111757349078,Feynman91,None,2.2467658929188468
1.9045176975879876,4.817525635545409,3.3617452931382568,4.7511745790254,14.389326891436978,20.96446656958398,Feynman91,None,14.859670899908101
4.9394016964024665,2.6471534518604067,1.4551599937841195,3.069156938998556,21.27078446564604,18.874332381759324,Feynman91,None,21.80095485590728
3.426008380356796,2.5088132665914142,4.291363852202981,3.722763282527661,21.27683997227572,21.016886338578868,Feynman91,None,21.17872602381774
1.384235132843823,2.11919248841952,2.6887151690922453,4.7196144747687665,8.070806280153274,6.995120819469652,Feynman91,None,8.105498679974696
3.4563327415444958,1.2148949530344804,4.572950675150378,2.2852802085101502,18.161492135708293,16.46796411475301,Feynman91,None,17.608027392898784
3.419734713198956,4.822679326564265,4.700782026777191,2.700662106588648,24.81350726763218,24.028635099972853,Feynman91,None,25.07535767551441
1.5166924047862413,2.085249844726117,2.4673274558580176,1.7277195522178888,5.556351762716179,8.083072426402929,Feynman91,None,5.3520905160257355
4.368026110076975,3.818380212471194,4.822860119642179,4.6602985173580205,33.709840555405016,33.27753885112308,Feynman91,None,33.79444534972838
2.8559155309031645,3.8329733546156968,4.087952820423036,4.24817027558095,20.08299492299584,18.5527476102748,Feynman91,None,20.31907595394677
3.457808301027341,2.018662965059215,1.3121307511989162,1.3998296322830615,9.629986976682199,13.525052078663006,Feynman91,None,10.321037004536473
2.0143341475680345,4.577349774162721,3.8182888892450517,2.452315318419875,12.983522187470106,14.060102235694172,Feynman91,None,13.355714616265788
1.748429611032047,2.1138440841027077,3.434837595918641,2.5929012432353837,8.383274748767256,11.285935684041569,Feynman91,None,8.331706758221273
3.5991345701352353,2.248671767825332,4.311447774629748,1.3987519752452489,18.210914499590583,19.224784726204685,Feynman91,None,17.873025632246783
1.2151636910428492,2.3343940415399738,4.498092911726598,3.088292803105835,7.211542246177701,9.226706994371114,Feynman91,None,7.073126014548629
3.496576252312693,4.86778475546991,2.5749867021738764,4.573172448717417,25.029183324035348,28.64155979918803,Feynman91,None,25.47055181169104
2.610810748679168,4.422072010328956,3.1667959231575686,1.9106680999983299,15.051039756846663,14.961033417768277,Feynman91,None,15.342511627495758
4.055843733700993,2.8457880128863375,2.4443117952510125,1.173267525729503,15.941956077207955,12.373169036376732,Feynman91,None,16.40572193440486
1.4328901159855425,4.690184707530815,4.75501181692754,3.2764551029549454,10.659694000668468,11.277683765949387,Feynman91,None,10.816841530252729
3.527469216914873,1.8533175954512138,2.6778333937568086,3.4201114493309497,16.658747456620905,18.95609012268175,Feynman91,None,16.60839976329627
3.5324300018533097,4.180619742463428,4.649571259567113,4.6242313211664055,27.471226797771592,28.288660818858705,Feynman91,None,27.753674082998344
2.9310017673857893,3.967810435820607,3.805778472929651,4.2742077481677345,20.41129119460576,18.994638482721967,Feynman91,None,20.665436106990306
2.637326235582462,3.284509431146561,1.044919095003677,3.2143774432394197,12.429637818323673,8.296916377842647,Feynman91,None,12.01942037087298
1.9446764424605023,1.094851756397719,1.8575831031971481,2.6392417680046067,6.627585266092155,8.701325580491552,Feynman91,None,6.11839809782935
4.436229788058924,2.8378212998073353,3.159416442793793,4.891517812113029,28.737076316741266,29.20966470854017,Feynman91,None,28.712658375080053
4.38355210751438,2.7715703212968044,4.890575532998968,2.7240902852132742,27.382292177932946,25.90381778510893,Feynman91,None,26.87367479572871
1.9871236132784644,4.421861011749783,1.9138088850145656,1.0421859971807352,9.795868620615128,9.13245638187562,Feynman91,None,9.848070156534515
1.6167273568394678,2.898091115617935,1.3630679750100825,4.912759439968534,9.48126057181086,9.716866725213,Feynman91,None,9.638938734092864
2.352021244216638,4.562329654175725,2.700555336152145,1.9744878633880698,13.306382891440247,12.58124870471156,Feynman91,None,13.568077203753344
3.1139518408202096,1.2150545333993166,2.75530438575378,1.7318172065303257,10.81722984727766,9.431525011332148,Feynman91,None,10.976694259847156
2.580417096600598,4.187058566320591,2.255326179316528,2.9830123391487717,14.486305814126963,16.17854838968067,Feynman91,None,14.587307882113265
4.683664432717213,2.860020384478617,1.5756166253291473,3.3714546657401376,21.98280329535053,24.26522217260667,Feynman91,None,22.175145687691693
3.2007405061568783,4.402510800599598,3.0328990298546237,4.052800868361447,21.47259720676845,16.125087162400032,Feynman91,None,21.732260714080184
1.9617738679742054,3.276851010390839,3.007700465450381,2.905868697956093,10.422926442431612,11.293210294800318,Feynman91,None,10.56629158352091
4.777007925025597,4.608894377882715,4.091017438569585,2.8584711439496413,32.45174056867538,33.24044167577864,Feynman91,None,32.77430813311022
3.471674026707406,3.6772286245226455,2.4473216350963334,1.5319824703236384,16.231092976894217,16.622188917399345,Feynman91,None,16.408873333507838
4.177103309049091,4.882931662251359,2.432711631542899,3.130746279206764,26.27350823040475,32.87050968871374,Feynman91,None,26.55427991405346
3.3517588730021717,2.852105125171821,2.4124042933679792,3.1288833134110807,16.33242624125199,17.70055761742214,Feynman91,None,16.41665142013168
1.3328051206386662,3.922268240243681,3.648978311646823,4.9645089204806485,9.734549818265302,7.123718164726945,Feynman91,None,9.989156334297794
2.1683168010312537,4.03545942474033,2.7665944911958738,4.832925140992941,14.911989831852088,13.750212643165344,Feynman91,None,15.306896236094536
3.8805069354819937,2.569345193591133,1.0806779280353203,4.072998232255698,19.152066591020464,19.8509037432303,Feynman91,None,18.621748277562986
4.131690451846323,3.5105416551801594,3.8066124779077994,3.768414612389325,26.460614666555788,26.392700331345427,Feynman91,None,26.488725728784697
1.696387679265432,3.913735337711492,2.7561655926660182,3.0319383679003313,9.612161817903997,6.862544823279398,Feynman91,None,9.760992169091207
3.789505500509041,2.029454568788491,3.1901936381690317,2.126628145913118,16.439016624958413,15.968010205379446,Feynman91,None,16.640077496522093
2.3979945488754315,1.6581172536344835,3.9675298712205955,2.528182300440673,11.961727512981204,14.97270893343675,Feynman91,None,11.902628751943652
4.295086290059324,4.614131542342902,4.984613372190494,4.215622977691533,34.336000125747844,29.065206184717056,Feynman91,None,34.65586817332842
4.509637459001523,2.469043672688475,4.3110009469654,4.674612631442713,30.762507404856365,31.27221027127408,Feynman91,None,30.461262846048147
3.093956194791669,4.376715422361167,1.547486191450739,2.897357424660236,16.930763657276632,16.73339456644119,Feynman91,None,16.75187592215359
2.5041018226950817,2.0300760762677106,3.8221780116019035,1.4904331237946908,11.462016857532312,11.16967928601138,Feynman91,None,11.480340248964042
3.324391889952837,2.496348985541203,1.975401900104969,4.361146755896655,17.94973745281018,18.45260582256391,Feynman91,None,17.760777049897182
1.1267098010709642,1.3029612304501246,3.3682120061789145,4.88736920460605,6.8469235761445235,7.530592618475351,Feynman91,None,6.801824274495476
3.2171352329246727,4.7684888454022945,1.7788824460065404,4.364582247535338,21.56980297432722,18.687658796599877,Feynman91,None,21.72598864085738
1.1055496741496769,1.1775141019328146,4.209271690405779,4.315653502330516,6.790754867915226,7.879549140801086,Feynman91,None,6.550627919622427
2.0066614159593748,1.2907429349264792,1.284025303030758,4.723677743108185,10.158517988316945,10.242142254907195,Feynman91,None,9.779625542539861
2.0727207074984877,4.546420263583613,3.784738804153379,3.399401353544749,14.141685135279895,11.535135336889901,Feynman91,None,14.45616393034015
3.5895587717315864,4.844742526784669,3.991184318348603,1.8858903872848014,23.52672096836478,24.219050382314272,Feynman91,None,23.719905444864224
4.508840837122175,4.268301421059041,4.474413466321154,2.4472979398454644,29.985669658908108,31.67842105832412,Feynman91,None,29.982310760293682
2.5477593137343573,4.008451282936805,3.6441877530506446,4.254340498422696,17.549457193391593,15.201059985880176,Feynman91,None,17.830855683981998
4.491267558594441,1.508086615558292,1.8154915550049653,3.003344290942772,17.15547322058377,15.184644520790377,Feynman91,None,17.54508441523487
1.241464511926155,3.6293330700482196,1.7793616762092226,1.5278697817335005,5.364588170010623,9.383245172266157,Feynman91,None,5.265284769599133
3.58771542541309,1.6206389915642982,2.489925593404143,1.8007041042942178,12.463754097663486,11.427820894212488,Feynman91,None,12.952237297603263
2.876423021351481,1.9095032011247683,1.8162987809667488,4.288085435115731,14.477531826684766,12.860878146985476,Feynman91,None,14.198495678033787
4.274666832610731,1.9454817471640071,2.047391593813066,1.866397934898541,14.470964426999098,15.446059694866948,Feynman91,None,15.414746195244115
4.6366933800724075,1.565065940619534,3.3504005543074116,3.1554929791695168,22.540125527856816,17.36517901252423,Feynman91,None,22.403426433275094
3.2303099373820894,4.212072615775129,4.42437049928353,3.0393395154370784,22.04060963819522,25.035631225436923,Feynman91,None,22.233741820090057
4.434569527479107,2.7208530129539166,1.7233210070491962,2.305605183803482,17.564865653470967,15.580185877403743,Feynman91,None,18.190537528884313
1.161391378841706,3.64410175013386,1.1850015740544602,1.6414941591853456,4.8415130912718185,7.9870065992560395,Feynman91,None,4.514198710597145
3.189333258014164,2.4960519954060705,1.9826321416789763,2.156796820356016,12.274947095562622,13.533082412442054,Feynman91,None,12.567516270419365
3.369256030348799,4.023384025116299,3.538664998241942,1.5335868737795084,18.777870037290235,19.80374471099109,Feynman91,None,18.905425321843282
1.6489542859345923,3.533539904410529,2.3409011988414026,1.2049227431451768,7.266176793125476,10.871564288822574,Feynman91,None,7.394074082591437
2.889005773323645,1.8866358813500823,2.0127809395324427,2.5724266151108512,10.897359168463092,14.6494929133287,Feynman91,None,11.004592829029669
1.6924040616588294,2.236311558779065,3.9697045244675917,3.2934918736319654,9.514672774397932,4.637576626876455,Feynman91,None,9.499163204514103
3.4269607633176307,4.333398456880082,1.1050865948678132,1.3289142441230881,15.988001151768314,21.372986981640047,Feynman91,None,15.4372456719886
2.1779055352014343,2.1853173936449743,3.0992308581060444,4.93070697664949,13.547327901675466,16.20897207868977,Feynman91,None,13.77912058559866
1.000109234079384,2.9376732611621903,2.0444520369635355,1.1204961228049095,3.7507723008108824,-0.44911967861061886,Feynman91,None,3.441110715870329
3.6468649816533447,1.9404071202685578,2.7232811204140095,2.810891070331327,15.93081050111177,18.65992417078112,Feynman91,None,16.083859077194358
2.4733995165081613,2.6916640453285443,1.4815425620143068,3.451032528123348,11.428510808018654,14.471433319060768,Feynman91,None,11.180965416806043
3.0568118813100535,4.242752864774021,2.8750240969606518,2.280079328574,17.146910215858583,13.955562473864752,Feynman91,None,17.357216194128146
3.069911194881077,2.34390199996148,3.0327366985347037,3.8449348684644997,16.666788653453846,13.616021433999604,Feynman91,None,16.65161547710486
1.8659001302701785,2.143149977204854,2.603244740752663,1.8605155907412807,7.185894462086852,9.985116006549525,Feynman91,None,7.178829008297875
2.075957795176791,2.4573575510916132,2.237525353929761,3.1753012286397615,9.542106468124974,9.539835411443613,Feynman91,None,9.465744676898028
4.033101918072955,4.93819392196881,2.6706866213085294,1.2388923713883058,23.187067424711294,25.13995263906754,Feynman91,None,23.156798770549813
2.0925554688292904,2.0007145054928444,1.300515715840592,3.9344930688761512,9.629037945705933,9.222697219954274,Feynman91,None,9.196189449309573
4.186172296428939,2.1574830231129685,3.2749763829846996,1.6145081735680349,17.753931272690885,19.19451759585864,Feynman91,None,17.98207287927368
4.478892269548952,2.179889628213767,4.736715820331531,2.0983835385485863,25.174247029985754,22.219656646326385,Feynman91,None,24.45002375711612
4.589371731980431,2.71210222138971,4.20750886603669,3.2313320360456452,27.344390341646342,24.459154935159873,Feynman91,None,27.0892485334142
1.86193055789232,1.4166975116258622,2.8511452717615215,3.487864165569794,8.792819481457055,8.638659314846587,Feynman91,None,8.517347363574228
4.803765293395683,3.008854230666731,1.4557522581513043,1.777676936725321,18.186267260347506,18.980633717429395,Feynman91,None,19.073932821358643
2.289141942240678,3.659389289694721,2.304458019830837,3.587001926523108,12.861686053897,12.6684544819328,Feynman91,None,12.935233171903311
2.1797863959524886,1.62564163746422,1.8747914977771902,4.792071947821103,11.76307494072242,13.495567103112311,Feynman91,None,11.655762870900919
4.173714615583359,2.007440458822056,2.852632710613911,4.891161460829669,25.073845790458304,23.96919474931549,Feynman91,None,24.85420659116709
1.646551666117574,3.290579519980039,2.6437846215998637,1.6892080572595218,7.486096460094386,6.3499687100217015,Feynman91,None,7.622583512468735
2.6760396839789222,3.3255464900047733,1.4314952135680388,1.829582372846767,10.855558627184482,5.749201764758948,Feynman91,None,10.797510385722626
1.110121712537242,4.078717939387699,1.123986416700618,3.66419980293633,6.213275526273936,6.869428951654318,Feynman91,None,6.099655555859014
1.226807097351124,2.6359283506664353,3.303080120182638,3.7034007854395474,6.893480707440161,9.996351573590275,Feynman91,None,6.7441030961991455
3.182576283051256,3.005455389546247,4.348733149243302,3.4156977869522547,20.030325426577825,20.17066108924453,Feynman91,None,20.058321465557416
1.2367374228399188,2.574603726810635,3.078571773174842,1.1523117080281318,5.163880192319075,6.3823235198662,Feynman91,None,5.0421766045702245
1.1156236845603829,1.969422758545154,4.258598559273768,4.253285217881228,7.065053995570497,5.465457047978983,Feynman91,None,6.908706410342834
3.656054349836787,3.770022492661945,4.6676321466597654,1.3001062144305369,22.44535575541,22.48855688063497,Feynman91,None,22.182139688725986
1.1998435654591928,3.8227145683349026,2.6225841134188084,1.0677939956071278,5.707936956024002,7.454865482939349,Feynman91,None,5.858312294723136
2.1291132719695773,1.3913504469944638,1.476954128131124,3.3898993007782834,8.411659270801517,5.861210051155901,Feynman91,None,7.873342288947557
4.234353131665655,4.354593157286645,4.8438601631167035,1.3381439990914776,28.15640818733015,27.031993008970893,Feynman91,None,27.768386306708525
2.56376035068203,3.578215155954416,2.977221582971323,1.0180310491776932,12.21595065776802,16.158837553177207,Feynman91,None,12.416856506715385
2.3807226332440035,1.0559937460013944,3.572395039315528,2.0334811467408938,10.103965992246623,10.121537136358514,Feynman91,None,9.840771411229554
3.4033260317605807,2.703914795821264,4.422509206431005,3.4470404387489277,21.186034132095322,18.348667972716097,Feynman91,None,21.107908703496065
3.242332072111788,1.412586714663382,1.55751713721701,4.1472243396588215,15.076227236817463,11.426582453849454,Feynman91,None,14.56288184378211
4.051328177604398,1.8515129491160724,3.166242930458241,3.688308509736878,21.07345547425827,20.0698022008608,Feynman91,None,20.904420185618967
1.9715673826796603,3.793498679898833,4.592838258197556,1.9077168788100334,12.332020678875988,14.370614987384938,Feynman91,None,12.650962178639112
2.2268573956894113,3.4929434628995395,4.6648820155287885,1.6766610821217807,13.503823841357429,12.360323322969284,Feynman91,None,13.75602651846269
1.632841767892009,1.8551123477000684,4.062532538357701,4.815507489936223,10.724020043185018,10.866242434997503,Feynman91,None,10.921820718329892
1.503214908112708,2.975976451286446,4.5958497367896705,3.6413647283482713,9.884459065197559,9.459558196763151,Feynman91,None,9.942527702553132
4.246333257057925,2.8190171602319336,3.9850893073889053,4.203879567976602,27.355219614218232,31.074137569236044,Feynman91,None,27.19538060463277
2.9790480674476223,2.7479423915073404,2.0166855010851314,1.3240658949034412,10.893445719579509,10.156007304117182,Feynman91,None,11.203088689545432
1.697668166254144,1.2755022071562565,2.015371663254983,1.4274154818125,4.718828546471929,7.371798323038766,Feynman91,None,4.312638067108648
4.980048540108611,2.751114412955198,4.8754095209862065,2.347545481867522,30.230666031637043,31.053177504514498,Feynman91,None,29.52610166122086
3.8519807224303313,4.226441772670347,3.1956074550541542,1.3384999898319463,21.051100828618335,18.37385914136695,Feynman91,None,21.099282362360462
2.0758794155130684,4.097570631356655,3.6963904044513503,4.660379507511417,14.994191295380881,15.30919288635033,Feynman91,None,15.345024855039725
2.873727153208502,3.6387529049431686,2.1586791205990994,4.26659901441816,17.26731884098416,14.232910477747547,Feynman91,None,17.312831916117283
2.022722836280535,3.4425418363353897,2.5407315288974304,2.114328382644626,9.653453055164476,8.366370550867266,Feynman91,None,9.826687219204434
1.259045100452806,1.6334523825791214,1.1800190939957025,3.6517192152918576,5.251239241699019,5.472866236177441,Feynman91,None,4.44564197531619
3.4495854136817328,3.9579655470122557,3.7214340425179246,3.0622345943683893,21.51276170003294,20.400751924387016,Feynman91,None,21.678834547298898
4.922574747190589,1.8918214777917721,3.070377075153442,2.2205094391465927,20.848057778081664,19.51797542575854,Feynman91,None,21.36489969927121
2.544518185196355,3.368971389862642,4.084753612715909,3.0609187022993343,15.562054298277689,17.49659619046963,Feynman91,None,15.756963369762605
2.05138028935981,1.5326753740984844,3.707198357483169,4.317573442995725,12.089898781270504,9.75740543605102,Feynman91,None,12.109459232968161
2.6916439850157303,3.7131613916845785,2.033485982221992,4.282365233534366,16.208365080982034,14.671383746977043,Feynman91,None,16.26052496868677
4.87716079606894,2.545337081741255,4.4517265575267135,2.900531650744883,28.73376046586029,28.144282117052008,Feynman91,None,28.303035780546534
3.553508155557433,4.0791916241756185,2.6043318052805624,3.5295027363147202,21.28540648229705,17.725381798683696,Feynman91,None,21.401369350874877
4.872105465949324,3.992290625375872,4.285869039223635,4.881515474392545,37.148406795177635,37.488816879310455,Feynman91,None,37.50312783890864
3.699681855924582,3.423792689607109,1.967265063586321,4.768981480054028,22.906879075334725,20.41622269756478,Feynman91,None,22.87303712869807
3.784087716773626,1.13977062692969,1.7274408840574353,2.8932270828288233,13.460873949526512,12.23121922451783,Feynman91,None,13.533385806499687
4.538078226635757,4.187663074593729,4.601250812442288,1.5584466762236056,29.10631080021619,30.17530326031509,Feynman91,None,28.78746605439136
3.824165826110137,4.11434826466272,2.4889260484962645,1.8883661448511497,19.75600531023406,20.954868586436714,Feynman91,None,19.90610309977671
4.9925510337784225,4.426105907989435,1.6477517887032311,4.288095598946061,31.848117900456977,37.39595365982989,Feynman91,None,32.276493722481355
3.4755220018964517,3.6666258425048914,1.9155426746600361,4.486347435023786,21.209445877146802,19.44506081925763,Feynman91,None,21.167342872302008
2.4740346742293533,1.7088092223497595,1.5234410480404645,1.2322615270776955,6.432190434011195,8.168948884463195,Feynman91,None,6.67640808344871
1.5835633122557775,4.45327114111957,3.8719413482378555,3.460815410487736,10.833332076581234,12.707653879365559,Feynman91,None,11.05566712517362
1.7282578197344134,1.8837218246800655,4.737809483291109,4.450763917776609,11.696685757784264,14.206323021687556,Feynman91,None,11.858481611628903
3.49333702822828,2.363507534290729,1.9976307880348725,3.40890536755119,16.083519602167684,18.60588046499448,Feynman91,None,16.03542482343151
3.4782551585261046,4.699012558439039,3.62194930682018,4.048265036898132,24.982417398698463,24.7634552409573,Feynman91,None,25.349450800540165
4.316373330893198,2.7293339701231094,3.535639972443089,1.668108184155868,20.579913482212728,20.397450438483318,Feynman91,None,20.669032386268682
2.6685588328714305,4.1859734735283,2.985752430775084,2.415188649505965,15.159252854003597,16.945555205997902,Feynman91,None,15.409643216862035
2.854764190780806,4.012891311701585,2.5683883761062196,4.640454542062604,18.98659300116463,21.38143235556622,Feynman91,None,19.244200269456588
3.6957952077671457,2.7003306216350875,2.4226940743603125,4.043344724353732,20.076663311451107,17.037646335793035,Feynman91,None,19.996130673154934
2.659987773907989,1.7132170619111764,1.8220157366619034,2.1367396064910573,8.749908463431986,8.015017033245348,Feynman91,None,8.888311949865814
3.0680890959617613,2.6885556673699136,3.3917033045281055,3.943842065435387,17.964931847888934,15.377303000295036,Feynman91,None,18.002799044462762
3.8928188542521025,2.5513186358497113,3.0902531948892755,3.2087480108781907,19.984594368836557,19.29865415335468,Feynman91,None,20.044254384616167
1.2629394061595542,1.260576371748459,3.158611067117018,4.051423077934931,6.680448754626023,6.75468767758515,Feynman91,None,6.291260304639972
2.1265412077999994,4.581001221457208,3.4533091657907193,3.790794252272381,14.622354260761233,15.134143967895378,Feynman91,None,14.941479066188785
2.251021562648794,4.344359333153889,3.3100957196946905,2.26492753657119,13.309627974843895,13.647387241551877,Feynman91,None,13.636476327153154
4.54691915124285,4.036759895126451,4.534452274370758,1.207006089333745,28.144493548106873,30.430879876915505,Feynman91,None,27.65770336840015
1.8297889911894272,2.0322719511562934,1.1240311003907606,2.8231268004054124,6.689028885100487,4.03546230323886,Feynman91,None,6.15190863645716
4.471360803601506,2.873833349230281,2.3004596076068218,3.430755399825385,22.499928055985766,21.324257284624192,Feynman91,None,22.67718341081843
4.515600616092827,2.344986760269562,1.3390576302296515,2.420120313707909,16.37428051106601,17.785589792332182,Feynman91,None,17.078541825105912
1.1445177630741878,1.2195235929512624,2.752709234563375,2.014447549174184,4.146037492146676,3.2006229550088867,Feynman91,None,3.315267328281002
4.954483646065148,1.8688711587403488,4.418854960872855,2.937655215582294,27.872560291852828,29.248946336746943,Feynman91,None,27.23282470724447
3.5644437436536656,4.708410768721837,3.3091010045567306,1.135400566246791,20.90855906949615,24.829930656063535,Feynman91,None,20.926033562062976
3.348621314412604,4.586854512308884,1.895053850550437,4.3282283427955,22.05112876698283,19.997164224947312,Feynman91,None,22.175777641689443
3.8171861575139063,3.7331772607061118,2.27257544123829,1.4576020123735183,17.586342618712184,16.486950645258634,Feynman91,None,17.753581298664493
2.8224003118746954,2.238258363331659,1.0312943840229236,1.0249994324323946,7.5332145495389495,12.051862097412231,Feynman91,None,7.738079742253991
1.6336406259231575,3.2790834845954073,3.455665862480394,2.431444149263071,8.737448000594604,11.05115543933484,Feynman91,None,8.894644708950457
1.7867434705927523,3.7326943446327308,4.875182813580029,3.9426069743827985,13.037665741598847,13.835491500449567,Feynman91,None,13.205306318108617
2.5252575243037207,2.19458300518715,4.328491868505659,3.4591361477048985,15.049699984847956,13.325812973088937,Feynman91,None,15.092303072409027
2.9666824548769397,4.777270959394061,3.2295810133139544,2.8966140636850426,19.144386993324932,17.71736930296597,Feynman91,None,19.44791993221548
2.2571719003936397,2.3175593603591795,1.3717279327957086,4.60879492421312,12.048670610679116,12.975827195868495,Feynman91,None,11.85484716638928
3.2033030028516536,2.4541537769918076,2.642600324444999,4.326274865681903,18.041980041658704,19.378375313765606,Feynman91,None,17.987087130803296
2.98939916518717,1.7948793905319116,1.0058569725330249,4.6526321928801035,15.207883789347768,19.077600490341915,Feynman91,None,14.602500515884328
4.27304066907236,2.652254279906652,4.064430701121783,4.57157706433923,28.489796987621546,31.90063906860398,Feynman91,None,28.30252603493683
4.853351110289674,2.992731249193612,1.8927811696106591,2.235675980106254,20.324654670040566,21.48089205489078,Feynman91,None,21.151564044844793
3.11971378468351,2.0190179124928176,2.5925121643043267,3.781759301140876,15.629503300943691,15.108387238805125,Feynman91,None,15.537005624367787
1.1620672117273276,3.106987903100046,1.1992733425743038,4.509577615024231,6.514619748674581,4.1326973891237495,Feynman91,None,6.481593566815093
3.7853396554253567,2.7922941666757266,3.405671502068157,2.256592775557461,18.73177768587748,18.266547691356273,Feynman91,None,18.88197246471707
3.5845534180722827,1.6397327418702967,2.3242187701265915,1.6093173913676555,11.714756468376452,7.344959327706998,Feynman91,None,12.318835588280608
3.2300785068628115,4.339442863291209,1.63742852828114,4.111291875939928,20.01988416508499,21.89631129043028,Feynman91,None,19.959400893269347
1.9608719630258795,3.9332176024002816,4.503483511266775,3.041632999519037,13.154381464021181,10.212101900213783,Feynman91,None,13.410794967958056
3.803475847712236,4.651425878621625,1.6640485210358262,2.2567663893106378,20.65739645438218,17.77315600570895,Feynman91,None,20.518570201697255
2.590948638782626,3.1232029969751194,1.0229015856806152,4.599825601918762,14.647253952162355,18.508331107966125,Feynman91,None,14.383547886115391
4.061647122746426,1.4607881566295413,1.7787617657056414,3.365564607650017,16.560825412618964,13.32932841176013,Feynman91,None,16.503162319007146
1.558840448674355,1.157774269354971,4.9942347239405045,1.7239052049258325,8.431391869998484,6.438520495303032,Feynman91,None,8.08342530503853
2.4448159928022988,3.048853338297278,1.1673601965160971,2.541740371796775,10.115359509832595,11.060525377770228,Feynman91,None,9.850287591885106
2.892706267213739,3.0539681820617113,4.4162150752473845,1.5262337396277381,16.147175174154878,17.896496583152064,Feynman91,None,16.184032914815216
3.033452080189583,4.087529679923451,2.7025362384067764,1.7188354344952486,15.752350757377414,14.51013531486413,Feynman91,None,15.933432971794655
1.0980108084013072,4.7369863264054075,2.689126015612695,1.6044052594165676,6.234976272952966,8.883674770345143,Feynman91,None,6.525852755630159
3.6054995977813915,3.5691616205592944,4.229029292058959,2.542194204193151,21.956975933331705,21.788559536580685,Feynman91,None,21.990315278633915
2.530091006244918,4.405597807720426,3.5480118048168086,1.430059177196899,14.762110592498344,14.226006566536661,Feynman91,None,15.065092283378032
2.206851839698879,1.7959541927896625,3.5215879017825933,2.481053158824549,10.29979567769494,11.841378709369197,Feynman91,None,10.28001443873871
2.2200504428568646,3.4312989127085194,1.5787084342621536,3.3610731306266453,11.224533136033806,12.498398165965417,Feynman91,None,11.07850502477005
4.039648549757191,1.2922180318392615,3.9131558008932026,1.294169122641362,17.44898566174706,13.67343334980086,Feynman91,None,16.90582409166458
3.1755706212604378,1.9898827398980328,1.3412111296823714,2.9090551492523535,11.975346903469434,12.051521947306332,Feynman91,None,11.860351893511044
3.831559512176238,1.114930144833779,1.9956747345033041,4.402040889843352,19.00536592685933,23.05681365171623,Feynman91,None,18.46119977822041
4.706019945731132,2.9604492642153355,1.341810621974823,3.4993868182144023,22.476073293179645,22.676890058021467,Feynman91,None,22.529647382003812
2.320899116633674,1.6985943531350562,4.145682622364294,2.7203362344599817,12.16473017630787,9.818866715058114,Feynman91,None,12.113149370690204
2.0507070001972942,1.1831895968289636,2.7273264662332255,1.6708648917992388,6.993493211764302,9.627044924399282,Feynman91,None,6.764746429959813
2.5185501068410012,3.826632470225327,2.3597929072497057,2.0042457164960834,12.396983011827956,11.403411767282583,Feynman91,None,12.56731031625658
4.50643501693061,1.580934140561919,2.171621224409022,3.7524242537248362,20.79610112833982,16.994883684392978,Feynman91,None,20.699487225526152
4.567998146449394,4.68563508991088,2.826498863962416,4.772341252975804,33.16741418476347,36.50731248592277,Feynman91,None,33.847485176041246
1.725804313359507,1.7290257402689706,4.376019153331358,3.8603359639539,10.503510383139673,9.051359576549705,Feynman91,None,10.49501934181201
4.56919092969685,3.523457542946802,4.8099028534248855,1.3876718771676742,27.97134332358048,30.683831413630156,Feynman91,None,27.302667373285487
2.1852252191152193,1.9771671244665892,1.9609534838564722,4.286003746337805,11.16912123260274,14.293893383097767,Feynman91,None,10.995977416599533
1.519666424150619,3.2752537149232204,2.82495571331679,3.6121364251534334,8.563585426298292,13.691369076584456,Feynman91,None,8.587594294258537
1.0256401216038467,4.166962402535631,3.73745893326751,3.541375267836151,6.793541147794818,3.955434464712149,Feynman91,None,6.768969237248339
4.0840830152496,3.1339011136613255,3.708289552373533,3.6899647558478037,24.905737291616614,26.16169976489373,Feynman91,None,24.877334933521947
1.3293231615581287,1.6251211898348439,1.2824032862205779,1.894115995636271,3.7299899440830924,5.382770273358696,Feynman91,None,2.9407898298196944
4.592316064667117,4.860072284701122,4.176073097001549,4.585909652921519,36.18630146335087,36.7909944118282,Feynman91,None,36.896699511694216
4.270061619167883,4.144345212650105,3.8059082827585398,4.445874840990599,30.62153399044413,31.262189693341156,Feynman91,None,30.896906479598098
3.619718232948907,4.7492021317124085,1.049939845252248,4.648662373709275,24.35383345801968,20.689048655362804,Feynman91,None,24.30020146297536
2.208790350600411,1.9625449183829216,2.253727334899802,1.3621531696603357,7.254230688796605,5.800652432384964,Feynman91,None,7.3771004368122455
3.178200304885078,2.2059935256402077,2.0818586985456875,2.906736982238638,13.352096830179027,15.883659882460304,Feynman91,None,13.43449181593441
4.626704342201259,3.1963688663160514,1.4269426546771729,3.666430719364593,23.453171614599633,25.46408539877393,Feynman91,None,23.42796955406468
3.853548113601088,3.122215482251291,1.4370401900784913,1.9609455744177438,15.248866067488594,13.362719907596004,Feynman91,None,15.469516789883254
3.95593273218945,1.1105692625791725,3.384523020189045,1.3361725927967116,15.050084623368354,16.651195883844135,Feynman91,None,14.8913987280714
1.8860197535848338,1.3770707315613815,1.185304482217302,3.9980655592757133,8.282568801247518,12.307011793090957,Feynman91,None,7.623080909221737
