epsilon,c,Ef,r,omega,omega_0,target,target_with_noise,equation_name,varied_variable_name,Predicted
1.9482981905185086,1.020256955939651,1.3174366382989047,1.9254732368224148,1.0806220957065216,3.1743348311473527,0.9205744055834391,0.09979772163699685,Feynman33,None,1.6375751932394056
1.7093263120319486,1.1025945325170285,1.5615729930800386,1.1191996844666017,1.5054606062551228,3.587610475418857,1.1014462143041124,1.8723824952699033,Feynman33,None,0.9943030028527567
1.4139837117694931,1.6628812304339953,1.4358338060098648,1.0934221878767505,1.8877385153175594,3.2538233209862266,6.2488522973555245,6.3645364106422,Feynman33,None,7.171042508923495
1.049514504557634,1.4738631098717943,1.024911976040557,1.2930026644354748,1.6386850688524164,3.694966458672419,0.6821404435464579,-0.1038626203954689,Feynman33,None,0.3579893372106622
1.4727241346691287,1.2368887072166186,1.4088963878790701,1.6046257737994307,1.437462819801952,3.7304950540686734,1.1856991500306255,0.5136933281654992,Feynman33,None,0.878616563679674
1.7465850390659308,1.284794263021905,1.0857874586008713,1.9630211308273275,1.3259909755119743,4.705918672212686,0.3176064570180315,1.3965813563678946,Feynman33,None,0.3450061125690361
1.5866858040009588,1.3520543171100385,1.441000740183561,1.9641414601687588,1.2212939402260026,4.882684769515455,0.3206344838250536,1.7673580882855398,Feynman33,None,0.39643712433888467
1.772954632608092,1.640521784156855,1.583522692814529,1.9529258091644308,1.3258723902293656,3.6602063671692697,2.657975439682581,4.245872728066067,Feynman33,None,3.0485145978581545
1.6109780479761422,1.8246699406085116,1.0446500004090207,1.941689099021644,1.831336339289913,4.2807834354650405,2.542237756891938,3.423504098693684,Feynman33,None,3.200239859993007
1.6585306565694018,1.4381301249447258,1.9080191266178543,1.5940048777846392,1.0699638395257949,4.638684771686227,0.29183652092868656,0.6911692525817617,Feynman33,None,0.44859623061258397
1.8707859382578356,1.5106580114070884,1.4663173345358569,1.2270665110797339,1.3834152600926461,3.084380707152426,2.430544686541967,6.18554873719698,Feynman33,None,3.013533352448124
1.9157680457235138,1.867960860227328,1.0635687925572697,1.2781102680978855,1.976530606483251,3.05122286859508,14.47988481774319,13.02342592306893,Feynman33,None,14.90819856139343
1.9618808457353911,1.4376591280918412,1.020723388212902,1.7284577390016662,1.0900291862533673,4.700318232334158,0.11879827666180826,0.38555789556436876,Feynman33,None,-0.09131642857072621
1.2757666174350715,1.0098193510001314,1.7309175213468138,1.6196790563124854,1.0115251222209638,3.7557182618621017,0.2594519317975646,1.2819584513494924,Feynman33,None,0.09963613743111085
1.614540381629839,1.7743728998742674,1.773884895874492,1.3205393382567365,1.4615305741302045,4.1199480109549675,1.3646545112195112,1.3227298129210985,Feynman33,None,1.1633500753353685
1.4312648218401165,1.4990483944749715,1.453070643958398,1.7351827821821035,1.1625051112130254,3.5306733769688092,0.8447114952685679,2.2892445241573665,Feynman33,None,0.9170465166898596
1.858679712317757,1.986691623066565,1.1202514534160044,1.4257433550625347,1.503721777514261,4.089408255606617,0.964596694679362,3.852748365803512,Feynman33,None,0.8633655994293462
1.2857802615877958,1.2784786453374788,1.7127779981209796,1.916599511907227,1.8522018845966532,4.07145472988177,5.053283985319038,5.242408699984212,Feynman33,None,5.759705993549833
1.1559870319681007,1.5884468913153083,1.6844854234159068,1.238264904178394,1.241922329113725,4.209499672530965,0.3041795102884813,0.6093625343300156,Feynman33,None,-0.023876679323283172
1.2698654267840985,1.1688446919181135,1.3085590695605203,1.373363998173699,1.1594440016711423,3.1823163584736562,0.4704262556600025,0.46897306245620685,Feynman33,None,0.485135629679876
1.5895829500779024,1.167729500029394,1.5378607189540574,1.7315403476239024,1.9341393166657515,3.665274732299316,8.211397228646208,10.339440301839549,Feynman33,None,9.293862867384737
1.2440079846820153,1.1923838146303247,1.9984311814046891,1.742286876950629,1.5233489402643783,3.1127542726881834,7.470808956558156,7.99330712959778,Feynman33,None,8.635996021105292
1.0422205866930692,1.3721325306976582,1.16716738328476,1.7520646076921615,1.518179810966278,4.831050226202221,0.30078256746274606,0.19500019086995893,Feynman33,None,-0.2263872243205815
1.5196880700781146,1.5484231061412488,1.8675728988965496,1.7564907113388262,1.127226042954975,3.580225942574873,1.2842712042067712,2.346914874388534,Feynman33,None,1.8172109105904002
1.7645808901661013,1.3451652779463723,1.537849473262014,1.2728062472588368,1.2585881920284212,3.7579805127170083,0.6080094128993974,-0.19530065171263522,Feynman33,None,0.39738625468219685
1.3450546081021284,1.3373478110082784,1.219941098671034,1.7831326505608978,1.3568642115589953,4.106165366173683,0.535737128057031,3.16966491725847,Feynman33,None,0.2831087888995938
1.8191167180279368,1.5422185716594383,1.3998485566847538,1.8884461645292387,1.326011682409114,4.944380978384578,0.4932198814589542,-0.7960834666333374,Feynman33,None,0.5579918252004387
1.9181201818662705,1.7137910109151486,1.0702955473045483,1.5712660174842004,1.0037438964014092,3.223571796382817,0.4489033566608809,1.7989663274512517,Feynman33,None,0.9862389718065827
1.4289989402445067,1.5041437234426542,1.7646430014076704,1.29427329407253,1.5323038272086604,3.69731912139327,2.019725741122321,5.2005836758535775,Feynman33,None,1.9892935734357708
1.41341614973167,1.0949631238363824,1.0737203599586655,1.4809263858907462,1.188945022899432,3.6884953490364727,0.22036715019790093,-1.4392846561630772,Feynman33,None,-0.35032143611681565
1.9614767730096445,1.8048420879640075,1.6034497148130384,1.1240442274324631,1.4358715800803785,4.94714356840651,0.40763379533354255,1.5866103923907355,Feynman33,None,0.40625724322643564
1.0205956886664747,1.3177741753949679,1.9418298144421462,1.3122876959946137,1.5690504719775427,4.501620862118149,0.6995859807483763,1.067867088284724,Feynman33,None,0.5727947452328817
1.7845627754986504,1.7428994960129507,1.4190902912533223,1.1773776456694414,1.2689861729730012,3.886868457373338,0.5176907634257192,2.9574043334135416,Feynman33,None,0.31217463235035425
1.0498084443625508,1.2682612940899185,1.39752107603287,1.471247796243101,1.8621199427584094,4.875279913338359,0.687855752217972,1.4734932287986255,Feynman33,None,0.30633987137659435
1.3048620573388803,1.5633711124507153,1.1337585686029303,1.9581485906977076,1.0518147310816648,4.916071452086293,0.09692409150240339,0.2642952313653374,Feynman33,None,0.09944756753246767
1.0330525483980084,1.243062063699362,1.5925202522713477,1.0489281173763625,1.880788266643081,3.526770429563757,2.3706754993823442,4.131810650393296,Feynman33,None,3.27292391837462
1.4063202884437989,1.025583286030057,1.9116473662605342,1.6926315253324424,1.7669023709025802,3.3575968375300382,9.278077906821858,9.698385093614318,Feynman33,None,10.51128801707722
1.533152710433234,1.6109222899908342,1.0957152762988274,1.433995149468434,1.0962544950393318,4.314901168334642,0.12160692229369094,-0.26097551696543186,Feynman33,None,-0.4612030459129373
1.270133512954535,1.5957638002063534,1.488206935658448,1.5330310636367837,1.3707846219357358,4.703877181550517,0.38060377332340034,-0.6398068683501424,Feynman33,None,-0.0007956487304050877
1.245370600528791,1.6243969823006421,1.122699367268535,1.5548829061133804,1.9037641492646413,3.717672736295997,3.262337073029155,2.305094763673064,Feynman33,None,4.11081537260389
1.1182246938933207,1.7914647970931852,1.638259535859023,1.3779730147137377,1.152977115622527,4.966014940259294,0.1388204811473583,-1.7978018660188624,Feynman33,None,-0.33900313224809814
1.2036360124383154,1.8410667174330855,1.069866163526596,1.3479196591388396,1.248984629349723,3.715772978050027,0.3131906061575532,0.751857280416319,Feynman33,None,0.0014966388145166362
1.7864041430643607,1.8948325177212602,1.6821310837249777,1.3544563779309624,1.5665621660316988,4.68467829986165,1.1667086689115178,1.872555934420042,Feynman33,None,1.145368405595082
1.7555307718360331,1.0532960970974639,1.830306284807794,1.8387564290524514,1.2934194810089243,4.69448065223984,0.592001884166418,0.5748080709097774,Feynman33,None,0.5699706457537821
1.765651809659043,1.7088746576287273,1.9062704283923337,1.5702810093496207,1.5268777948993022,3.922990046074877,3.609595339017787,4.01703584439071,Feynman33,None,3.7948732360345883
1.0065149221796754,1.5006178981400247,1.2828057393851862,1.857911693694076,1.0761526973918423,3.03576081048652,0.7423694119110873,1.5617730371200764,Feynman33,None,1.3538536056268076
1.3535156472025982,1.979935891913922,1.7196669803425988,1.5217027854768004,1.7648367691527196,4.754496992941327,1.9629962510037173,1.0748524682957936,Feynman33,None,1.9702058015719102
1.743960283321802,1.6766600843060957,1.2393459619709621,1.387694814011104,1.2974184237894628,3.276056460125689,1.2535400292986016,1.133345963179489,Feynman33,None,1.444211463879534
1.1050166416500913,1.331038573425879,1.2597866921982397,1.8165046352029874,1.3643483408135206,3.8065445751240707,0.7010096372779614,-1.0018480820629336,Feynman33,None,0.5896502746536689
1.3297258256751086,1.8589258418169397,1.2912305210261326,1.439368699496438,1.3692306377328491,4.963732148233001,0.24259378612732088,0.22510716065809117,Feynman33,None,-0.2198215433975751
1.0370499916258091,1.6647536953096782,1.9481806962910064,1.995696414165463,1.618646779002061,3.9778848265914406,4.304399931893191,3.4875367002925484,Feynman33,None,4.934133694797738
1.9822316371343636,1.647709684428179,1.9025669499832047,1.0104922751903265,1.1062778343464743,4.8813208304531335,0.1482440502042155,1.0980644272768831,Feynman33,None,0.2786807146191088
1.590396199419055,1.9944932066380798,1.8524442842654012,1.5745625220525568,1.5136431227885883,4.1348056189274764,2.706975484838022,1.8574248676186533,Feynman33,None,2.718121316309991
1.358490185584537,1.579236614421733,1.8443051746484687,1.4438081249793462,1.1824007397481213,3.1836739136170955,1.6313252573071906,0.7943575039523346,Feynman33,None,2.2680344762553504
1.9425715461530406,1.362712592188112,1.6344266985580922,1.618566365174831,1.9931179166257333,3.2401346918979472,28.75449890033512,25.518054341646767,Feynman33,None,23.357679180666402
1.461933905893196,1.3712286925925645,1.7804836006620777,1.7041037492025095,1.6881532671202844,3.474739323927144,7.379173021352281,7.81675553645406,Feynman33,None,7.675573964486111
1.0225924740101635,1.496991612709193,1.4924612351894955,1.1411117333799774,1.5853308501544152,3.0537549358860234,2.5315404310568215,5.161527041411215,Feynman33,None,3.155728550841545
1.9045762281047898,1.967262876660429,1.8386829642497509,1.2030085871861984,1.0344037182277084,4.894518830173041,0.16784513227794676,-0.12886024736267124,Feynman33,None,0.3353543361933345
1.601722601777718,1.5756175185084027,1.6312903070152105,1.7020415852435518,1.3008699397685684,3.9516579470970026,1.203866540156559,1.906163815915681,Feynman33,None,1.0174417866244279
1.2629857500530532,1.9564419698278532,1.9338291997161843,1.9996043276372726,1.7439712307538242,3.723984493754047,12.213762810711989,12.999676808326544,Feynman33,None,12.760072872024313
1.02001184119475,1.4970287511857139,1.4257157757222934,1.5651306033051076,1.8965914363335656,3.0638035637139343,12.292892321945587,9.701047988522898,Feynman33,None,11.74743284849806
1.6701309364141586,1.8138928839815103,1.363169222462401,1.773868188427019,1.042517922530092,3.055049213566128,1.2888123309637707,-0.5788808684921638,Feynman33,None,2.522995409188946
1.8365378998779984,1.7212661863915075,1.7645697172402572,1.9462624489966924,1.7172990752282038,4.524982252997643,4.42199107161174,1.6351940691203315,Feynman33,None,4.895794151560864
1.4757263627053652,1.9257755566982313,1.1521726285591603,1.4732838055230568,1.9117950168039086,4.2215431557022605,2.2832332490263285,2.3430864479726186,Feynman33,None,2.5761335192282666
1.548838014447623,1.1769337420915158,1.1473862873713112,1.9318273901693912,1.0091389663654773,3.7506220001386903,0.22848887799368575,-2.9358516337896154,Feynman33,None,0.33370090929915336
1.544095372995061,1.6170729029040336,1.6415395825455397,1.3944216593607375,1.7263262791829175,3.3994594489486403,6.617484041928793,8.610202237027858,Feynman33,None,6.843700411243247
1.262945929891902,1.4683634821906417,1.406369330516557,1.9187721634121675,1.1134430748193895,4.586906366340155,0.22176664308655786,0.21702160203717336,Feynman33,None,0.224489526903769
1.3744268072323933,1.4589160816033906,1.1020173333890235,1.459459492521126,1.216663528743127,4.514752131317149,0.13324011208476702,-1.7802005657117332,Feynman33,None,-0.7679784489911988
1.1914976886416748,1.8377630419658844,1.586681976482721,1.9241327998984854,1.9110593902448154,4.820370452354204,2.9731920387387674,0.8247323122659767,Feynman33,None,3.2992003914171577
1.4466391389179496,1.3552320632544541,1.061748594191097,1.6173525892833007,1.3024897382811673,3.4077433322881214,0.7087921609002695,0.19166572726252284,Feynman33,None,0.7543382953750818
1.9647499705130222,1.1575507924148536,1.6116751616245033,1.409020832572229,1.3920210524169483,4.485985602046956,0.5577225590040258,-1.0114924091948578,Feynman33,None,0.27366950541089136
1.1910672882300886,1.7243178426223906,1.6540963696277848,1.2503459315284404,1.392997295097063,3.2903959965938494,1.754635256567484,0.6285130160336292,Feynman33,None,2.0085165343475446
1.6575412519888548,1.381577525080801,1.2324700250183613,1.5850379290393213,1.4738249034216009,4.314931008235436,0.6385551982555407,1.539577522301073,Feynman33,None,0.24814653619492158
1.507789574573241,1.7242251871034067,1.7553948803850101,1.290022231568678,1.2681754462839756,3.258265899960325,1.7800217498696282,1.1765864354476334,Feynman33,None,2.2464478014095515
1.2854141023258308,1.0428301512950933,1.991348933559685,1.9691104733608413,1.5200175569120367,3.2419158118349647,6.854771173081113,5.961296730769547,Feynman33,None,8.579722293721332
1.3989651893249464,1.9574569260882262,1.4010962294801752,1.5761847326452938,1.3566690445484664,3.9411401595219715,1.0108752501147626,1.096217290097645,Feynman33,None,0.7488022934153449
1.4004576983313703,1.3144443167961641,1.1156759135972387,1.4676536390222008,1.6508961236253525,4.562549133383917,0.46920093254163986,-0.25144497356285267,Feynman33,None,-0.0591873632453611
1.3045651996154959,1.9040252828688444,1.825286756172313,1.024160721852693,1.0755882951072597,3.865386655956814,0.25611728096684566,0.22820788901890618,Feynman33,None,0.3472098325105988
1.0667050194817878,1.3960640772466353,1.4429622024601851,1.615181078474161,1.8133825015091078,3.602177661923691,3.904274437640378,3.448655773272348,Feynman33,None,4.513560475747745
1.101934999990707,1.5630453513237588,1.181822482120427,1.5454520349194718,1.7493669904257336,3.8837651466996803,1.5592102467864186,2.4386403979427502,Feynman33,None,1.582808194001081
1.5426576105598542,1.0564584156678183,1.6868712838515458,1.0898470944702097,1.7545983362549693,4.058614374105069,1.219026151262771,0.15390445641747363,Feynman33,None,1.1650058372741932
1.8183633703980453,1.2207583288614408,1.077241907196158,1.0873848021258121,1.4258691639757508,3.7315943654665666,0.3729265139052877,-1.4226812237818784,Feynman33,None,-0.028863778817968647
1.8571061208482909,1.040024525072659,1.7982733989584934,1.1863739823784478,1.99597664446235,3.973832206134367,4.192136381531133,4.4966137607434815,Feynman33,None,5.999242063188191
1.823468970789446,1.7876554611450777,1.8817163769070588,1.9394315702207483,1.6025343513381378,3.514095342522703,12.537563795032607,13.133306183281091,Feynman33,None,12.914958377293265
1.0487113922983886,1.3927988050886506,1.5335751255906052,1.751940465381677,1.6804030548570843,4.418718440063994,1.2625079660651617,2.8807446843668307,Feynman33,None,1.0213241840962004
1.4624850252782609,1.314022171164607,1.6328029100722379,1.7288548645562887,1.5335483417463882,3.59546084370566,3.172121398974207,4.8842398183834685,Feynman33,None,3.2000729387781726
1.1567973239517373,1.0702456211278313,1.1690929585535366,1.6301943314135545,1.804178159013424,4.357991715647498,0.805894452302826,1.6214110969822642,Feynman33,None,0.451690177572663
1.7922296838988099,1.4025710970399605,1.2265106106220247,1.1932158805562478,1.5226144295850634,3.9607734288406453,0.6781497633123833,0.6416860144220784,Feynman33,None,0.2901819237404898
1.201361232865955,1.6522708311859835,1.2554795568658106,1.9778621193929131,1.6144804664078236,3.46758148239961,3.9274246083127244,1.909925061138693,Feynman33,None,4.837763489659933
1.8160085723980521,1.1533269321544837,1.1215658187956112,1.9847146949767405,1.7561840138337692,3.6520926329819376,3.9330739919458853,3.7517752383988667,Feynman33,None,5.562736624314876
1.7394117722625033,1.0110926853317794,1.5630006157677445,1.9315933076079874,1.247722991532593,3.9862782750019505,0.7921249717221376,0.5192254377359118,Feynman33,None,0.7026759539726498
1.6708554032370329,1.4497261704739761,1.0640145703960262,1.4850345187963576,1.3285739892806248,3.1835856315309092,1.1265811932230485,3.7973822323228807,Feynman33,None,1.437761179516294
1.8785780247314718,1.2116630026025583,1.1567004408136146,1.0553578709493292,1.9557588228737002,4.744218315849031,0.5955618553078249,-0.3312566691313241,Feynman33,None,0.6007408038375279
1.3464591469028302,1.4376611703612465,1.7451179818018088,1.3979932640070318,1.5670925409614498,4.4445673520948805,0.9726683525773111,0.22644563879780943,Feynman33,None,0.6393176990533997
1.8808970609738198,1.7977806131507768,1.1588283964041814,1.515977899387516,1.0859358635527474,4.0725835774836945,0.256101953306646,0.36051375589725065,Feynman33,None,0.22524352097837744
1.8733791175203014,1.784498995308281,1.3840767046518305,1.6814062231044273,1.4629676039898492,3.4172845123177558,3.8190957955105334,4.313750975963708,Feynman33,None,4.288047320878011
1.1135153790375671,1.8115549193870848,1.4083847940146197,1.6990354063650503,1.6529346860182437,4.333531110878805,1.4024995827894768,3.206522033190656,Feynman33,None,1.1551835875136647
1.452626078603131,1.5463466382817352,1.0134020343756447,1.8866528919764263,1.266497318312167,3.2433044961495847,1.113449234154924,2.485006474738785,Feynman33,None,1.6776308308431
1.2189975539115454,1.294537884840996,1.7083070256258868,1.4015415663148785,1.8336560757793219,4.755082338796671,1.1561845581466623,-0.6247347168520476,Feynman33,None,0.9139925765085828
1.346254599877933,1.9683570357344367,1.4250521542196966,1.1019122793809766,1.7511540754126376,3.864702663144414,1.8269058804277498,3.217777871344981,Feynman33,None,1.904497550757418
1.5296903505952808,1.775762358045677,1.3243642825672257,1.0417691918405083,1.841368516576044,3.0732926586460794,6.792703807160883,5.6643071501408215,Feynman33,None,7.650748928011161
1.0447973322983952,1.8520580039542138,1.1127234610534698,1.25689519932893,1.1929001500266,3.584795002160117,0.24583471275067995,0.7642553328748283,Feynman33,None,-0.06290835554664442
1.0750213795554777,1.6703907649264207,1.9510564076172927,1.3976287439636432,1.0708600416790026,3.241828985125887,0.8390240984819796,2.386930702407152,Feynman33,None,1.445991668506165
1.9025054575665221,1.9156708351775327,1.4774426144640018,1.912489104916436,1.6875792551952529,3.482239094909146,11.484086273436546,11.28959982546238,Feynman33,None,11.933890910265445
1.2735866047093252,1.2093259450706668,1.5318544420585032,1.1573547551491699,1.1019802378729229,4.520257612512822,0.08096375806325282,0.36234297813813854,Feynman33,None,-1.273497461759125
1.9166118610389846,1.5331072539416304,1.7587008861642128,1.0916436626471455,1.8104569399615196,3.5387443865728283,5.702746171873231,5.388335968683452,Feynman33,None,7.308560088608589
1.4877001213080072,1.5689194076377384,1.9890295430897873,1.7832770709404282,1.080246446294017,4.027165340370115,0.7393975912456291,1.5605506702153562,Feynman33,None,1.113085099990751
1.9361651104265452,1.1778558785919038,1.8206003457924393,1.720584192101445,1.2747316507492457,3.5107478394504934,2.161615884148657,0.8005248147863926,Feynman33,None,2.796705803961361
1.2202835975036759,1.6521175866711615,1.24510167215292,1.4076351389001234,1.8118613199089237,4.197355325701757,1.360465714707667,3.8824991582249737,Feynman33,None,1.1854574251694756
1.9992047180018018,1.4786594006202627,1.1013232249549834,1.975178060784712,1.679980345402918,4.894935706388622,1.0445821788533325,-1.614666553530405,Feynman33,None,1.1740176786358525
1.0680586292950172,1.323897986149834,1.774832634457109,1.7012644499651168,1.4679207354769128,3.1278258580864886,4.308523161869667,2.125365079656042,Feynman33,None,5.107078500259397
1.3621897967750543,1.2139564003498742,1.6837611262412973,1.4841760946088212,1.7455423033301534,3.749700929088568,3.31088908452763,4.757575319506534,Feynman33,None,3.5027775746161143
1.4009445715009126,1.3023549074988698,1.2208947150337628,1.5601700749672323,1.6927274776277694,3.8421938639266977,1.6084337644330982,0.546763242542363,Feynman33,None,1.4884179578825232
1.0673986317681101,1.5357456489355426,1.490169764169167,1.7748759051579612,1.3109366583975097,3.2332005127192325,1.8592594342702646,1.5991654162721975,Feynman33,None,2.274783054206069
1.5725834214625078,1.1616441731493765,1.4124485958761654,1.705365609010805,1.3861284705385433,3.4760229581168574,1.587318133407527,1.055587169164875,Feynman33,None,1.5735420715844621
1.7996684575430892,1.313015665188764,1.0865385689350497,1.582738430272967,1.8178153426709178,4.588633884971592,1.0143964525580866,-0.14240929283465942,Feynman33,None,0.9177398364815816
1.519879390790316,1.3592522625363201,1.4707397200713066,1.637051415324601,1.503093730870877,4.1281123849679755,1.1718464275159999,1.0107398229530218,Feynman33,None,0.7588742018499612
1.4282170104359082,1.5158198004105459,1.2082720556296704,1.7633225584172796,1.131465074937665,3.32857038865626,0.7026023787316921,-1.5314496963739406,Feynman33,None,0.9320820620744592
1.8185830040982576,1.015826813520008,1.7607863408079742,1.2102139370939824,1.3718612698787527,4.909029823378676,0.2521539496897152,-1.0840827340329142,Feynman33,None,-0.03540119204917704
1.503616817376493,1.0268469416307,1.4831764788806114,1.54581590048574,1.570126701974147,4.3330086170060325,0.7767501930897475,-0.4898426473339995,Feynman33,None,0.2121932116411511
1.6521076326653636,1.9653817398446651,1.4437686505483278,1.875656034554793,1.1321255555736123,4.964530485116089,0.3001426298838291,-0.04246253145243384,Feynman33,None,0.4263643519950873
1.9623917397715513,1.7075631803447848,1.3293369838270035,1.5069786041372262,1.109184083425559,4.1145892337412615,0.3459196743411453,0.007769313913749576,Feynman33,None,0.3517733341969172
1.6432500419597698,1.2561609383564567,1.1756812797792533,1.2129926891212417,1.9849043835207336,3.3189043481151,5.452606260213238,4.59325310755664,Feynman33,None,6.764611152307844
1.9136118201342651,1.4781426296420568,1.4114787671297004,1.7360284404980582,1.267193525730974,3.3722372527308666,1.9232746456283876,1.6629189534662983,Feynman33,None,2.382989926677404
1.7878897927399824,1.953953471316157,1.689031929752509,1.793086671869716,1.544396978657725,3.7845502851674753,5.358204730865327,5.215651795935962,Feynman33,None,5.726839504507236
1.5628325233089697,1.56060018887758,1.2264733208979761,1.7038199420448303,1.9110730484766192,3.349556988196637,10.391539808212363,10.98774719307087,Feynman33,None,11.091557378477841
1.9844430042729266,1.1841509641422698,1.6427988259163984,1.8342788566756636,1.496740151548147,3.6361705044345936,3.719595561284978,5.551550656868358,Feynman33,None,4.192072391270658
1.3089212564359702,1.4167624112753368,1.1142380633873348,1.1354388737851009,1.9612699793226567,4.1204199611474746,1.0668859735137048,1.7133090103352915,Feynman33,None,1.1887267811214475
1.3201459989701199,1.4700105458674866,1.0570739187608296,1.0357838950396727,1.6384896587901003,3.839676552869787,0.48302612324146793,-2.3574594056473432,Feynman33,None,-0.002866921737282668
1.644686714672057,1.890064108881203,1.7353786112518734,1.6347468310386848,1.1076016347651474,3.893912958924899,0.8121005591837538,0.23161637523090328,Feynman33,None,1.1804182305233009
1.4212183911368657,1.9992433169454433,1.8970692919203387,1.5545106980817622,1.9950793621442968,4.06771169865555,10.385319496986563,10.876073114824745,Feynman33,None,11.605850845840022
1.8173542085353667,1.6720610306827741,1.743476893542145,1.9153466296587407,1.156225651323083,3.694401650215637,1.6735496139121944,3.320014919430252,Feynman33,None,2.5181724871237976
1.6495778220916493,1.1025930743406218,1.1158695109814736,1.0185034224211165,1.4548411091386608,3.1244359319681667,0.7541795084107458,0.7831254862657236,Feynman33,None,0.8805185343770782
1.9993569090223118,1.5420743867298181,1.912216529294417,1.5837535432314305,1.063662159585586,3.434840956534197,1.33255080394114,4.118177244089546,Feynman33,None,2.8829943781221647
1.7262775860945523,1.2227865636230741,1.6551725316214982,1.9536088201010995,1.6966584288315132,3.9990507724902526,4.454870147928973,3.3824199026230533,Feynman33,None,4.794328016097348
1.4910178021791896,1.214728154114442,1.4103584889536067,1.6399311907507421,1.107961446146075,4.7370919134456635,0.13591809910798625,1.8092155232012677,Feynman33,None,-0.4300028394731964
1.3868513536228388,1.1174591446547444,1.2088435048202926,1.480831153972878,1.982103759826452,4.980829975906339,0.7364594003606938,1.2009255485206027,Feynman33,None,0.5753981152923585
1.0589746863472893,1.4806902946420593,1.479595782744448,1.7502334812131284,1.536498609892978,3.535724698328985,2.3873972954234333,0.7669722138669399,Feynman33,None,2.5902265896054515
1.4113140752493591,1.7956447709451746,1.9472088281855284,1.6824498313893348,1.4758813305584013,3.510195808379266,5.254042763647897,6.4136799051923825,Feynman33,None,5.750799717988311
1.8902531073297808,1.0831905072798436,1.0432478168233468,1.1689526106404324,1.8258894586102252,4.926942623614275,0.32328815678770323,-0.4194394513331568,Feynman33,None,0.017902189680117826
1.0384929919384644,1.8445758495318465,1.5692496243632879,1.9944490424183057,1.8305247953297341,3.514735232485058,10.889068632251345,11.403161905498239,Feynman33,None,12.03344052124292
1.2467088402581608,1.7701522932237963,1.176862561421026,1.153358859108259,1.5803798638416389,4.809827720689931,0.24946185674653248,-3.458547936228856,Feynman33,None,-0.41720046665067817
1.6661287180049897,1.1997705558388776,1.7523137683470509,1.7515205582982227,1.0892031300141598,4.341750923951758,0.35578323155531366,1.5246190872206031,Feynman33,None,0.3837049147104622
1.239255256064164,1.4245228372621963,1.740373991319819,1.0178296489452492,1.0228147846572984,4.875395947012428,0.049181071180901585,1.5397554512535365,Feynman33,None,-0.8680645617440874
1.2459641631779141,1.7734137099473966,1.0679034257071918,1.313937552376705,1.5737988433375016,4.780647351291875,0.26921683642253663,-1.1197139258526798,Feynman33,None,-0.35347790305600785
1.0387338312120131,1.7379515617962282,1.2784129187701478,1.5604437298413707,1.7539419776713205,3.386570737859924,4.043358122835815,2.9774520021938695,Feynman33,None,4.719651855973633
1.3485480974347475,1.9205069756377635,1.4968676592187413,1.5919561197193377,1.5745550736493672,3.589302686516831,3.498174872898108,3.757353834298247,Feynman33,None,3.4915638514538294
1.9245094491284793,1.3766807640587793,1.8073303619919106,1.1171825920495917,1.6648364479734905,4.27866606680805,1.4401646933560073,0.06761475107571546,Feynman33,None,1.466364295606659
1.5071744798273685,1.1815621299106955,1.251573324822955,1.8917710612465595,1.2376664429010076,4.061614590032868,0.4381527891484783,0.5034918217289356,Feynman33,None,0.3233910473653574
1.3819625705056464,1.3236799416516223,1.9497573012948899,1.6639469774371738,1.0132828354379488,3.642045090452357,0.5677112766247757,1.3167683990299994,Feynman33,None,0.9786224489033281
1.3916089265943707,1.83216832271541,1.8347446886096614,1.947525606624832,1.2204635752926634,4.6029049229617565,0.7797924246021861,-0.4413145704190775,Feynman33,None,0.8993506076063777
1.5044296210409804,1.5717327775394718,1.7584487215425617,1.5481453521549302,1.5469517579706473,3.641394618104468,3.559870523498482,1.1053776757043452,Feynman33,None,3.5501951809689416
1.1784623594149921,1.3156731066765712,1.7837715409039814,1.313422738985878,1.6844079498666171,4.793228023465745,0.7076275357570823,0.9857537375176846,Feynman33,None,0.4123293537760331
1.9739398811066433,1.161528622621618,1.1070857060427364,1.2331216502749807,1.9254946605388674,4.086260860149987,1.4580683310247997,2.434396304724525,Feynman33,None,1.8432123359898747
1.2345308507754011,1.0831047154129376,1.209678757180893,1.8219524893116261,1.4938712116103576,3.991458829492527,0.7219063259826811,0.9945308570331425,Feynman33,None,0.4814930191412271
1.59012222988087,1.5535447025483369,1.3780747741501935,1.952317246493863,1.3844201180878215,4.0150972044885025,1.3636906585817292,1.7846182204107905,Feynman33,None,1.2368549165316047
1.3517446519231062,1.0874285554611782,1.9666336099865653,1.3567786106922686,1.59358754050688,3.3444495104570082,3.7821616612933187,7.071765216048286,Feynman33,None,4.788023628548296
1.0750705178153468,1.58696107882096,1.2978916996995746,1.0326348720130505,1.9519915954954339,3.183827605181448,4.656384670306119,2.238411635688954,Feynman33,None,5.781234946804167
1.7653463533372167,1.2962599479228158,1.2026634400980103,1.179608507271258,1.500070131707682,4.148887895168113,0.4362948086680467,1.7742798706179568,Feynman33,None,-0.07798627657979475
1.0385482904707213,1.163556092446306,1.6356854020126643,1.4060380961510233,1.6566712922320135,3.6269541810316754,1.8608892401328543,3.735124855687714,Feynman33,None,1.9123338802348995
1.798748729896954,1.1666469561577548,1.2631799891377176,1.1588261830732398,1.7589938237042322,4.068043481514783,0.9960032376918431,0.008563643506233065,Feynman33,None,0.74222779166065
1.7585350704935836,1.9231327776070934,1.0670421889841377,1.6105996450389333,1.0089620517448088,4.479374372129583,0.11952067011250128,-0.4503664612170571,Feynman33,None,-0.025088800031397518
1.8033323598721156,1.158398297523167,1.989635595547056,1.0191047451872786,1.1128851488117792,4.381661585046644,0.1710701494031732,0.6559133920873159,Feynman33,None,0.3834603214469914
1.4968507176006174,1.3825714469489,1.1962621146762609,1.125443717386356,1.790337947667982,3.0575587575102867,4.27743780209218,4.545785317143933,Feynman33,None,4.94135989417869
1.2585301816471621,1.8452239497176652,1.4972454443049155,1.4867442911978404,1.4624056596656723,4.201583461928215,0.9158957744269973,2.052641756731103,Feynman33,None,0.537650275380694
1.027376400956631,1.6840129165502518,1.9571295511937281,1.9785667072143047,1.509048860980616,3.601677960197163,4.926829217995416,4.638585683291281,Feynman33,None,5.89626195974311
1.2275528314631448,1.4769643426239623,1.6849759712664332,1.9162930020702214,1.3739237627635814,3.236787565230073,3.8243931417161465,4.636173337189298,Feynman33,None,4.548921269337752
1.263190282641348,1.0767534977656055,1.3322747203487117,1.9368663634747134,1.0334895352309563,3.7815262420841655,0.24719769179046383,2.390063340849676,Feynman33,None,0.23839313179902427
1.854905081615279,1.1613414522871826,1.0600788134660062,1.3434221710172036,1.1672697118635456,3.7041621449283646,0.2224534047972267,-1.2803578008584182,Feynman33,None,-0.10471652756877241
1.4545141639022083,1.183198732949743,1.1542966962089292,1.4144609930938024,1.6711931661316997,3.9489757286722647,0.9146700489772481,1.9396030918361742,Feynman33,None,0.5342399016682511
1.4906647186698225,1.573838588386368,1.683550031767532,1.744819199042549,1.1633130401411425,3.2446946273310497,1.8449303480988957,0.37852340433860565,Feynman33,None,2.552619326429347
1.3647452111372296,1.1355067784932988,1.2343669117376952,1.281020533155894,1.2416094487786702,4.045989240448962,0.17542038105463348,0.6846532086649499,Feynman33,None,-0.8820135141788994
1.2112839803165065,1.9667093318833717,1.0230886160003978,1.4590573988474094,1.8050599860990018,4.446458853579766,0.865712151015933,0.7242522646409396,Feynman33,None,0.7349066301142035
1.4904543202903482,1.849205670949692,1.5586647532965792,1.718865172735375,1.8831061882366242,3.7957786552658366,8.832292741236257,8.162407274363144,Feynman33,None,9.167295173616418
1.8993058102148228,1.6321695463272479,1.204059562531624,1.7500296239720838,1.1915820064539546,4.531806372267764,0.3180339999166301,-0.29856968832313896,Feynman33,None,0.25786181413361725
1.0220862037686689,1.0836856733054503,1.393167480255975,1.7576620670279226,1.712099400734446,4.537467701472853,0.7666952595070312,1.6900303058469843,Feynman33,None,0.32787162598563047
1.4450316948787274,1.9000857444566464,1.5059703514495872,1.2881375326818225,1.6316274050354984,4.924285479569429,0.6582954352394417,2.2969192455062455,Feynman33,None,0.4810775546566339
1.2255950266258355,1.303075961637247,1.6483106816158575,1.5384507728596015,1.9995634004642806,3.1034481322535172,21.67159371357836,21.37151636725221,Feynman33,None,17.91868941196863
1.938593773767452,1.6964613733756384,1.3325025742558623,1.0190406058345711,1.283951122359532,4.784425636573591,0.1529796079512812,0.47581772189580607,Feynman33,None,-0.2521218306998591
1.9850124440151866,1.969148688033687,1.0324997271995588,1.5615952939715567,1.9442239294724306,4.626090852944329,1.9587795538310346,3.163482421664568,Feynman33,None,2.733412060658112
1.0520472727740688,1.160681000534479,1.2011273827163196,1.380547516299138,1.2129156688135865,3.9086833704344066,0.15968493180129567,1.5803271724323664,Feynman33,None,-1.0540763020099144
1.7090479941825736,1.1365797682709706,1.1227941745360615,1.024803343334466,1.7964676742917494,3.790372105526724,0.9041920304655027,-0.180834908617036,Feynman33,None,0.7885818833521464
1.9678107088214443,1.5253151105972567,1.8920240771799457,1.8262384339858855,1.1352906209529312,4.7295306676375946,0.5611826721839164,-0.6178477759529546,Feynman33,None,0.9291473721266008
1.740445690563952,1.1464450304974318,1.3375417220091168,1.7556647954676394,1.853417655006067,3.0199365635329936,16.828827442913994,16.676052853720886,Feynman33,None,15.334773220937363
1.5677191272253044,1.4987389943422076,1.4172977959786777,1.7162490720022676,1.3852145908073767,4.281135430708325,0.796257962903913,1.7292350575998237,Feynman33,None,0.4785518640134071
1.789134131390651,1.5183585277749718,1.9691113387779762,1.2256423828640803,1.3524361912570764,4.96324809037729,0.4263738026171124,-1.163203136541014,Feynman33,None,0.6341990952117192
1.0999223604014388,1.4609586238364638,1.6740267532783555,1.1902684062514686,1.9770938976182246,4.518700617055546,1.498066470290481,1.0656513954578892,Feynman33,None,1.6953118689130853
1.5291889059584662,1.7802475875777635,1.7955112366234172,1.0767436381445825,1.0781808309756695,4.234894488116973,0.2047552937258796,0.1486124386606629,Feynman33,None,0.2112279158688801
1.5343507652474813,1.685249850164809,1.186248290550818,1.3334642329844115,1.8562940306601892,3.307569481330654,5.7296668072843,5.036092546616558,Feynman33,None,6.5070254091926065
1.8658826542774156,1.1084450968805224,1.538177897153598,1.419633802188791,1.2097727218702894,4.218664739761459,0.3316692343533179,-0.3002938515635047,Feynman33,None,0.001245158800237227
1.4764219313608318,1.137833155734028,1.3220086557493258,1.7095054802002823,1.7040073710486485,3.810709098180783,2.245022355334896,4.77350525451281,Feynman33,None,2.3235925673858384
1.5952168797646709,1.4203773155075397,1.9969728591244338,1.2039385268939664,1.432953091065423,3.5444321379485233,2.094193735666594,2.221351788292145,Feynman33,None,2.6376434094551975
1.5372651287815535,1.5394078760557663,1.0528301877402635,1.4656666438658463,1.5437826536602164,3.1717029938288706,2.2751164410884637,3.6017939141944852,Feynman33,None,2.8107503802370366
1.9995199124872882,1.8267711634533126,1.0632359670054377,1.0541348435637001,1.7133873827972375,3.278501138242623,2.7136312483337455,1.4877952371982246,Feynman33,None,3.9491649269751066
1.7939252880006336,1.8319078567049771,1.7655299148495707,1.7250843429813378,1.9413962106788873,3.689196445518646,18.729764606118614,18.8231708894398,Feynman33,None,17.91949005797203
1.5746956999871842,1.1060630902458926,1.3193026422858973,1.1487788634442055,1.3031355419427477,4.8566879852069995,0.10086099521577185,-1.1226561108039754,Feynman33,None,-1.3904800922006497
1.4494670190838668,1.7334227841655965,1.046644408122678,1.0484166164435615,1.7784795443169235,3.259182061510753,2.278607063867121,1.9589769319620807,Feynman33,None,2.953292711818912
1.2737082458629414,1.151538475027571,1.6924491608271244,1.1333239494971719,1.4736769115950858,4.466218056770952,0.3374020717001245,0.5349599369857935,Feynman33,None,-0.26045610188890794
1.7030751033662366,1.7817272282785597,1.537676423068807,1.8292663956070108,1.4664851125838902,3.5808420135054018,4.083932756494814,6.847790426207586,Feynman33,None,4.320243443627128
1.7729688571701308,1.3862154398575173,1.644427643422131,1.133172559762095,1.7631118422486998,3.2445079112082365,6.277062758977433,8.148943461446574,Feynman33,None,7.346299967418249
1.5207861482859302,1.5042676788528977,1.3334448152248721,1.345981379531107,1.4748669903904017,4.9884254351068975,0.2832171360244559,-0.13663379241368434,Feynman33,None,-0.23669742333692062
1.7887553139012535,1.6084155090780559,1.4425990230978138,1.7224964794186497,1.8425417409021163,3.4671201768965236,11.526567171648546,10.786549513580411,Feynman33,None,11.600200325646673
1.2236713263333487,1.2569047774358149,1.0238277810259526,1.1174544047323707,1.6169781795163667,3.783566994078929,0.421073248024581,-0.2127760601645362,Feynman33,None,-0.2706469650820202
1.095359823148236,1.0116931506133677,1.4859170669840447,1.0789387091571123,1.048201947167693,4.6337479246459345,0.03470175014389505,-0.2243382534025204,Feynman33,None,-3.020685849254156
1.3278051196206682,1.754989413925734,1.897063777395795,1.12250254172528,1.5595906650981726,4.501187712668743,0.8238636049412557,0.8015918781200128,Feynman33,None,0.7668666685313446
1.9695308671507092,1.6476186696498698,1.700707082940842,1.7176761404610337,1.566926225812196,3.7981513946732868,4.87983447005816,5.5270719547425715,Feynman33,None,5.225743748951432
1.8739338823846001,1.5250884630199133,1.1139396698540696,1.8243854185761477,1.7020048878284688,3.1603842355656737,8.250821899255143,10.911126875172101,Feynman33,None,9.71471417325042
1.1077885764865159,1.8674386315955345,1.8566796922057471,1.1206875598116934,1.235955911455671,3.0286119203782693,1.4979690750575638,2.726452771194375,Feynman33,None,2.4170372415221477
1.1831850615139747,1.0594203369175679,1.1811224937670568,1.12690328452919,1.4373598269356087,4.910877068439474,0.08165628272269075,-1.1186362619622594,Feynman33,None,-2.62343622115825
1.6332025461002693,1.5344436418233416,1.8601067736928696,1.0933544617304403,1.1455459376515331,4.6779608079428385,0.17669114091665614,2.2670973638476783,Feynman33,None,0.17065506623321314
1.7954430983998542,1.4254106093028822,1.8127300992957243,1.9104149506759343,1.5701764863034287,4.465544639073193,2.558879948685464,2.181443791843617,Feynman33,None,2.55085303471315
1.530279231672202,1.0588141568361893,1.4542270803163677,1.8057448068531965,1.5470922195809658,4.711742050219356,0.6834123418048355,-0.4150878873001089,Feynman33,None,0.3371377607930588
1.7982990199506768,1.5957023863800903,1.03468590853061,1.4071206967261554,1.3736831388049593,4.212905283486906,0.36060882525018795,0.5192829459301785,Feynman33,None,0.03565015122677086
1.4098621139078524,1.3567091964391116,1.2200514349529554,1.4243967024725612,1.3232200112460901,4.196248260002348,0.2950014724804059,1.698670435271532,Feynman33,None,-0.33966444781420746
1.0739037704941532,1.2216139413618787,1.6781629891886656,1.612285001976128,1.8510367205898937,3.097871639336909,12.404042986916181,9.91552536131719,Feynman33,None,12.27407957833118
1.7752552676633697,1.6009309779221272,1.0268554507412733,1.240664972980375,1.050611093890917,3.449586959458195,0.20197732333931803,0.24853259818366147,Feynman33,None,0.2306468770795474
1.3795806520560818,1.5196758525864533,1.5730703088680176,1.8255057287308276,1.2068849368725485,4.794471819026149,0.3314431585446165,-2.0595720647824383,Feynman33,None,0.28184851813383066
1.9575393629748226,1.3668993474605982,1.0327726025424329,1.5936889772158462,1.6930813660255366,4.258877041260179,1.0697926519940868,3.102681655920078,Feynman33,None,1.0575662701189523
1.8065067704540818,1.8330408253745514,1.8067223806316557,1.4548415744451364,1.0634710979368371,3.5322301952987445,0.9522617693556512,0.4293112735290229,Feynman33,None,1.8713213391263346
1.7863526202040394,1.3615144056535624,1.8541703391407687,1.6095291435309385,1.6496323050173594,3.7007795018955987,5.578989270944403,7.662868832575976,Feynman33,None,5.983610757630587
1.7527876092375307,1.2110649918207101,1.8058465011988467,1.6674345653429141,1.0378204125900639,4.2431230659259915,0.3264166680048168,-1.0775994155086215,Feynman33,None,0.46145607186760795
1.1302844125499685,1.0682829300322405,1.0002650763875571,1.6807159859614291,1.9408503223871456,3.4436883775555454,3.0976212392230584,4.361903578983858,Feynman33,None,4.9272849204309574
1.2175805716270252,1.4462917808652849,1.28458797008954,1.4687835991512337,1.964079672943933,4.922697640875596,0.9412654329050011,1.3077111994353436,Feynman33,None,0.8551617264140752
1.8053656757854584,1.9863656618236565,1.7503645292781873,1.5268992079465413,1.2501989371601705,4.419503845537764,0.8118178684155175,2.1117759412806096,Feynman33,None,1.0072716038606702
1.203941019056825,1.8814117213600634,1.5122778476874137,1.7095245608584255,1.1641056310774087,4.075788713027263,0.5002969214545528,-0.4777706200266314,Feynman33,None,0.4236094624420973
1.7958781019655237,1.0072119887743871,1.0869925416169575,1.0315122717466623,1.104317939015877,3.897600102276184,0.07257081938165688,-2.0541617299986785,Feynman33,None,-1.0250518435756162
1.5921196578382033,1.7196198087075596,1.3937613011034098,1.3492100725332805,1.757476286248183,4.847554884483433,0.9287563713076478,0.623009879384057,Feynman33,None,0.7244325461842751
1.8321914974718236,1.841437356169505,1.2794093127555977,1.5991890970617377,1.526331176034586,3.1030818912982836,6.026320673400444,2.54539915733079,Feynman33,None,6.755695110322682
1.5256829917394845,1.4397606537271448,1.4949291087437158,1.5257833155370895,1.459367068070566,4.222871537899136,0.8805804235781846,0.8823116744916125,Feynman33,None,0.44968389043121276
1.3911446102380185,1.1779737158378096,1.5493061561332746,1.3462306053766653,1.4982663411881245,3.3890388551409165,1.7621728703686514,2.4777414283161407,Feynman33,None,1.740358911573689
1.117858162721382,1.2135136023305688,1.8416798218628188,1.2311118412353856,1.268040990834563,3.7377691662707386,0.4941164873942548,-0.6514728991600183,Feynman33,None,0.37054547956689793
1.4170199336157439,1.5096395435984076,1.2988482375771446,1.1264198772912315,1.1486289396780647,3.8512757231058607,0.18284043737085529,0.321642355927935,Feynman33,None,-0.32440123155111117
1.4405170462830457,1.4805365215996051,1.2702066154822722,1.5709842745895761,1.5028704960536543,4.624544589834752,0.4959924470766594,-0.2068220821924472,Feynman33,None,0.07343358432025307
1.174749618478934,1.3332212910976051,1.332111113829403,1.768300007340264,1.0584557209301138,4.3268619751261195,0.14747724585858757,1.1431720830805039,Feynman33,None,-0.23643663351002767
1.4125934853081876,1.6158153091949572,1.2256254497296823,1.29806079474471,1.0803110333601866,3.661663917422657,0.21998096945781279,-1.1531819633178808,Feynman33,None,-0.012372063641929611
1.0765594248249217,1.1406059273501197,1.6463007050306646,1.7380808284172755,1.002215499883172,4.586795272118163,0.10585675460793194,-2.445128076206745,Feynman33,None,-0.41200453533919346
1.245980749339795,1.3884500830139044,1.73272936625678,1.1743638573197421,1.3503438764036095,4.789740827245662,0.22369754944053555,3.2340172264682225,Feynman33,None,-0.250424403230849
1.129376920535399,1.4484491125804504,1.3836170297022035,1.5877580773836613,1.1900784791409955,4.381199015821366,0.2098638456757291,-1.093576846131703,Feynman33,None,-0.3685155561476169
1.5063897613258752,1.851407869442254,1.4092768365314394,1.359046241423431,1.7338005795638272,3.1869790120252386,7.5732104810891325,7.65181364261646,Feynman33,None,7.708276540642872
1.6362689027664394,1.7547090091224895,1.8115413024432399,1.3783408067380636,1.0421677039285981,3.8739526154631623,0.4563972392164633,0.23625746593750088,Feynman33,None,0.7589699326349049
1.4861411565937162,1.3414174073020984,1.6045142837411257,1.9451614409492748,1.6898411259502422,4.513352780176353,2.162144453935651,-0.936875841128467,Feynman33,None,2.013410521688131
1.5772876112792378,1.2395895552691452,1.3138392222654804,1.6087294855311045,1.96579891198704,3.5448744338987783,7.215544694868698,9.220710939957952,Feynman33,None,8.417332907408701
1.3355980138648889,1.8163589145960335,1.5202700225362848,1.5374875762885103,1.0831417934829655,3.8942562480855027,0.3903104602237336,-0.9644667348531445,Feynman33,None,0.35749204352205594
1.6097755377623255,1.2375896764919574,1.259779948285245,1.0940547830518663,1.037690184128404,3.724402995574619,0.11228731472274349,0.2795896713116764,Feynman33,None,-0.42469283854795686
1.151962763849975,1.325675068244648,1.765387633144514,1.5102125685905006,1.0913370701610265,3.9155454952266515,0.32257283430980954,1.0411138597157827,Feynman33,None,0.190753554548212
1.773065545679109,1.8370436768686682,1.3563543673746077,1.8111004668824175,1.9912445198953639,4.603111820764962,4.363305706682071,5.4887798335657,Feynman33,None,5.257063613189279
1.2127755889166856,1.296798250604327,1.7480763707519404,1.7888294848074229,1.8374952880891295,3.003925249521221,23.0272540773999,26.120755771642834,Feynman33,None,18.74766355937752
1.300530778792345,1.2863811433226207,1.538836543729462,1.613041454106599,1.6883749224171027,3.3414745556098144,5.07484151926681,4.470593411063635,Feynman33,None,5.434786280261925
1.5009618847537234,1.7206774432235759,1.2981836770667798,1.6686913467952191,1.2497220888713354,4.964513712400832,0.2323761042006288,0.8565181594492273,Feynman33,None,-0.023039427489529613
1.1064134592911936,1.7996985961966665,1.9032787377743696,1.8397811911167499,1.1560209988149857,3.138012847121832,2.5215710868246237,4.052403938049215,Feynman33,None,3.9663312899492
1.497669703604981,1.9890957779288485,1.0297896307463674,1.221725112778758,1.9008178706507455,3.834557185221628,2.0962684866111987,0.8209087257902612,Feynman33,None,2.752973388571883
1.136083232564415,1.1048889615480861,1.2011248540371997,1.0408702695252379,1.4258162122124602,3.8718806042293794,0.20226984038620197,0.9530983207227477,Feynman33,None,-1.1532153464978536
1.5042678945936498,1.6891451833418556,1.1442914524365517,1.4762816272360109,1.5450943144518392,3.3288897532100936,2.2900986018680785,0.9980208114999072,Feynman33,None,2.5485439559549743
1.4188123521858806,1.1383848710671407,1.1872387408899634,1.916936259531846,1.1007956806079164,4.697475424930829,0.1183097245987955,-1.9726014303558672,Feynman33,None,-0.12190313874636143
1.951680811086857,1.5324684189503275,1.6790826797355765,1.8795408035362828,1.6113315233556738,4.73205145554373,2.146469760480262,2.3290142352157126,Feynman33,None,2.359955950047383
1.6069370367336653,1.6467743476479537,1.5111391754489232,1.7268722076835088,1.6290662520356425,4.567820461948053,1.6029952573228017,2.899038162327747,Feynman33,None,1.3236985145258513
1.5403104114118138,1.3245806151234256,1.0612140657209892,1.2307739177537491,1.7915570313631344,3.5092560856790893,1.81167891803417,-0.7694139579389636,Feynman33,None,2.142590890503005
1.5170934733341215,1.4279208819972897,1.0011423097627505,1.9466370195712215,1.9164693439953648,3.9242573450431637,3.38068503175134,1.9092681503352125,Feynman33,None,5.157296540195826
1.3002893947941803,1.5442394403454278,1.62893505202628,1.1451734513517993,1.8305189075273667,3.5320316789025763,3.9470896960631388,5.5674763155617395,Feynman33,None,4.729736255543081
1.8812535830678794,1.5644738979266366,1.1398094470331772,1.7416163511027878,1.8880745517305473,3.1938149218545453,14.021233544267746,14.04880539358638,Feynman33,None,14.61852230197654
1.4218449149873842,1.5638693442598322,1.7693970916872575,1.7927691604660767,1.0129004438996274,4.163918866295804,0.3707488532263229,-0.3318174067894849,Feynman33,None,0.5871729689490245
1.378412110034069,1.959904585042803,1.6289965280871073,1.9951824663149742,1.210283080222133,3.58149848561695,1.9866436874499203,3.6464849839058577,Feynman33,None,2.6427599824190438
1.7485099378370201,1.0654281204123504,1.323618225745749,1.5921603323152298,1.584710021670281,3.211709547405489,3.588971241137986,1.9477386667334062,Feynman33,None,4.16721072088231
1.385801015095638,1.1803320554071925,1.2561258931931962,1.6487097219572122,1.5974334924352407,4.648279418470986,0.5270295629300348,-1.4938393722753727,Feynman33,None,0.020472707221679938
1.4257922017341098,1.3695974993718507,1.5264862793067453,1.3950353092657943,1.300642347130733,3.546211011269027,0.8960930919793489,1.909361178649283,Feynman33,None,0.7067062208117474
1.781928031898568,1.2746462463309547,1.6415249729884493,1.5090517620338733,1.107072428286681,4.058219550238474,0.377402148559564,1.6218387808796866,Feynman33,None,0.3072389283447833
1.256036083944006,1.9550361570224362,1.2892236260778334,1.1763124155655265,1.8789155923817922,4.32454298595154,1.2809380318740478,1.1156322668000156,Feynman33,None,1.2508861786410213
1.340972542933498,1.0381654558446034,1.0861780780519488,1.8796802053737311,1.1064311374144815,3.343243036103957,0.36772848955323156,2.755262281618452,Feynman33,None,0.5075425055932226
1.3146662726197653,1.3864510335324822,1.7769863908794763,1.4192352706595766,1.1989765559647756,4.087210739136621,0.43050532316964757,-1.9581506882685362,Feynman33,None,0.2534748705421241
1.052040531391304,1.9557757146303425,1.0903412444838176,1.2831321322945908,1.696027283358415,3.7140668729704576,1.171035603117787,3.5423683789306732,Feynman33,None,1.1601266263492946
1.090864192283,1.2088385973244664,1.541204252929043,1.7507412946649379,1.7609347243289237,3.519933131832868,4.481501018731042,3.9297478852791676,Feynman33,None,5.292877656387171
1.282028161727904,1.9665320330294902,1.7132160879479255,1.3593265278216802,1.8338893528309161,3.6971045025141174,6.099850952076586,8.08843364251118,Feynman33,None,6.767945403966225
1.057035273041092,1.6296722099398695,1.180181278438145,1.4073913081204275,1.867347666385264,4.419412820087443,0.9403053521475246,-0.5918378564030573,Feynman33,None,0.7988664248806763
1.5158303875948465,1.7574251323917869,1.309275616840503,1.319541468301086,1.3061598071451463,4.246421252700664,0.36370380650925505,1.0443229895588195,Feynman33,None,-0.039254295971330615
1.3157138965814767,1.2291453974536264,1.9699737710595702,1.6449195478067866,1.9973089597637772,3.5717002409135103,14.72527178865685,13.905446326026558,Feynman33,None,15.907963916972257
1.292196960333251,1.7269636838089792,1.065323501616224,1.321673450121749,1.4339587951374426,4.6355798770967365,0.20749485731210102,-1.2071416233219674,Feynman33,None,-0.5488171744250793
1.9056295991662142,1.0332350033085418,1.76082843955784,1.6161849178597913,1.5902590403037462,4.805244976085625,1.0104298849748716,2.7847669941814996,Feynman33,None,0.9082692057860382
1.3600556758765996,1.060279195654053,1.631465905582731,1.5390126341342878,1.4506630201646455,4.327397544052822,0.6103912822395714,0.3661340505444765,Feynman33,None,0.07675922127615409
1.8753120404926167,1.165372644212756,1.8781770728574396,1.607788740855235,1.3211620090852998,3.4697261274679514,2.4002341745601834,1.1432211020189023,Feynman33,None,3.013412993378591
1.178176463079679,1.8926593102255733,1.317617253085455,1.7731094412139845,1.9412801422928085,3.152210901848094,19.03286468385635,17.532780911153424,Feynman33,None,17.012777111200784
1.6945793542007386,1.2817971311729364,1.5224930865897477,1.37833515520911,1.9019767970336074,3.032171471214885,16.860874437388105,17.63174352095925,Feynman33,None,14.553138071074533
1.6223266518968724,1.7044020580806902,1.2603884826538472,1.4870614580448753,1.877650900306944,4.1947267833254855,2.554623975156161,3.819852219321924,Feynman33,None,2.688314611601135
1.1628591834923676,1.4068055014002812,1.8846199086169262,1.8863334467536608,1.1300713561332636,3.4048013166513633,1.3272962005459688,0.1611608590720004,Feynman33,None,1.9341096291014206
1.2399871576059396,1.9536261113263054,1.370282352625391,1.79390113193578,1.020108092936562,4.03900657776715,0.28464469321856334,1.0614829073386276,Feynman33,None,0.40188550562030206
1.5944335490168609,1.713514583952856,1.9308409804728095,1.0261508726339241,1.0290676619366554,4.630208075996089,0.12130318236702003,3.0218946485456595,Feynman33,None,0.25992049064015027
1.613300608181603,1.6044221651519464,1.6853369150913426,1.1607394689044344,1.2082598839402676,4.819888507883151,0.18656617829806527,0.39747705657054827,Feynman33,None,-0.06920930007890745
1.4930258628908624,1.0906132836573246,1.2956524438608046,1.592425915828052,1.779043869177844,3.0841480396594125,7.219974989649613,5.689445016364159,Feynman33,None,7.810577376090255
1.488390779793102,1.616871086198353,1.5120428984159058,1.390011150618847,1.9649735500046392,4.863675289786782,1.6943221255333687,3.0809124058280433,Feynman33,None,1.7240702698495516
1.7141797378152464,1.2733655886030752,1.4280733541345936,1.2464944610505642,1.7199581767748806,4.118378185571997,1.2930718526705542,2.643587997654321,Feynman33,None,0.9939812090508194
1.9561825876637373,1.8700627468563753,1.3787316049966472,1.1908657043391728,1.9132320763654795,4.906930611664988,1.3277130712331024,1.9071023262293672,Feynman33,None,1.5850136454703272
1.5440261443147625,1.584535772121149,1.0946273846036603,1.5940614511224505,1.705804533019431,4.79015389780522,0.6580994028640583,-0.3344869925231453,Feynman33,None,0.3904066532351703
1.5971007404031394,1.4264008470358953,1.6436093767508817,1.2910245093612809,1.1556152894770146,3.315999312544948,0.8210907789832059,-1.677567461396003,Feynman33,None,1.0424086816216351
1.416485918744315,1.235905289651352,1.309407787114761,1.027111178638194,1.4963144353142723,3.596980926082349,0.5808317340727105,0.48469132223644373,Feynman33,None,0.17883272485022197
1.0018408307766262,1.5572449088089093,1.5759401404698516,1.7508865378256893,1.7935374536140238,3.0517539639757043,13.852588559018956,9.246114171876581,Feynman33,None,13.128199384494234
1.8015865062239262,1.5862056539273988,1.7703026059009572,1.1378085498281147,1.043522113305523,3.1279540799663215,0.7617075570033056,0.25620657686347603,Feynman33,None,1.5716157060516778
1.467811813544091,1.7471861269258508,1.495959703988066,1.1951118527228117,1.437740316561841,3.1264145922410327,2.469814499872215,3.895664308637408,Feynman33,None,2.8638111220471005
1.6640417283490594,1.6576269840687616,1.8066645063468112,1.0337840040478679,1.3564847189367075,3.5351826923655745,1.2014508034057416,1.0504316647046248,Feynman33,None,1.4881349238511405
1.6343460780813435,1.8064297786178143,1.9710189022623832,1.038036789515516,1.8105458075028744,4.520570588159607,1.8896950991036485,4.917038829164088,Feynman33,None,2.307420006459468
1.2379789006921555,1.7670444082382106,1.1186731451694931,1.4746807357862992,1.7626219021274683,4.933234555742935,0.5340596387619652,-1.7125192689401612,Feynman33,None,0.2342722594512247
1.3978387421234628,1.7197043764881252,1.2809896718779323,1.6193649957235252,1.0949740218472175,4.279991747969035,0.21253006726063778,1.197267434083794,Feynman33,None,-0.035661695123333816
1.7469350083255053,1.5125877335612095,1.5776331643965276,1.7478068558660078,1.5795519241491043,4.523584029553438,1.6226666800698182,1.924477274784151,Feynman33,None,1.3686294693388148
1.631359475793439,1.568857079583764,1.4999428034445907,1.241737313607584,1.9639376394474262,4.112942915859746,3.244179922236157,3.9559243501484014,Feynman33,None,3.743138863723986
1.9057922551238944,1.753975377053605,1.09152963499112,1.1327860994518817,1.8209271895325216,3.496467592646402,2.964949136532745,4.2919603003948374,Feynman33,None,4.025092624892631
1.4437241303781838,1.2731104624906004,1.4691117465540042,1.5920553904507622,1.2724579433230283,3.525812152882284,0.9445182606138937,1.0360268037571099,Feynman33,None,0.8048147585376482
1.0168941971380954,1.093665687270525,1.4122441969396644,1.845332136907412,1.3410545629397799,4.107351238625638,0.45047121274400587,-1.5347718656677438,Feynman33,None,0.09209418732600302
1.4982817537179751,1.0484330111339548,1.0589636162614409,1.0109196024432632,1.520221031423565,3.9797096154524176,0.22011062033615597,-4.567559590257221,Feynman33,None,-0.868745328113157
1.5904307002523255,1.6673810662124815,1.1855018206683714,1.5189414861113808,1.6239397458291058,3.9279750282223205,1.5308779817437106,1.1714145649196832,Feynman33,None,1.325298720254189
1.9159277293077155,1.7167926517802288,1.7749970635235897,1.5055220240488953,1.07988729219147,3.266934534155627,1.4805013157917373,3.504494274026345,Feynman33,None,2.9431578367639237
1.615740442596251,1.2095503461120614,1.9254079380242415,1.6442161267985154,1.4290061946789523,3.780079634793264,2.2810169189856238,3.6841748477709277,Feynman33,None,2.3671674636731748
1.0926285004135012,1.0452695135262398,1.5402607732052487,1.1975120710888656,1.1341629786701009,3.110268047520507,0.38280761655925394,2.607879596547841,Feynman33,None,0.4160476947378389
1.0943909200368347,1.8600870914647447,1.3914932050402333,1.3730163007621607,1.816441830626947,4.523663658857838,1.1501467601770912,1.2250120905089865,Feynman33,None,0.9596321363014335
1.9059307182124023,1.5972077490666172,1.276122840954441,1.5981396346694647,1.9096686646805594,4.630233963144966,2.228141416039868,3.154231665012777,Feynman33,None,2.4779486189895694
1.270009846799004,1.9594373840392978,1.9590381857588008,1.4489314338731338,1.207166237937296,4.043417287671078,0.8042154246805152,3.3940439373995366,Feynman33,None,0.9465701985372582
1.775083057864642,1.1744534047432564,1.5647360329192346,1.1123080551323627,1.065685841632053,3.7525305649526124,0.2035796922866741,0.2991939534923174,Feynman33,None,0.019061674086101016
1.5331280168119243,1.197758853541734,1.5819278108693946,1.6753721186304418,1.9482758929894857,4.824230970201452,2.0519701199999867,1.9475771754714453,Feynman33,None,2.07122633171128
1.1584354472293927,1.3447885805979487,1.6145086040900312,1.7717451063325842,1.6273833534242896,4.701621733517676,0.989261661929384,-0.3662633893586701,Feynman33,None,0.71060812399036
1.5627262120875458,1.9648037982747157,1.230976063607043,1.79404009290164,1.53254813391292,3.668620550914654,2.8033470904347193,0.6249009356989284,Feynman33,None,3.0355064610465394
1.4949254588574705,1.4311650943638063,1.1817086425238257,1.2978702257003027,1.4957280048809745,4.724227471586976,0.2616469977749577,-0.3162624198096531,Feynman33,None,-0.44132923591987894
1.5733308069308167,1.7679751174289502,1.5323614432177308,1.9469962509994563,1.0568758700063592,3.826711522357612,0.7072084912830248,-0.36912036460589204,Feynman33,None,1.1386886681955233
1.667004874574474,1.1737437247734819,1.9146185211401305,1.9296468941508915,1.6859211227348587,4.222054411701752,4.025746701228985,4.034186573619755,Feynman33,None,4.377434519367747
1.8992503269367211,1.4121201980957823,1.0918587029822286,1.9229391119946078,1.9774207379917987,3.022477459234671,27.733246962332608,27.45659829583697,Feynman33,None,23.984629979116338
1.0928605733212553,1.185724962859645,1.8365021730639968,1.2166318781134935,1.3645127397093764,4.021243889507764,0.4588389965578769,-0.07981848594454993,Feynman33,None,0.1821795269061477
1.4695820607086163,1.967190750803782,1.9400590648669225,1.3325046834829102,1.2939186702709282,3.5409607824924496,1.921898781135433,2.848427542346651,Feynman33,None,2.4587791042589497
1.3838963961938378,1.186023635132964,1.8717814625621094,1.059365996216414,1.0161656071533147,3.0630355925112056,0.413442455346236,0.2921052245821649,Feynman33,None,0.8984948261413663
1.0811490920974745,1.7058210282111301,1.3894567785219436,1.6868912620421725,1.0116690461246989,4.017887087210719,0.19445785816691735,1.333270441624013,Feynman33,None,0.057618677598936595
1.9457267430341982,1.3310436309722569,1.1771639692348994,1.1866274036064404,1.0550912774446517,4.906254364199801,0.049768336134651515,2.8446063452841877,Feynman33,None,-1.0228968719953988
1.017800732913034,1.842508362693514,1.3663412200919636,1.6171617956698872,1.7067395129046208,4.6881461317023,0.8952557250270722,2.8954902461100955,Feynman33,None,0.6582026734381072
1.7364105305373143,1.271846768762792,1.637571127119696,1.4839399286648658,1.5555845454538364,3.2204263095005086,5.059490005443046,5.743527865264987,Feynman33,None,5.483893836289842
1.0799729185734124,1.857801346383006,1.5291428666687183,1.1070307120521887,1.6614916684113896,4.063160399799556,0.9709223184258152,0.9153916298356385,Feynman33,None,0.7790847617058464
1.697679477175996,1.3990575558247658,1.9302016322800242,1.5991511452091487,1.8801673761847963,4.663472169612236,3.57100166153481,4.669509174196113,Feynman33,None,4.005659801228026
1.760904983091386,1.439243316178108,1.101656011509869,1.952082020489236,1.7546134031831584,4.438926283658753,1.6835597843109584,1.501357822508803,Feynman33,None,1.8734336206448765
1.812828697470041,1.581830006003914,1.6159408810968023,1.4064496657304018,1.627728631902067,4.153742124418759,2.0421353532234354,3.2442175348434814,Feynman33,None,1.7977213587978973
1.0885076916475243,1.9075801209174341,1.719992797222679,1.5980820086215044,1.546233657396999,4.938954552544601,0.7759135464859704,4.402262184716276,Feynman33,None,0.7419018279181436
1.8194488675343907,1.5191171091390643,1.3972926876872234,1.9865392366507437,1.101715931454366,4.991196911078545,0.23400981305347862,1.3994494203971823,Feynman33,None,0.38314078255660855
1.1055017713289663,1.7871714687380775,1.7706602997378602,1.921543082963407,1.2760284168554878,3.218233351994879,3.333646737427853,3.207412792060532,Feynman33,None,4.417523228597102
1.065463910658996,1.7283808699298293,1.3280535087184702,1.7853661492134782,1.1405271681147795,4.638900673515138,0.17950354971428673,-0.8923077971867375,Feynman33,None,-0.0656517621546356
1.6367510158725123,1.20093695285995,1.7218641586640033,1.7213170472475485,1.1085635489785184,3.075747684153363,1.612186717515108,2.7944118268886813,Feynman33,None,2.6052359661023115
1.9716717742959193,1.5025982604507773,1.1259657609140783,1.6565993636404572,1.4379889411427538,4.561502343560135,0.52572428969725,-0.012768389350672371,Feynman33,None,0.34998609209087944
1.4772579881359895,1.7585049538556146,1.3723695191139447,1.9460528057337552,1.3543316895759074,4.493899521075896,0.7745532371635905,0.2691173427358756,Feynman33,None,0.6790516064573321
1.0056499032577007,1.06218325890171,1.026467860289224,1.864152451898092,1.4344711993527526,4.004430883310896,0.3550427699346463,-0.5238615756704548,Feynman33,None,0.11653892375818618
1.3042819029368284,1.183150046568826,1.1806580975241485,1.4964702458681,1.3089305420521564,3.196216219986252,0.8193276405857916,1.5600935281460304,Feynman33,None,0.8884373512422467
1.8712391400041062,1.6002571223291095,1.479161948187187,1.6648919997626215,1.2585764595693514,3.7435252112967112,1.2353492926320495,0.09541571787643566,Feynman33,None,1.2696816061135545
1.2985093512379238,1.4070479230684945,1.9830610939821003,1.7417474904022419,1.1185477870583895,4.953810360343773,0.26351076744614965,0.8519183070002206,Feynman33,None,0.4548059251261363
1.7946283814242319,1.646179856530658,1.882609955933276,1.0609616820404892,1.551712829417478,3.653058696993705,2.3928061000812386,6.569547633617099,Feynman33,None,3.0681224278851733
1.9241932904848489,1.435434129369948,1.7323535170723021,1.527322434767844,1.0570583245179879,4.825924566192281,0.2056999863849789,-1.54443424096833,Feynman33,None,0.2045608792456741
1.2956838863076672,1.7139401696033703,1.602932531541247,1.6658574549002139,1.419757362709555,3.378850544424699,3.0493360297558287,5.880212692468912,Feynman33,None,3.2185710523777034
1.535977928535079,1.9262899608681405,1.4216312467846692,1.154387349357239,1.7358199415418474,4.45412970740213,1.0703328485039643,0.6268635828397394,Feynman33,None,0.8383158496382044
1.085276173376184,1.5873699444829639,1.9112620932533568,1.6922551998103312,1.8209607962285919,3.132812969889309,19.653481093307608,20.43309816804004,Feynman33,None,17.58965666388768
1.0973062207541462,1.1196313415065156,1.253568667441698,1.324406440308425,1.0948357227215142,3.605171825313769,0.14640816757087968,-1.303691229508083,Feynman33,None,-0.7308741690145749
1.3073226593931644,1.147478937093886,1.2573290281898857,1.9193807419592024,1.4641001050229638,4.216681348333711,0.6877378116626202,-0.15305656143747814,Feynman33,None,0.5232715454431267
1.6463717540721903,1.7088194434198267,1.8867673149909336,1.9979960950732458,1.4333744150370094,3.83275842085172,4.427862293162671,4.013124502061968,Feynman33,None,4.922395686628238
1.4574186764161812,1.8895037202291105,1.1331860614611746,1.836986443553477,1.6815115392624098,3.313999862207991,6.008614945214759,7.390670238981274,Feynman33,None,7.146926898053299
1.1124317092084186,1.3047092758818146,1.1309145946001844,1.1536735272013865,1.748323571049399,4.850842905695631,0.23066477594449436,1.6325293452775744,Feynman33,None,-0.6979657114658664
1.553450342054664,1.9927244481008768,1.383686740280708,1.8878520789873487,1.0661933973938789,4.2045324527771974,0.41787663970962047,-0.4032065004243653,Feynman33,None,0.646416516039937
1.512797025009922,1.470709399436398,1.574341807970808,1.7877387658051562,1.5269941231201558,3.2004740234866773,6.412886454231841,8.236432166946319,Feynman33,None,6.698542232386897
1.2143060262527774,1.0173191080311208,1.4718544035636492,1.4906360691414915,1.4371781856341421,4.832030379212938,0.23459686528815551,3.9467126875820258,Feynman33,None,-0.8595980947989396
1.8277502884349528,1.5092868709099783,1.898848274159191,1.246798222046186,1.3448468353217633,3.3790421328388813,2.2943347784046644,2.2234806234284643,Feynman33,None,3.030818364882008
1.4616949552254923,1.3999900202368767,1.3162251138176804,1.0768820244793007,1.6656289977689385,4.081612524536544,0.6875007190291502,-1.9300821483483956,Feynman33,None,0.2485716575121995
1.2921753842874453,1.8683378585128303,1.2425564778475955,1.658484389307989,1.5623366231315454,4.390696148325063,0.9025540465000867,0.7801424811690196,Feynman33,None,0.5886602098342388
1.0860883799700605,1.2539433442942032,1.3012564967214924,1.8143363865594608,1.1913706914006919,4.607049410000789,0.16330797708131944,-0.17155278982396555,Feynman33,None,-0.36442357657310387
1.8044118134385156,1.1741582632822651,1.6013994368637512,1.4309738562648526,1.9128083426988767,3.4278946438710376,9.528573434045784,7.600280887883813,Feynman33,None,10.44326597520084
1.3938329951196027,1.4214712864977677,1.1360777250151586,1.8058349126000337,1.161774095552929,4.05303779045649,0.27992628257725105,0.3606757379757343,Feynman33,None,0.15069705512251866
1.0281804536252857,1.3055960511712432,1.6759120677006925,1.9560154552312912,1.0016078025727826,4.636956754085007,0.1447355694173856,2.7215901100601756,Feynman33,None,0.19094972310029232
1.1755184319674128,1.291171132472067,1.1344336065202563,1.0754679995104417,1.5625736172481104,4.693783747415293,0.14701086721142373,0.16091001866874513,Feynman33,None,-1.3911476273687755
1.8085912810624358,1.7116724764718363,1.742007228133454,1.199296205120524,1.3440018851177735,3.5974558020753253,1.4893422882502558,1.91560088932891,Feynman33,None,1.6989542765880696
1.410613973101749,1.7027540793206684,1.953270035894577,1.9825213998237234,1.8005473351165449,4.220677166325335,7.467586571171881,6.572941654767855,Feynman33,None,8.106167139481235
1.0010420152229607,1.8989073689114495,1.1521222261934452,1.22547586465635,1.0210505227557793,3.269967422678095,0.18525621211787277,1.4631400222085076,Feynman33,None,0.2772301856366188
1.951569062398991,1.7232536350188759,1.0458140906129625,1.3147750741435484,1.2712123818884746,4.794733103328036,0.15224934429232573,-0.6981730352949687,Feynman33,None,-0.23254572104160603
1.4136810350008007,1.7955999011775892,1.6731030085728278,1.189611003057239,1.1298723874159893,3.1764818071726975,0.8837574091856263,-0.9156572389767886,Feynman33,None,1.3457737652488841
1.6071324642673135,1.1161279623239473,1.4811448006613315,1.0897670700578983,1.6364619863314638,4.170013304685593,0.6487177481123417,1.6436987392804134,Feynman33,None,0.16642655706745366
1.0888342663014252,1.5127755275752657,1.0115494829803366,1.335417915913048,1.0466458213056926,3.007017360044803,0.23925466733720913,0.015180896554425088,Feynman33,None,0.6760818553873509
1.1249305124160283,1.538607680339788,1.0053713441690317,1.0930683371598238,1.9331742087846728,3.8715606993759826,0.9658913445633783,2.4213507331330417,Feynman33,None,1.1091081460901866
1.0020314640929917,1.6993540470442237,1.5054501852783713,1.042968897852103,1.9112057726958191,3.4288359943954254,3.572217435029586,5.892993422647624,Feynman33,None,4.868414609489294
1.68846305389577,1.6793407477123945,1.6487431113647881,1.4512543362526733,1.614612978610492,4.56196583802144,1.3945226136202191,2.58501636131858,Feynman33,None,1.1441469889793316
1.4802529523271315,1.9170687832447624,1.1967416115001561,1.0601919134867668,1.0467125946384834,4.602144018040015,0.05694244145542647,-1.3782550799741358,Feynman33,None,-0.8806994884872152
1.830382809359607,1.9853313694259866,1.9576416147794078,1.4133856325705167,1.7251733945908678,4.891536138875762,2.3516722671063715,3.7987425051607957,Feynman33,None,3.2054029519136287
1.5007433455746155,1.3246843585673793,1.9683189300256583,1.0224861157945737,1.2921965086751444,3.0724201967161835,1.5577081868995786,2.33801347180449,Feynman33,None,2.6254074204354088
1.1123827652811946,1.0041308304292673,1.810326789983915,1.4915813119382364,1.444670142721857,3.650225809004711,1.1768174229020185,0.8515214450997867,Feynman33,None,1.0573995424585714
1.5219770096360241,1.068683628951629,1.4082717031235614,1.676961374664414,1.3694203449888698,3.5086257746891483,1.2271995789487922,0.3633425834411367,Feynman33,None,1.108021754077756
1.334095102466276,1.0483477422342982,1.6867982565350927,1.1786100548002296,1.8139426128574365,3.9507324066218583,1.6522214167416445,-1.193875562068625,Feynman33,None,1.767452944268749
1.6601478666534546,1.25030857990936,1.464707238876222,1.4595258050976674,1.3856064213325117,3.0116215111236357,2.865037125853347,3.530962247914235,Feynman33,None,3.355001418013556
1.5310037203557245,1.3335024052701487,1.9281181007309414,1.06221029024548,1.6000651738843752,3.2663831689574465,3.57567153671361,2.0101576676160224,Feynman33,None,4.962224487905652
1.0178779023340947,1.1399110456883477,1.0474738125188248,1.1047396890525083,1.9956135856505703,4.8111770074417635,0.28102950460913906,-1.3067301216987315,Feynman33,None,0.15115074184581564
1.4398601402015594,1.3428980996303355,1.5093540066367521,1.0275917814374411,1.8783949300912703,3.8427766096352394,1.9204428438082346,3.225884230096355,Feynman33,None,2.302111460321219
1.7305322241139287,1.0704359745171832,1.8835626415592643,1.424353568561556,1.420505593178131,3.305643222368142,2.8648087258136186,6.175444139473396,Feynman33,None,3.5854641744194375
1.4773088789658524,1.0751225149459773,1.1529396250325323,1.1507602922028415,1.5893837845206913,3.030396969374107,1.686309214006771,2.440375251600461,Feynman33,None,2.020441896962811
1.6534890282420618,1.5558739431114652,1.2009419126660164,1.301733304113162,1.605038647313624,3.0747464111782756,3.694711711941293,-0.6046876227536457,Feynman33,None,4.217192529428463
1.425957111238247,1.8413448318143524,1.5187162778045287,1.6683711496190823,1.2798283928402845,4.652312484209623,0.4733180525620793,2.285503848891086,Feynman33,None,0.32935664238278717
1.2337140281297005,1.7595826954547595,1.4130577235641437,1.5331800321657192,1.714481581647584,4.157808182321567,1.7913159972400792,3.199950823308972,Feynman33,None,1.5265218246816614
1.4298700435727816,1.6673335328627559,1.930872471812676,1.5271561860259428,1.1006009035905322,4.189234051879881,0.47729217500624965,1.4724148605081668,Feynman33,None,0.6447585401079814
1.2221741729885274,1.1973441355490975,1.7976048291410291,1.3195153296799889,1.1782738609677592,3.756325777640936,0.4107294516226539,1.2668084048007777,Feynman33,None,0.24163762502750818
1.5204767925011686,1.926345225337585,1.9623295426648328,1.219107760276895,1.589525620083171,3.6617748950576363,3.7851491200491765,4.75740391769185,Feynman33,None,4.547640806262549
1.5047005228253965,1.8569686225349507,1.567934150477707,1.3608914282081104,1.2212136510634592,3.7417542297452826,0.7574293461039293,1.165760399253472,Feynman33,None,0.6724544247657717
1.4399690119625652,1.1790250147629304,1.957006057677214,1.6067606757942534,1.0454946532621496,4.619136840484006,0.20500918061211282,0.8528541611391993,Feynman33,None,0.3266317646560874
1.7071436794669412,1.8264711831639127,1.4560530499982303,1.2104768723465515,1.361966396404033,3.794895145425583,0.8869001826659525,0.5803685307556038,Feynman33,None,0.6837363805398374
1.7015404135598085,1.4735225132480525,1.8601509567304086,1.8132318666842098,1.7304797642697012,4.046374219352483,5.985997253242586,6.515190702604845,Feynman33,None,6.283332398018496
1.5913193603885922,1.2381731397847513,1.0231853693367674,1.3038160273666037,1.8820640121267447,3.4288500373885116,2.7309084694593824,5.602749904063508,Feynman33,None,3.6691284074197896
1.2312525307490478,1.8961905787281037,1.2296166844444665,1.0199921348436556,1.8326938350618698,4.467186122039261,0.6300168068593683,-0.6727372321782386,Feynman33,None,0.4413476625014709
1.0698669427328298,1.5162342368207427,1.2428031742533123,1.3788977954121433,1.8440454368091128,4.377127212069912,0.9291740695168483,2.0142985779286833,Feynman33,None,0.6975208339122632
1.4400479051901418,1.1674341237227028,1.6824161839549436,1.3442369486127723,1.2386302427643652,4.488177725019339,0.24480042500644067,2.5647052848148193,Feynman33,None,-0.23087044716663435
1.4278002158949792,1.817717291124504,1.7476764299537035,1.1765591698757842,1.407071162288382,3.235075485812903,2.5020967319131424,1.7439692379709966,Feynman33,None,3.076114660279017
1.9708379341699684,1.1108783207075468,1.2355796245575223,1.4807708149846759,1.4017836650031936,3.2237074260459373,1.669056597507027,2.3879102760169104,Feynman33,None,2.0277627675413767
1.7291704633777019,1.3994344749491483,1.095217629749722,1.7629393318968538,1.33530028828098,3.727007252157736,0.8195158485928046,-1.98766965330393,Feynman33,None,0.7978912937567122
1.8435150045843791,1.79432891178343,1.2558453132744827,1.2751318134699225,1.0237562153195374,4.608733519116138,0.09572654148110145,1.2182625922345096,Feynman33,None,-0.3150476819709942
1.9083579608505503,1.3541188888493578,1.4351701872496294,1.2888968720241465,1.3547851638058852,4.456861184491702,0.38390776119247666,-1.3263767115593537,Feynman33,None,0.022541072144212772
1.5281988880717297,1.2861738210954066,1.528353239108894,1.3358971726621522,1.1123659837863293,4.12617304296441,0.21081486892213694,-0.40345400066385995,Feynman33,None,-0.19834466965556444
1.0868024260181386,1.140259944173493,1.6782590926905585,1.5666996785781586,1.546829969572733,4.450088398655324,0.6777589311774987,-2.6831937779082295,Feynman33,None,0.17233953978351327
1.131568616070115,1.598973380621279,1.0081195784426558,1.8844621465891294,1.0610068299041662,3.8866383574241077,0.17735941178215123,0.12810528102296043,Feynman33,None,0.20850244598919682
1.9196941563210987,1.86989549510261,1.2758342192112688,1.4606876409859084,1.5225092331635035,4.039887484210272,1.4310672987609498,1.028825769106157,Feynman33,None,1.2988821398503683
1.5948486083010114,1.8390991679264457,1.493793135851155,1.6588899983331984,1.4429212553971218,3.354255399406921,3.8900499866040605,3.7440056823991,Feynman33,None,4.15541181518505
1.3343528289566764,1.887992446332258,1.9543707157406864,1.80426657958117,1.6774414601306722,4.472428261763987,3.516195245787631,0.9459307090106188,Feynman33,None,3.6516730402859676
1.1775825555705997,1.9667174184770955,1.7905027264437008,1.2794788952358884,1.8594069463771206,3.9783251049258213,3.977583266552508,4.434801815978201,Feynman33,None,4.714990438841368
1.0380510666304774,1.5309331607067118,1.121463735000394,1.653697617181407,1.5711009906192692,4.631385902320425,0.3871749095890895,1.41502841815739,Feynman33,None,-0.08488211311193922
1.1909631170670285,1.0034959123035625,1.8275085090555194,1.1775167170412864,1.2709337749579266,3.331126721019591,0.6728631646878043,2.213420492604511,Feynman33,None,0.7820402255095384
1.7973749130855374,1.9652685712324016,1.6299046640796966,1.4666241577911894,1.7326048700681997,4.384159780546876,2.8964404137336706,2.367784212283661,Feynman33,None,3.0197565609046557
1.9822616491934273,1.056468992246756,1.1672690361404956,1.0407819368842008,1.5072873692786386,4.4539667114384365,0.21657632652680642,1.658114506145394,Feynman33,None,-0.4940347638498565
1.7289972571448902,1.4469109481584534,1.632829166299406,1.3550168667401694,1.2653816203976587,4.4412769614919725,0.4003921558962904,0.6462340623808461,Feynman33,None,0.16573963407633702
1.202784908526366,1.1770373265781457,1.010784069171297,1.971359189429699,1.8841896326220473,4.805922926248101,0.776721928746131,-1.581981186237814,Feynman33,None,0.778475964164229
1.9925320273551248,1.957793400372852,1.0577810764208482,1.6082976562780433,1.7613895755175393,4.011712278681001,2.6971113016937944,1.2629718008342887,Feynman33,None,3.5799663418162915
1.6829879565649737,1.5747284248493054,1.0272410777662144,1.7761466777130466,1.627796963544868,3.294634222009038,3.854188271788604,4.609460919796011,Feynman33,None,5.10465178495345
1.5025150097304754,1.1256473353943726,1.697456724378738,1.737869299541246,1.8004172656181432,3.084952514949832,16.449290136010955,17.52423057962978,Feynman33,None,15.009818058133225
1.3338167406408514,1.8328068560588133,1.014110833211753,1.111756026529207,1.1433271290142666,3.0707373181272173,0.33714963194744063,1.8872131349618093,Feynman33,None,0.6880132993817123
1.3809399130972118,1.7063995032099908,1.9739003752774082,1.3255350070668546,1.1199746540179794,3.2779948176669746,1.1803052269283378,-0.610893334909884,Feynman33,None,1.9202287923411239
1.1452139900361769,1.54410124981287,1.9954843171542178,1.430340544601952,1.2880213820331865,4.8252517729389215,0.3551767733310432,0.8522283565175219,Feynman33,None,0.48952581181448745
1.9280653675738684,1.306265380316249,1.4619033318032788,1.1535590129066757,1.9821777420703985,4.999031240872524,1.0441415694525398,4.497956012657126,Feynman33,None,1.1409056952384038
1.4712884489580185,1.316115141529465,1.4622333252396058,1.425268359160767,1.9786325805708103,3.618563294000469,6.4087831539240225,6.69213689167784,Feynman33,None,7.339310748884479
1.2544861791346387,1.7887376006697036,1.152485507867116,1.250547835824948,1.5790720074486086,4.46165814565826,0.4003473613695142,-0.08186237955740483,Feynman33,None,-0.13066095094690441
1.5947733306035126,1.2738193042120722,1.1889444118177863,1.9296961637555117,1.624433956357205,3.6821799494909686,2.615688919114034,4.420925884664247,Feynman33,None,3.176553373927857
1.0611209056405753,1.0796688762618403,1.5770899237467617,1.7926420870224353,1.9877200376941317,3.158496287700836,16.49457507378517,16.63583228396032,Feynman33,None,16.38048065047101
1.6636199066947088,1.9221472124725827,1.9693943513472754,1.4586457370954262,1.5679267599625317,4.777256809167753,1.6109436023708044,0.9175324862926213,Feynman33,None,1.8963895300194396
1.766402988618614,1.470957359645999,1.8992388465177985,1.257973660207818,1.5413398025796643,3.3992477271690595,4.161680663221138,2.5319342008418775,Feynman33,None,5.0160215428765405
1.531662155817335,1.3350274172467747,1.7796965322429459,1.0072326138892516,1.9285891692971786,4.445939640793274,1.4786609192970432,0.6545783719882791,Feynman33,None,1.7507115372158844
1.7925359583894869,1.15924163171348,1.76535775565754,1.519131670535739,1.1996750055768406,3.88618796327649,0.6945987625593723,1.0976037692993321,Feynman33,None,0.6404245329121399
1.7722758913765766,1.5333440152594653,1.9419941254366155,1.865140861078928,1.6824448604248547,4.104373029932869,6.091718827109754,6.460732168735092,Feynman33,None,6.536974225654344
1.2165791346803931,1.0966701791356848,1.3999184072962008,1.792738737021232,1.4805445474288363,4.125163415613588,0.7695613637831862,0.2593672100700266,Feynman33,None,0.3956436081627237
1.6008346143257708,1.5332682884623472,1.3872141808495215,1.2137632881156684,1.9523954179991474,3.41800717893842,6.83640544912614,5.858560392984525,Feynman33,None,7.792274465482335
1.4267621429705657,1.9629553255650403,1.357061135695861,1.3656240366233585,1.759136976777679,4.870860907296702,0.9065285037063262,-0.8053986524962329,Feynman33,None,0.7471242506552551
1.1702891273877933,1.4308784493979436,1.1696676049090957,1.2017788520754131,1.4524463154198244,4.052451561564872,0.3011008182362327,1.9321867623819404,Feynman33,None,-0.5332137452799445
1.0648081559558533,1.7345890032791702,1.1975120346709076,1.6261190564258352,1.7007496912692723,3.2576652938206925,4.118762382127073,6.017627974191115,Feynman33,None,4.9335478675446085
1.7710372059235138,1.3027673443309773,1.3749000222627146,1.7287835223663284,1.4952230393848218,4.632299547645376,0.7386020072264694,1.699448129580437,Feynman33,None,0.46986948388271066
1.4367241811944669,1.7622459967162942,1.1193061194886929,1.2872888969538687,1.07020377037052,3.119834790787282,0.39161276789548555,0.6432771851771636,Feynman33,None,0.7108239555813832
1.8445044280882021,1.4024742303237026,1.4398824493179587,1.436305973275646,1.9371251332618433,4.877023308774502,1.6261258622107475,2.8842921648164532,Feynman33,None,1.7182943445271042
1.8039201530403899,1.6012879047583077,1.66425563206012,1.847027078226422,1.878364194833393,4.163605394197355,7.465518619552686,8.295910794327785,Feynman33,None,8.109719883622526
1.1568667458703012,1.7647707818333012,1.5673429172617106,1.9058233108179365,1.4339952559576672,4.766556213888397,0.7556620160594594,1.2792497630915713,Feynman33,None,0.7088049978847555
1.876348237631244,1.2894846769445691,1.4474050587124414,1.76098057902986,1.6243418177109694,4.093609732286391,2.2993224275235034,2.364190296238282,Feynman33,None,2.1647806393909828
1.8522996626310058,1.1397753106052075,1.9377790660267489,1.6053365802457134,1.8255733551290991,3.8100428840448055,7.599504668707371,6.851882407929388,Feynman33,None,8.935051024134868
1.0621735375800032,1.2928721599327044,1.5682496939033015,1.037515349969392,1.5021247972656702,3.476604961896826,0.8023069587802978,-0.11253302336368243,Feynman33,None,0.7345987044220018
1.7119022449802377,1.6688190396750766,1.921075147573743,1.0584421948876321,1.5758026446798872,4.771772472340939,0.7412864717662266,1.1847925767093943,Feynman33,None,0.7773458984141887
1.6413095265817061,1.7416091606901793,1.9820906730718244,1.2192725455376077,1.1822715216319493,3.1701244842959153,1.8252485770092381,3.4889908800979246,Feynman33,None,3.035890212182819
1.694510324558947,1.186880250419377,1.7437355338709137,1.0122245482287802,1.1788912611702336,3.931106920278487,0.25629685541731734,-0.1968536946830135,Feynman33,None,0.11120936713772148
1.484043983297199,1.0746252262250873,1.9552461916385506,1.4123554411509391,1.6382364873970374,4.234096667737026,1.5790858323213384,2.1373605667841717,Feynman33,None,1.5142884632449298
1.850888256631121,1.42377456319401,1.1356639432760418,1.4540890943285705,1.9665938060978954,4.5290785266891955,1.6250982724975251,0.6546767056181545,Feynman33,None,1.8887817718617395
1.5454719132606483,1.5308317888305703,1.3502258979816038,1.998263542275303,1.0738953216211975,4.276720860736633,0.32671512014656573,1.877543190863956,Feynman33,None,0.5008837920301945
1.7969392736441532,1.19346224272749,1.325112290790167,1.393255462238203,1.930530835966526,4.664626917968228,1.308056843259682,1.1059543820603224,Feynman33,None,1.2710464508816375
1.8388286081704264,1.0077464964550122,1.987100679671388,1.58401494462291,1.335293317745786,3.4905012295325992,2.2601129917641165,2.552273704011981,Feynman33,None,3.0025304647151234
1.998566322718717,1.063387322276856,1.427974247189347,1.0409551154022727,1.801867932033298,3.2477851088132166,3.889424300960418,2.114680647214439,Feynman33,None,5.340196873490559
1.9328334092585289,1.7366657767162663,1.0087436333856141,1.218988359085134,1.4206923199417525,4.737165090153199,0.20765768675588925,0.36946953695244844,Feynman33,None,-0.1387647208000442
1.6855872667028227,1.7715909288114666,1.1205137469707784,1.1574282758622507,1.6384619119699022,3.3887184583959558,1.958478899829669,3.4402875075313033,Feynman33,None,2.300351235308217
1.3910015320756857,1.4085031048723855,1.9418873682567248,1.5935623019169802,1.7717261653446803,4.631160340505106,2.310121254310941,-0.49626633257152886,Feynman33,None,2.279744682424267
1.4491678378592259,1.8195716369109904,1.835284370712304,1.1098544242557362,1.031612490770805,3.5917751207915725,0.37044682093540865,0.9170815192894897,Feynman33,None,0.6415528232792584
1.9713767038518109,1.336884466377203,1.5700016774470473,1.0385634516876143,1.5098133227682267,4.092269002776691,0.7286965204305181,1.7500092136289984,Feynman33,None,0.4843189462509738
1.1309383635558257,1.981266848875693,1.7248351777668864,1.760128368813377,1.6517107767690733,3.403674433723544,8.207893688824317,9.020447818036622,Feynman33,None,8.642724943980404
1.8067519183534586,1.6559437556671033,1.9657746341910372,1.0322252628728656,1.4619964907996166,3.283024956666418,3.1573638253832503,3.6831401276879694,Feynman33,None,4.682229807365729
1.6275605961419934,1.4893788407185684,1.3666379191099254,1.462642055869097,1.0725959218808199,3.7969588080701895,0.30510558305776825,1.035028143415095,Feynman33,None,0.18954706889899015
1.2411266343436413,1.3972022450945427,1.2601660294328287,1.863047259706724,1.341555977965408,3.742918201528346,0.8699514443597137,2.9481831826771994,Feynman33,None,0.8477910363824642
1.9202325704808008,1.3194772984776577,1.423930383325808,1.6714156136825038,1.032319699961631,3.801444697300349,0.38105842710023613,-1.4717574393683075,Feynman33,None,0.5282606130330811
1.625578255508543,1.4410002912422,1.9620400789379975,1.1906169133202487,1.9658438933160935,3.9288551881823386,5.972382830233823,6.378662292385603,Feynman33,None,7.810498641472785
1.7036150192398332,1.9468875531246774,1.9380698103814116,1.182460386272401,1.3920050284488468,4.106675949388185,1.2294893166653411,1.216587199716691,Feynman33,None,1.4051713583535872
1.3658326022442013,1.7534486836148386,1.5488386068058135,1.947895348952201,1.283265610783351,3.84208920063081,1.4396614595439758,4.500973688630227,Feynman33,None,1.464307030601612
1.055342029603074,1.0451845389989578,1.083642565567093,1.8451070430600705,1.714925365122212,3.053576784312358,3.9207756319098945,5.818760190406417,Feynman33,None,5.817845949869554
1.185385465204814,1.7748859024130041,1.218945865070951,1.5639557695097936,1.4238785845034938,4.4568114864469734,0.41385295632027513,-2.993422769005769,Feynman33,None,-0.009153177584501094
1.3883667280148484,1.7338465844496755,1.9448563946369246,1.6694333481991448,1.4868247042656193,3.5827767319718884,4.600928503486269,2.308457586591554,Feynman33,None,4.963526155589896
1.471071454049874,1.2508449492126035,1.9932816115673804,1.131491640076287,1.0102592647584485,4.207858744222898,0.14669703019731875,-0.2314925597142001,Feynman33,None,0.35295272877694045
1.6484248771733685,1.9142159910445535,1.3835881586413021,1.9304458021758695,1.1432939183303878,4.635269698609858,0.39566436550809964,2.1820899795383464,Feynman33,None,0.533630030136823
1.8301768782370949,1.7407952330966443,1.8724943950356543,1.7888144378561164,1.8715199676065049,3.3719358271612725,29.677023750130648,31.002685656807927,Feynman33,None,24.37487142330811
1.2457781140432083,1.279664330167758,1.908197653699348,1.7134522836339197,1.2480328209373015,3.497338378304984,1.520137416288788,0.29394136195319454,Feynman33,None,1.796027642815679
1.3069197567166109,1.2876308560546175,1.4358124357184419,1.6689665214121523,1.9006203890468638,3.751938221036581,4.823352448941358,4.7472953620761364,Feynman33,None,5.562526719029245
1.1833712294127232,1.9046684279510986,1.8168910188693945,1.9317599285942664,1.8165151451705688,3.1301991963152656,29.987042495756057,28.529781008317357,Feynman33,None,23.58466571669952
1.138922573738173,1.0329811583048825,1.7365092020690933,1.81817820230305,1.9192092093282969,3.1997295952298,15.511674702645111,15.006560390571522,Feynman33,None,15.953478028949108
1.43326110920904,1.5244540277557557,1.8564704613745784,1.7130981058770014,1.8454124853057998,4.909974445538308,2.5049863369252656,3.652361537112937,Feynman33,None,2.645432789637973
1.9602686498007966,1.8780219785877794,1.5041448705986569,1.7442728832286634,1.5866905047850555,3.9993812073348733,3.703954500849229,4.220744258259448,Feynman33,None,3.9614318754669444
1.8281957045008495,1.1394258571285802,1.9371608510934415,1.0737304101616223,1.846362010068186,4.329209010995514,1.866089647905608,3.851669348318774,Feynman33,None,2.4223471959707337
1.4694890166623507,1.5834594618522524,1.7266893461382304,1.4376661133661632,1.1594844959380253,3.4308969686135313,0.9985656230844162,1.8066965532210026,Feynman33,None,1.226779220358179
1.121420910818308,1.4566264916863774,1.6007424520767903,1.9490541487594824,1.6918409473966802,4.610935951401022,1.6120332596314244,2.4468610387696543,Feynman33,None,1.526105004222756
1.6747589913572833,1.0889236844683707,1.4062974377445259,1.1542464848802063,1.4907691901498343,4.808358480765273,0.22762787053083527,0.5083364027895723,Feynman33,None,-0.5859440565052771
1.9832983817059693,1.956708508915642,1.9897148767641208,1.5941376502270983,1.9485101603439903,3.4468391474003175,36.07391968813537,37.63710373800856,Feynman33,None,30.070196417285526
1.108131338505069,1.4292813862353833,1.301001494621997,1.893564052260714,1.509649364468495,4.549507929583969,0.6164336254557083,1.8400737926796715,Feynman33,None,0.4554533734281159
1.6698731720885371,1.7485486082615855,1.1619603861671082,1.8801177929704314,1.4549537225331686,4.171171832490542,1.1200854854297444,2.550613466405011,Feynman33,None,1.005997699503487
1.989342705599732,1.9283570747588679,1.7228360161000111,1.6903595612811344,1.7527988411434074,4.188885532890519,6.13981688611695,7.489586433018232,Feynman33,None,6.972736949502241
1.1649548779280874,1.1136134858904105,1.055426037537019,1.1744029639825255,1.5749868527148534,3.7559189432189397,0.3800524270394009,-0.5471387884385456,Feynman33,None,-0.5294418726710799
1.1718146055581924,1.5026421028113557,1.035797369762383,1.9439284646374086,1.838437709177649,3.405714758961352,5.056694834909649,8.540904642779331,Feynman33,None,7.419917283066702
1.3026106144354155,1.6317911523070445,1.5395551171324668,1.038963416647443,1.9191185609222217,4.567238130496599,1.0473435865048613,0.5724799181581306,Feynman33,None,1.040213247088011
1.9816670114851334,1.735895548848238,1.8293116228796737,1.1049049302103162,1.5008583714063826,4.003110696477668,1.5747541622730372,1.592935679319942,Feynman33,None,1.8287037519167126
1.881364603095401,1.0210996415456621,1.7149247026128065,1.6769411808454648,1.9315899774621177,3.030292412031946,31.171818669181178,29.260308977884335,Feynman33,None,24.297413916787715
1.6119291560382414,1.3894911544032391,1.7380148327915466,1.9554266906694027,1.1065108496009608,3.1123176874603207,2.2685122179051427,2.5077361768192974,Feynman33,None,3.8435770279829886
1.1508245972383804,1.028289272099416,1.7501452467191316,1.9322657100895786,1.3455857076702893,4.2483447134870715,0.7048298835782235,-0.4448403682686112,Feynman33,None,0.5283755112172858
1.7609180101480484,1.7314773581506508,1.5751743898665285,1.5561995219638383,1.2450503791031453,4.488965758081787,0.5329951355436443,-0.253145280123672,Feynman33,None,0.43139395261729774
1.0553125920501607,1.3025146730930586,1.7425912438429387,1.8961190861541621,1.8233530442582357,3.7651174459597403,5.9003625867541905,6.660178562812878,Feynman33,None,7.144691119539553
1.808220781398656,1.4515288869556868,1.8579674355989089,1.7692224664201892,1.6790915996458402,4.523286557307884,3.034374527179651,4.443078374413393,Feynman33,None,3.1354693828647284
1.469411151646073,1.0480348216019106,1.9299301286169182,1.7254598707902584,1.4799001630919002,3.4454688064227836,3.6608021166960842,4.34295379677503,Feynman33,None,4.352404183708676
1.9675751575867535,1.1556769224175019,1.0703784533588938,1.484525408476649,1.4198960672690397,3.2713831233251387,1.295712572970855,2.9895143516622937,Feynman33,None,1.6653042783367775
1.2308665161194368,1.4563021034084676,1.141185262271943,1.923898387694072,1.7388825914325285,4.734174069920241,0.8802613897121211,2.777979124091596,Feynman33,None,0.794460066255256
1.4595550976752512,1.2494717947916767,1.2306110787142437,1.0829344845364766,1.458371194520318,3.962226886271111,0.33315081108206,0.3804975360887296,Feynman33,None,-0.38892439862580597
1.2601351130423928,1.3562481454360877,1.1965470022701663,1.5700502521393238,1.048656788041518,4.674802926521722,0.0709344385067857,-0.9305767701754682,Feynman33,None,-1.1093830897806238
1.2376868975956516,1.313329015231315,1.0773948228359835,1.9292971392519958,1.0069016383314273,3.401180000316613,0.27146922407040636,-0.5252893096605906,Feynman33,None,0.5083981971565004
1.7444193405065453,1.2819753317325702,1.8250342277384015,1.5446972081024721,1.9686750470126406,4.991850807469773,2.525417425346957,3.800475812636402,Feynman33,None,2.964275857883099
1.053901380141929,1.683787240677992,1.4338957662017506,1.344907337614858,1.6865622956530582,4.693663778270319,0.6076268152384672,0.6477992487298309,Feynman33,None,0.20748296913928727
1.4020416229343469,1.5463790249380738,1.8927381983528968,1.2845286256857493,1.6428948935455008,4.731493190545126,1.0089587169657381,4.317338220504049,Feynman33,None,0.8964297688137528
1.0727073811339578,1.3376124845205344,1.3264439268025208,1.2797357858278402,1.2360144603652787,4.087493668691279,0.1754189701829043,1.6792447577924823,Feynman33,None,-0.8897098496336249
1.0444078124098122,1.234255165767307,1.3557282817292873,1.9068637907372896,1.4385091891320232,3.306000598451068,1.9683348116011932,1.0228221587192514,Feynman33,None,2.5951279360313246
1.467015937071777,1.9784689710053476,1.80559594769817,1.9925682873957782,1.548423819336501,4.152670015378015,4.103922719155105,1.7815121210174087,Feynman33,None,4.269135553362509
1.727260996923043,1.5810388899550136,1.0494742391335077,1.1305523898890675,1.5210197316319225,4.5802575944116715,0.24739188387028477,-1.0813944215861508,Feynman33,None,-0.2699635956627647
1.92580821408922,1.4979127325216361,1.5720030669019422,1.1601450944896476,1.400039867197984,3.2026192050063114,2.243234987308473,1.058513936944067,Feynman33,None,2.8278036156917477
1.9417676095614658,1.7758711128791316,1.8323916523769788,1.4137879436204224,1.5865391779827358,4.707708067435087,1.5914153024764806,1.0928547279580318,Feynman33,None,1.8419939599698316
1.4030603622599749,1.3959937486661254,1.208275796499163,1.976168243273668,1.4329818372386853,4.895030770394676,0.4109510460581664,2.5856140949822075,Feynman33,None,0.40666770963040344
1.1944739348369453,1.6636976481032026,1.5173413518196144,1.8171065747214779,1.4299069207879604,3.6355832729930633,2.1191983979417826,2.661870885199804,Feynman33,None,2.1375467820531604
1.1586376060965895,1.9317598402347964,1.6219948423015405,1.5955423440108354,1.2530651383302054,3.484886361765728,1.3845209507178273,1.2313539755705851,Feynman33,None,1.5470449025399373
1.2250667298529474,1.727668879960822,1.0363206683952306,1.112349663558919,1.3543847194152678,3.1463840671913488,0.6093950486757078,0.7271354747166826,Feynman33,None,0.7890519857722258
1.1546649792327335,1.8023625475562575,1.9837090838853884,1.9566873286618813,1.080645446313722,4.416714792862146,0.5325249551405835,0.966161332836601,Feynman33,None,0.8123982958278371
1.4006810839088866,1.766243515090911,1.1995892487936792,1.4422783708946987,1.5501245309486484,3.305224454461679,2.4664000699185378,5.451603713965022,Feynman33,None,2.6877749398879343
1.1219421613990956,1.7790047133311113,1.1028631685614654,1.364169473395854,1.7873102213232546,4.1747893166250645,0.953099524879441,0.64280273131272,Feynman33,None,0.7722453329890709
1.8342303246484135,1.3329103801913065,1.606850342291636,1.7075299371472688,1.0328455209145415,4.779074309431154,0.18507365383570934,-1.8199004033584394,Feynman33,None,0.12374050002942294
1.8928336330942526,1.0140452066913817,1.5649162467212996,1.049985729959773,1.646869200264928,4.3923104846944145,0.5808494319084623,-0.5268976661813591,Feynman33,None,0.2058680713628336
1.165510783251404,1.569448951605374,1.5531692590559674,1.2619011698039033,1.436636917782999,4.679250106208464,0.31880068778292375,2.417501046990451,Feynman33,None,-0.2311396410188956
1.4984656891272532,1.3214614965861624,1.9379862211742802,1.701120681781361,1.7186616800806789,4.942348322345331,1.7058361348918099,2.424499759205144,Feynman33,None,1.7377621262819865
1.4942434998785068,1.1516082636600102,1.4271738611869742,1.2710933042016275,1.3733656580978244,3.2411787226309405,1.1359092774349961,0.436598295412845,Feynman33,None,1.1455257283852922
1.056518683857921,1.1864754341689834,1.8279600444154682,1.2058788019417683,1.8243846934528145,3.1992816914260365,5.924463539892592,5.5975174271296835,Feynman33,None,7.562922258595753
1.3803911755650868,1.885167337518991,1.6067726673380345,1.3359036348685376,1.4027185612450301,4.852838394361818,0.41742809354505994,2.6870603136206355,Feynman33,None,0.2244102391651708
1.7348323631662494,1.0904243578388866,1.4199834458728642,1.8338358223931188,1.5107198576493166,3.274174769347952,3.9308947035684705,4.520253836881988,Feynman33,None,4.62717938234715
1.388123231973857,1.704295653311759,1.1735619367679133,1.220020797504384,1.5565191447635032,4.10263192409616,0.5743387065171487,2.710404756896281,Feynman33,None,0.1123642294211451
1.3264907813360771,1.4922815101298892,1.579292751071422,1.5537735487423978,1.3973804631373068,4.051247856426245,0.9104795579019129,-0.8053968838629659,Feynman33,None,0.5350868418234129
1.8379283437893807,1.3129008582612123,1.5588782620858295,1.0694421402837282,1.0649559888007576,4.834170615185718,0.0730865692908711,-1.0876813972397559,Feynman33,None,-0.597669057229856
1.7217689574661894,1.3846192077976605,1.3979423984859727,1.1814884627767945,1.2009751842761238,4.923313685897082,0.10904968866924193,2.1382445176447775,Feynman33,None,-0.7031062998397739
1.5928527524912157,1.8801553171576906,1.821343793019374,1.6368236035004542,1.4130702880814712,4.66144384860789,1.1416832150887204,3.4058458383147903,Feynman33,None,1.1530773620723773
1.5860708466244593,1.2446051085299255,1.2475780801227705,1.4401263479999318,1.8681756535872824,3.7317930698635946,2.9851457654056937,1.5870705950082467,Feynman33,None,3.451734771382453
1.8519473108025908,1.0434468065275637,1.5162605898265007,1.8928917917096042,1.2896105921805816,3.1096142743384165,2.8768971103905376,3.082977858933917,Feynman33,None,3.954373973488055
1.2919448081032152,1.8915073590808786,1.0268554689788556,1.9519328039390031,1.6993591402766486,3.914061970973938,2.2189294314295234,2.163105897678153,Feynman33,None,2.933393966570499
1.5100249950256925,1.2076979454303838,1.9566123755595883,1.850725577277725,1.2718021882858355,3.8628500295628556,1.480573802561296,3.1187433732940253,Feynman33,None,1.6119762071879096
1.535679817182719,1.1560494174220046,1.026773832038037,1.2950235031615227,1.2064915175789317,3.6918980555439918,0.18796030642397799,-0.4367401033109266,Feynman33,None,-0.42156699719092094
1.0537666810726631,1.446055725893308,1.117019457169437,1.5680991638650497,1.2895784910070822,3.745190105099559,0.35432301327101096,-1.0281841895462673,Feynman33,None,-0.02134972221032103
1.8542114790054547,1.683329792209091,1.4825326979982631,1.155729454959348,1.7707158090293973,3.3068670489076313,6.202281575736022,7.196075464536724,Feynman33,None,7.133146192646225
1.844351409330975,1.3495965791622502,1.73391561358406,1.0415913646749213,1.434699377243235,3.111008653197594,2.4815279638768444,4.272293112238955,Feynman33,None,3.5009256208512367
1.940120241082957,1.2687397041233464,1.625040364332242,1.7659666037287756,1.8094787571529203,4.215482409352816,4.332074858456672,2.6882378906549658,Feynman33,None,4.7673409274887
1.165139983057074,1.5455573766819453,1.6385215326253992,1.983293999070122,1.2377177604804062,3.6099897613709193,1.413562629935513,-0.15595875377706725,Feynman33,None,1.6854067312943508
1.8982395931670524,1.7784080696471962,1.5489552661543837,1.723337193073538,1.5376411718496206,4.054141399184656,2.844558218872301,2.25117934561331,Feynman33,None,2.819377882370135
1.191766924427336,1.1147629623748245,1.2907252341851474,1.2017242811528162,1.3946034539829815,3.7701951884989495,0.3364281196291845,3.2103661739896,Feynman33,None,-0.5489745776246757
1.155481255601562,1.7711186804551313,1.7437745598647643,1.7236074785290754,1.1392409357263444,4.370564756527676,0.41151473291320156,-0.35196497797241616,Feynman33,None,0.4138362687255391
1.9236194403749631,1.0463187124275684,1.7450170360216402,1.8116047369583463,1.0944288304800351,4.447743519529819,0.3499769321455927,0.730670200848448,Feynman33,None,0.42038102965278845
1.6175846745378237,1.0227147629796,1.945461542461083,1.4810533002206383,1.8025571402054623,4.461960104444565,2.1883132087408037,2.342803801631888,Feynman33,None,2.3447404917966774
1.7294106474398185,1.5826360145584166,1.114184588998679,1.4587226782770457,1.7475508287677886,4.068616759735709,1.5498798563836766,-0.06438659022692805,Feynman33,None,1.5138061396166407
1.245426734170027,1.0797887797291792,1.984669644722307,1.8258240231075624,1.9892211911785753,4.488204161147616,4.420188334286407,4.6308509509171225,Feynman33,None,5.603185978311755
1.5109106263447467,1.030953909181557,1.4741417754456752,1.6605542576700998,1.254296250718287,4.136649324597684,0.4007998289250871,0.28069312992122564,Feynman33,None,-0.04157361225840502
1.5579015885899676,1.6176565583990912,1.1247614026058022,1.2340727512318475,1.7829388382616926,3.9385998431962346,1.351065678025,0.8814860470783611,Feynman33,None,1.2884161801431204
1.6238336274568832,1.2788279376589853,1.3705291931667123,1.0325782456971968,1.6755382050833552,3.768444799370476,1.0576668796335105,1.6824299163097933,Feynman33,None,0.870264826614551
1.702945341161056,1.7448012276769966,1.6927938687484643,1.7256819546406308,1.4624614790649497,3.214356028618373,7.237455702451363,5.8059159528554565,Feynman33,None,7.7249041582802755
1.6853869450351762,1.6470354083789016,1.3553154522572308,1.2910288200252682,1.4614182584438415,4.193515950982151,0.6802904565788518,-0.4938564822449042,Feynman33,None,0.276538612651819
1.9957359497712641,1.02206622468952,1.0780730165453858,1.3213806393581606,1.627647512154033,4.964026741671697,0.25160664099087077,1.2763361038903904,Feynman33,None,-0.31342356912981845
1.2936068315131861,1.5334141401025954,1.5393917520615155,1.0019045499800094,1.839130065631747,3.1408115061752766,5.381374772814247,5.658494950583978,Feynman33,None,6.569646473038093
1.1259967844080516,1.8840713490654268,1.5802892473910553,1.2368388102759922,1.8549436368735979,4.828815093000997,1.0173243555182245,-1.9536327365454773,Feynman33,None,0.9472550232331389
1.618734658233481,1.835425078540735,1.2244728860689205,1.2181148313373322,1.169969505844327,3.307832055591383,0.5660889369226068,-0.5205205002923607,Feynman33,None,0.7041724363568163
1.971630565390775,1.1128305880911131,1.6363913656412914,1.7745046125059856,1.1216014829163758,4.49157654083594,0.34273236946216445,0.7679614158546455,Feynman33,None,0.34171017990416114
1.9634642104781064,1.698404558583106,1.6311889069082919,1.6894573941627038,1.2560139926919864,4.6345881121507455,0.6665724877146079,-0.8247496429341731,Feynman33,None,0.7871634694615945
1.6152651816020722,1.5143464647466307,1.9253892193979492,1.7490966533865193,1.073788864610072,4.303799881341265,0.5120528435501531,-0.39175012242426255,Feynman33,None,0.7670759562478648
1.79097359172088,1.4252172206870846,1.2282843321019976,1.948417532609299,1.566033479575883,3.1521850045828557,6.576267381112333,4.786083860358584,Feynman33,None,7.774075519984018
1.817451028763943,1.7107433041897793,1.4844622818616546,1.0674098647901866,1.4160389134043396,4.432440817198882,0.4224480370718413,-0.6505203132908648,Feynman33,None,0.133032270080869
1.2041887893799013,1.5455874137400647,1.0726800124220022,1.4914893880878257,1.3699275152245267,4.823753198798701,0.15358520141455068,1.2549364114805168,Feynman33,None,-0.8323660308411022
1.792573198603221,1.9575292141006442,1.6036299018929605,1.4048414131027265,1.696808427448147,4.1517732776653355,2.9996889594897476,4.273691529219834,Feynman33,None,3.0652398420260947
1.0548959198582026,1.7389460420091694,1.843883556140001,1.704776286958052,1.175286458815191,4.019907755904151,0.663297777958639,0.7724923244718827,Feynman33,None,0.7012829511621306
1.8960537292988149,1.488242822588812,1.7428968739909143,1.2747341253300553,1.4044734948231699,4.956090266620821,0.4448426563705129,-0.6717253948452556,Feynman33,None,0.4402398626823022
1.3796481489669332,1.2776557767004044,1.9260128278195716,1.037570679491095,1.0146577507696255,3.302116484398123,0.3205366160112433,0.2216831266389826,Feynman33,None,0.66277365268495
1.052199621795733,1.2820449570797334,1.0827645004500788,1.0934393026132478,1.9777806217097047,3.4581771182272956,1.8713353056602562,3.9846383511727304,Feynman33,None,2.452233241758113
1.9065415817785083,1.5770267504698336,1.3483621852297136,1.7309964200369095,1.6874750453910399,3.182892083034295,10.487713326178602,8.422334299085513,Feynman33,None,10.67247023529893
1.7361612607061647,1.43888032877261,1.230104370242866,1.9693952411910245,1.1160776598560567,3.0121220915399745,1.555293189741552,0.4304996328157433,Feynman33,None,2.669371029808492
1.3700804593329883,1.724465784310373,1.2403844379104438,1.1876487514129492,1.9366571965326362,3.6163605352028947,3.472686979803818,0.869743113379319,Feynman33,None,4.255928928272953
1.677260996537338,1.2350765240655122,1.01735593564374,1.644300632407449,1.698797697444495,4.987998898434799,0.4180622631356538,-0.8633443735954056,Feynman33,None,0.07702704824625789
1.7330452539557353,1.6768956894699467,1.848606785842228,1.9774761190568602,1.8547814909970526,3.6911533921322133,18.561640001778244,19.602643344294975,Feynman33,None,17.856139863302598
1.4676290408378196,1.652994243353278,1.7952275905847555,1.1705169614159958,1.5129266987456045,3.8710782396906582,1.4584378468525636,1.938839628099405,Feynman33,None,1.3993117894365006
1.3282461476723257,1.3342366576823907,1.4772758190641628,1.6170626606708005,1.7921011716923902,3.2247227507548315,8.458752538644536,8.791129399612661,Feynman33,None,8.623281202361543
1.172148438001433,1.5144629996319128,1.6345623884221392,1.4421062603239947,1.1817063193909054,3.7058064624844995,0.529391146556199,-1.254347456249861,Feynman33,None,0.37839452309809124
1.791916663333407,1.9993220770017017,1.5664091966666551,1.7174128546958554,1.0568193449707333,3.470352958049827,1.1347268009848392,1.6102998979286527,Feynman33,None,2.3460913090201867
1.4640180758730323,1.7703625889436507,1.7173112850975518,1.0780047695159438,1.153776669677987,4.0835017420095685,0.28006487065845265,0.055733113467901246,Feynman33,None,0.1816672390698513
1.2439439959692993,1.290274395030041,1.2557021273436997,1.7454868947043918,1.4992774064967032,3.8916969311034215,0.9810626499084876,-0.8401573805955824,Feynman33,None,0.7657651301916926
1.0664924329972894,1.810027627158378,1.975680939413659,1.8720173611645623,1.286110918818737,4.7036603729227435,0.722185162071886,1.552708158519172,Feynman33,None,0.8557363999902418
1.9142015138757067,1.4360964191366983,1.293998877668376,1.6614983384791988,1.9659522548117778,4.188771760886269,4.248090750103866,3.259895147597384,Feynman33,None,5.192654305913538
1.6298182760450306,1.9996749045072608,1.1345453510162782,1.7184371925684334,1.4143599312082789,4.940961103439108,0.4133808296903862,0.7585377729481637,Feynman33,None,0.3424821223105744
1.6283018214390026,1.2094108593296804,1.2644669667415063,1.146957108548702,1.1456480902619044,3.637451154259906,0.21040954618668606,0.05242394611836887,Feynman33,None,-0.1899556764851689
1.2547461417528836,1.7078523775032688,1.7469674099867065,1.3201504612862094,1.2584237771090803,3.8300566806491556,0.6992375926601954,-0.1034618775263133,Feynman33,None,0.5808830573992866
1.9161896724623526,1.0065035834957718,1.5231964341360504,1.353123125529221,1.2502838598506987,3.803416238439301,0.5037299717985939,-0.13584695072655928,Feynman33,None,0.21076741099392746
1.0283649208516543,1.629758343544776,1.6832738015545834,1.556329270139413,1.3047913890942655,3.8175647106517765,0.8429265717528246,0.4390216287264527,Feynman33,None,0.677563886937398
1.4077676639309529,1.0929296658208645,1.0802217313599654,1.0109124734223975,1.4000673418904799,3.7253819776778037,0.20788976260591346,-0.8161060840601293,Feynman33,None,-0.7786120467173443
1.2336010251719791,1.8258843218305403,1.3200462566590554,1.2438942878030192,1.6626843321961937,4.3721766113117235,0.7271276910417798,1.3247133302474041,Feynman33,None,0.326918807372851
1.592175802108657,1.0014199634024608,1.2212881442820906,1.4626783515799038,1.7084681013866474,3.9849755703605054,1.0808591553974674,-0.10926484320255558,Feynman33,None,0.7303541683215113
1.602945828937676,1.4523656189611307,1.4630689622376947,1.1363558398510365,1.9199202749125095,4.936090310343134,0.8564852418564917,0.20085240797737247,Feynman33,None,0.7719755932400173
1.6098463044650335,1.1949841390069649,1.187316520837768,1.3313535404808379,1.1811482035393737,3.3338280811640786,0.4148610932735829,3.126199134070464,Feynman33,None,0.3390597488152942
1.374808969375032,1.7050703005897494,1.4732323378309753,1.6294958410042968,1.6364389244916677,3.6266677751878773,3.6985464306061746,1.3259279294097324,Feynman33,None,3.676010293826983
1.3779823930193582,1.1600108288089774,1.2108367833320566,1.4958818679129893,1.4090510985110805,3.2158567808124983,1.2400466717866134,1.3721434662036767,Feynman33,None,1.3325618365133527
1.161914270078559,1.4683360558116694,1.2724175600410894,1.2841097590844872,1.5864362990318825,3.929727270088632,0.7232952331126921,1.527262012769389,Feynman33,None,0.22592933689303774
1.9074377163561005,1.1602673537662396,1.7434918059859992,1.3399123295211235,1.0861699104561255,3.4725628701500177,0.594988424195175,0.5630999818743918,Feynman33,None,0.9018260009234118
1.2459037937664155,1.690700369496624,1.080421202789191,1.246613595472386,1.1487851622975183,3.448348366277124,0.2494479917274892,-0.4128825037686067,Feynman33,None,0.09203863426822224
1.4664876789703158,1.6990646812156671,1.637686745972533,1.4870815637307402,1.9755942796547503,4.64019723450976,3.0343843908841786,1.0614616022237144,Feynman33,None,3.2771947954543355
1.958315249084913,1.6052085913489171,1.437181605650681,1.2187347395708057,1.2348868062810876,4.111084649114964,0.3973399116639119,-0.11984597482369819,Feynman33,None,0.20273861101710017
1.0831253595004504,1.9506022770130238,1.0087637072769846,1.9474145089070756,1.3233046139770264,4.996013602838991,0.1944274506307146,-0.20832417959171717,Feynman33,None,0.19481740431481528
1.3189533959654878,1.0638434655800233,1.5710423118540253,1.2480162001840642,1.5361385595881545,3.865346389377882,0.7948601772321241,1.34286265716585,Feynman33,None,0.29220666464085987
1.6336533695093345,1.1629682309921683,1.2812361862878459,1.194094431670464,1.2867397472231397,3.5681837921110806,0.41622728406006426,-1.7064040569116783,Feynman33,None,0.05965857975489894
1.4573790515726763,1.7466198249549865,1.8435629185417657,1.9821293695373834,1.2739108216998014,3.0405190930671044,6.454583006494375,7.508183283970229,Feynman33,None,8.336512511802512
1.235110256690886,1.4101425354722859,1.0328354198675291,1.6259068630348144,1.8912973387103116,3.1493351832862295,6.546251477030001,3.3857595392273705,Feynman33,None,8.070006482778854
1.4176394375245336,1.128133074254771,1.7970970619029025,1.9033021236023027,1.4242898043217613,4.523327385487529,0.9493514550483709,2.39737597603673,Feynman33,None,0.7680352708219959
1.131687140544798,1.5624169903492375,1.8544829357026995,1.7343382927054058,1.7326815098530495,3.3158872034703,10.809086358516264,11.17464151139178,Feynman33,None,11.12215861790018
1.7831953395430162,1.1042292391074857,1.3225162017805412,1.4914078899145464,1.9910589818851099,3.4225427923100176,8.397164408518858,8.941224532569667,Feynman33,None,9.86884718503835
1.2451174431284904,1.0882508043006287,1.712884212683297,1.3122006090900724,1.5149701135958722,4.802009823655457,0.3503255170481856,-0.55815484183945,Feynman33,None,-0.2746544137228103
1.3224032063936195,1.6334542497163604,1.6298162346000105,1.750443037007934,1.0299685694906127,3.4355048910959263,0.718240263210493,1.8762243722337928,Feynman33,None,1.1724765387534926
1.618465824550248,1.6117242093435848,1.5747863150906773,1.5650668682229667,1.9317079113569795,4.572450909518294,3.1327318083020685,2.9278451517559136,Feynman33,None,3.2925947688902983
1.455545278006685,1.8967852380246975,1.5323111442018575,1.1113864147545698,1.7400636551154096,4.59121859783466,0.9436091275289802,1.1595758390679909,Feynman33,None,0.7403794471616901
1.5737917193782986,1.11747985324225,1.5987132744284327,1.0004348960330494,1.5993250558847723,4.819104489923576,0.2886898780086597,-0.3344409268734742,Feynman33,None,-0.2794518961826626
1.9943050649127483,1.2607858923187316,1.573856086661623,1.10571591555763,1.6693559272348457,3.163804861513502,4.7479903485950015,6.782438669450769,Feynman33,None,5.978500227683528
1.0696675242540272,1.8752564229500597,1.79597019113493,1.5629204977677622,1.9574994959519998,4.604686937891341,3.221144608306391,0.388147033430311,Feynman33,None,3.734713504161569
1.7303584075569924,1.8663385052623291,1.9456956939444514,1.0880449086746484,1.8292120173901607,4.567411568668036,2.212498445589488,1.2653758536355022,Feynman33,None,2.7533658813165744
1.203208181234547,1.4167784287753762,1.961812950495407,1.7824365740136794,1.713973002582193,3.3827779641147124,10.415799243562196,11.228030330002035,Feynman33,None,11.081373166758041
1.252016429369658,1.3172175720572625,1.6300458479906552,1.5859448125646858,1.8241146477397154,3.2149074806173807,10.406939700271645,8.958373852508743,Feynman33,None,10.380278765572983
1.166320297430818,1.8861632014376717,1.4197522003637246,1.4612224381129169,1.1677830762349766,3.778912669260292,0.4420841380166612,4.223699505370745,Feynman33,None,0.28078048629583546
1.9257822524060915,1.2222977981468284,1.8921443777321028,1.2082283256550241,1.1390499357001143,3.65070581740195,0.5993816377082185,0.6162855596237005,Feynman33,None,0.8954122131769237
1.282709356020589,1.6347616897226813,1.9792789114122435,1.595081826334632,1.7290431092183058,3.9618670165473535,4.846208962187551,3.9124811959249857,Feynman33,None,5.212311838525855
1.3861068724281886,1.0375068474772968,1.140980098842992,1.9314513169217884,1.8182072008472447,3.469614767249775,4.192868796813162,4.460546489689427,Feynman33,None,6.084461816158379
1.9112463381787057,1.4692309790141498,1.9704940406671332,1.277344397751086,1.55450642589276,3.3824206651640982,5.3432641775623555,7.5294762790828695,Feynman33,None,6.676156995677634
1.2689146130219195,1.6116910075732955,1.2978662470980078,1.116993204443631,1.338494906168618,4.530842442814385,0.1646008775448528,-1.7492473188996918,Feynman33,None,-0.785495953079498
1.512372990806413,1.6193624334046337,1.6455086265181609,1.8561785077807316,1.7590189261507514,4.503750531156102,3.100850451794939,-0.19381990584091513,Feynman33,None,3.022845185871644
1.6661540967088824,1.5175531487188545,1.226723513809394,1.6324720547190315,1.6165710900314405,3.165216718267911,5.289652039219159,6.402125102584629,Feynman33,None,5.857113530271496
1.4319793201245434,1.745092660319772,1.0403372083139013,1.1414622424915661,1.6775302224549526,4.775724445811265,0.29242987313796415,0.06684339311877449,Feynman33,None,-0.16675727956833533
1.6886595612767425,1.4152355987988532,1.206195578823638,1.4706769496143093,1.6427130226311688,4.316076536916334,0.9039494886696304,1.0563763441185396,Feynman33,None,0.5392732820720249
1.2913267180260952,1.7353345774844768,1.0936511633158164,1.650719055272326,1.0705538700611235,3.8405167611949915,0.21714297080377276,-0.1562350805676221,Feynman33,None,0.07238026091742028
1.4379555750399486,1.9872023707949267,1.1100577769642674,1.7419673102696067,1.7403658831705484,3.502864829139701,4.80788333439168,6.75850110290663,Feynman33,None,5.868915871183876
1.9362578077839117,1.6830910620136648,1.7256249387396,1.985583704306042,1.1561629020108226,4.187787309644872,1.091011040729077,1.8958964255309716,Feynman33,None,1.6465838127878694
1.5175576244490836,1.448743617548644,1.949420050875855,1.3456724654105137,1.4954068740697894,4.407739849878078,1.0722676543402467,2.9687319497383506,Feynman33,None,0.9480486714257044
1.3422445507490623,1.4610571123211766,1.6317780524449983,1.2459694682212135,1.7306421476127705,3.3916347266415277,4.208158105758013,2.8005022292021398,Feynman33,None,4.70446520314633
1.3727578405778624,1.9215467764551941,1.7220739761294448,1.2275412757596538,1.0015888203989647,3.945415572822965,0.23429234804837712,0.07792303023137631,Feynman33,None,0.3295411812921559
1.937117390852876,1.1364731737123477,1.0148329053762193,1.7425149049161668,1.825074767404308,4.00973580196837,1.969004996532607,2.0074934099128154,Feynman33,None,2.794400514788127
1.159127341777518,1.3322503517485216,1.410610768273681,1.0752763261468334,1.1664002914746994,4.965655368138311,0.050750644033302435,-0.3533767117084418,Feynman33,None,-2.239390524697371
1.2821178687475943,1.1168743889397628,1.9742150275694792,1.8194499733969376,1.2040726550843084,4.905268216161135,0.3181471472847587,0.9590418327020074,Feynman33,None,0.4338325750173347
1.1748022123472446,1.1378200568114212,1.161990421158809,1.189284936983055,1.074804904472991,3.1429816357846097,0.18753310837995663,-2.7635496299867968,Feynman33,None,0.1277019865894806
1.0160568616668908,1.4632783675596834,1.0145281409988267,1.9683312714815098,1.020199713755499,3.18810587468996,0.3232238863362572,-1.61744520510294,Feynman33,None,0.7782671133831605
1.177641523300831,1.53407315550384,1.5779720918266176,1.0951309662577435,1.1673901875118196,4.843091098328261,0.08598919206623265,0.7440332794097942,Feynman33,None,-1.0252394227585482
1.204055413467672,1.6508910656723632,1.4259826971123095,1.2059210451435733,1.0096480002610013,4.580563105059805,0.06420727686639581,3.094604239283439,Feynman33,None,-1.066657335444926
1.574448312261047,1.5228401949545536,1.3309757463636085,1.6354767023222134,1.8985643031772486,4.430076319710691,2.408910939176051,2.024339447662939,Feynman33,None,2.4537281153785306
1.878383926427213,1.9033121848179912,1.4051741163207363,1.389783652589591,1.4102007690990725,4.613506999203461,0.6066479915904153,-0.9405178047646547,Feynman33,None,0.48852071457638124
1.8643417761912973,1.6058515302305123,1.6876392872652821,1.1747736666766833,1.0566036712403535,3.4146082169152825,0.5527081558487454,0.4943992949899585,Feynman33,None,0.9849623924180346
1.0113545562866268,1.1488974647399268,1.6037736722302367,1.2285374083521852,1.7281978626375918,3.6714010340145613,1.5309135927968796,1.5817033003758594,Feynman33,None,1.5832481560502416
1.489297713463586,1.870600835985088,1.319240108546968,1.1344873798754147,1.4140666242088458,3.4121241454967084,1.123965114891763,3.1396512792867783,Feynman33,None,1.1149321994563055
1.006690850750275,1.7445526886346223,1.2026768142521111,1.0143881739433147,1.150976482376584,4.525059138920346,0.052388889553394546,-1.2274661371192668,Feynman33,None,-1.9350900063497853
1.574232470993791,1.7010403772213407,1.5202516058165025,1.2520089605478921,1.0048567593200144,3.1106267891552313,0.5516592771576442,2.066171081130969,Feynman33,None,1.1135611911045555
1.449757149891981,1.4419928314245403,1.1487135393606316,1.6367617908093477,1.1170123414189201,4.290444862607163,0.16365473451913165,3.84330161067361,Feynman33,None,-0.2626287313730539
1.2472077500292125,1.6762660466447759,1.13937089268528,1.1342611037036225,1.1083540909705811,3.013647147350425,0.35784997180502165,-0.03943527550589676,Feynman33,None,0.7785559957956248
1.8139941905038002,1.4818569523835552,1.6680328656376364,1.4514561401851738,1.5931634764081402,3.572531639502011,4.0670404198032335,3.902512230035833,Feynman33,None,4.256022075605288
1.9905182124841585,1.8522004072118285,1.9865077039837198,1.241494636395268,1.025602368724183,4.347554893797055,0.3261993242626962,-0.33074339556897053,Feynman33,None,0.9569936886673538
1.5199197896797967,1.985534648763722,1.9339745308581633,1.704603804463925,1.4712262636528632,3.805523162160064,4.242363759156901,6.346686556544205,Feynman33,None,4.621557246987605
1.1396211948569481,1.3317602927791334,1.8480243815106716,1.6826365359687465,1.876086040855044,3.2738021046692785,14.697677523444177,15.74684208543196,Feynman33,None,14.605038551573045
1.4969042855243748,1.5933623530233072,1.5812875922745802,1.6445741249671983,1.787201456407488,3.740754981978487,5.910714871313306,7.810594261383001,Feynman33,None,6.057807939944989
1.4117546093706377,1.4110499216510493,1.3841837153676364,1.0271555857853638,1.7337827548636435,4.3638686751673585,0.5926029269924362,2.4364647208159917,Feynman33,None,0.187816763178044
1.4328328408956859,1.022200617721857,1.880165436328904,1.9389249437186056,1.9726383263952978,4.580997393163015,4.224982551149481,4.542302909952019,Feynman33,None,5.251785032396073
1.6653273316677573,1.172455053824558,1.08036305028662,1.3552321794060402,1.3951963007432502,4.923649936012552,0.13364359109160284,2.327664720557165,Feynman33,None,-0.975789885167511
1.8651234618456072,1.8331523547016557,1.9090639426780913,1.2051023310504139,1.3113506339104282,3.4460761470729904,2.1733545138744095,0.7736706998633944,Feynman33,None,3.14611120236246
1.2085919576461173,1.892025242058198,1.605794266861742,1.7463743253831527,1.7620345389842647,3.892463265337094,5.003631147089704,6.395460334547085,Feynman33,None,5.247369116678737
1.6251885116410687,1.8485857962164787,1.4285920311812599,1.4827403632366447,1.1923778852287703,4.637158280674976,0.2830369909422291,-0.8463771965031136,Feynman33,None,0.08203113576321047
1.1306438983563414,1.0149587344166973,1.420934451175495,1.8637446988852937,1.8065117516151588,3.9949599094400456,2.227399184165031,-0.896889754303904,Feynman33,None,2.6604008157501986
1.0368635469683323,1.020778439174552,1.2173750287282528,1.8741968777009324,1.5239927486083076,3.4091880795536786,1.4394140033030214,3.5112004624772872,Feynman33,None,1.9698399826862727
1.7431953136346254,1.2788562896767475,1.2730543649259431,1.5099304188732636,1.21878392612625,4.498532977676816,0.21652362186075133,3.1364316475973033,Feynman33,None,-0.2593861732391341
1.1730836904695603,1.4268530466931137,1.003114079504791,1.5374390099543231,1.0083199258635078,4.713658832905907,0.03834761339513929,1.2931700761288965,Feynman33,None,-1.7282433937403108
1.667069687831963,1.17090424851894,1.278574418005078,1.6127197783249532,1.3333495418119705,4.652751536168287,0.2782927311429282,-1.401188396194571,Feynman33,None,-0.20982099349193628
1.8629377249460513,1.46450716377828,1.197764531763326,1.7755366036796247,1.9033742458474103,3.144450823728464,17.28508849966664,16.153620533835618,Feynman33,None,16.59071548215085
1.2256916592547369,1.133896027774916,1.277863162846009,1.7770460499473406,1.4990170844406108,4.249763275055954,0.6061540310189033,2.244026925349875,Feynman33,None,0.20219493400574814
1.2608808363000126,1.4708653931348188,1.5851285577686771,1.1618193862116593,1.8144927104996658,4.28188002093042,1.262249000578708,-0.26487288844822166,Feynman33,None,1.1090065278220322
1.5857514824600751,1.2402127494159254,1.7290267289824914,1.1153242053640344,1.8658491899047585,3.128843797949906,9.33063412270948,7.853053532492397,Feynman33,None,10.449583384018496
1.9661267218038287,1.0691633823700162,1.717613109973123,1.3879369899661866,1.0462727398720035,3.9753176426106953,0.2771911742277521,0.15033982148319103,Feynman33,None,0.30561049073065905
1.332551749163661,1.2330548467327507,1.9432595447281202,1.4357592575415516,1.5285417313601188,3.8977275393414113,1.769653462293539,0.4828967980256329,Feynman33,None,1.7632393976649676
1.7672441805531998,1.6163014824589563,1.2465796981912314,1.1774681550706467,1.1004072611225084,4.007935439922674,0.17133727521111058,0.170869313450719,Feynman33,None,-0.14102056687966494
1.6939869627952295,1.9709774570916492,1.0488041545135005,1.7166975768274213,1.0081682748313758,3.65526202723878,0.3073542317911509,0.6636028384158087,Feynman33,None,0.5809578161592267
1.652665911236803,1.0542909534759959,1.1835999619340725,1.9479594565041878,1.3565848447538216,3.272204117136289,1.671238984914885,4.284551482950837,Feynman33,None,2.320195417890866
1.3121434390854385,1.0022609412006471,1.7559478683959353,1.2041930734266457,1.4255866856314103,4.588319300387312,0.28119171031800233,2.0749704776996616,Feynman33,None,-0.3717833521695296
1.9203473568411975,1.2515293675102694,1.2176257512766988,1.3115687574381787,1.5919917216308286,4.671834823603083,0.44314495544961563,0.7601741870758512,Feynman33,None,0.04005926330480301
1.1016711360002853,1.4116303618643014,1.0154216424221676,1.5600617622694455,1.8671390005619646,3.2039506626947047,4.323162484636816,1.6587868562314867,Feynman33,None,5.786546415888369
1.742699385033086,1.7819752443011128,1.8394189081190855,1.064913949048723,1.5818032367977128,3.4994071724957565,3.291248958929,3.0644376858624143,Feynman33,None,4.269229244339372
1.944076481138482,1.4637680459388278,1.2373139812708809,1.1101249587913167,1.2237592382574536,3.445710530476485,0.46855170323623097,-0.8730369664445377,Feynman33,None,0.4532193949776834
1.6792183795153974,1.2780237417321798,1.848088791900877,1.0804046638385159,1.8948709041746152,3.3139960721372415,8.455588670664033,8.624241505019166,Feynman33,None,10.580303719097074
1.2593013676555591,1.3177517936290235,1.1317300930450709,1.3236712202495462,1.0935338841834357,4.475549395052564,0.06287937913800958,0.6769317572818153,Feynman33,None,-1.7213523722955777
1.0619103941350856,1.415428697981187,1.8918123439950734,1.4835494534408329,1.08505680671984,4.247919777340508,0.2416208674070045,0.6028472224550516,Feynman33,None,0.20644393191155086
1.1019023979710587,1.1470199502859009,1.726443792576004,1.3538383932980955,1.222957248014524,3.1720858617525165,0.8816152156751713,1.9342095419000847,Feynman33,None,1.0981510517888495
1.2990757575949843,1.2672132384896762,1.719857665375733,1.4741788184381615,1.0497827574621317,4.493991453437404,0.14766102911491613,1.954373618498938,Feynman33,None,-0.21744095063240046
1.7253346384965957,1.8561537192724749,1.8970826476293303,1.7117205835200175,1.1763260452238251,3.244577298847112,3.2396370684875784,2.8294756750078305,Feynman33,None,5.208219259483323
1.8807352525630607,1.2848229848423163,1.1050954431815732,1.6105515300352948,1.8035578774515542,4.3290645693507885,1.4142924676972433,2.4174975943407153,Feynman33,None,1.4737890142967842
1.7712885893106103,1.9909328673413031,1.7133906937871235,1.6714588490896587,1.4659798331587086,3.6766671999540605,4.329349286820288,3.5116923968081535,Feynman33,None,4.780114181561027
1.6650641880184454,1.420018506264253,1.4880923301886018,1.460992900806021,1.4731458315668269,4.7552666942286805,0.5275803943894675,-2.105044786391794,Feynman33,None,0.2058097343082756
1.3074419100170616,1.9381426723127477,1.491570912194871,1.3445799630973965,1.9699237563166412,4.305982864498672,2.991127361923984,3.234218552103315,Feynman33,None,3.3756519191198873
1.1764302120244787,1.0995873988782439,1.5827122342683166,1.9785930653410924,1.124869937820856,4.450566009454933,0.24745024140834207,-0.22403374213854757,Feynman33,None,0.22109129691234966
1.8017755206952226,1.091638106920185,1.4273111510065282,1.9635865922453026,1.3560640291756054,3.89513607555533,1.2310027197949391,2.7872820448899187,Feynman33,None,1.18993260599863
1.0298867577911486,1.3971365553023585,1.9704938455693,1.6677317097123394,1.2126215944003365,4.544141466374431,0.38263011032867433,-0.5824573504883969,Feynman33,None,0.43263190090897724
1.3810585938650872,1.7088890785166948,1.5279991587987793,1.3072049629764848,1.0411390061851717,3.2364594575698233,0.5255175064812926,0.10864141763856283,Feynman33,None,0.8541939509510881
1.5055508160296014,1.3044918711612286,1.4459459647568238,1.794437800923397,1.7631708067890854,4.717707840923202,1.4598802789735,3.20454314368084,Feynman33,None,1.2364661041745846
1.279500911969751,1.9148473028269497,1.9681740575646445,1.6528109569821183,1.0409796459347858,3.429142658637958,1.1190227956421404,0.5644528390867296,Feynman33,None,2.1735943842173806
1.2939657671364526,1.5868854084176593,1.513757465657271,1.5424871976377608,1.9398855560716213,3.334811354693345,12.26647846224376,14.125069213231958,Feynman33,None,11.965623584754429
1.10626925673875,1.2704742490394572,1.981938400564053,1.7284249774853064,1.3172165288527045,3.954406107140425,1.0761035117356812,3.3281574190089662,Feynman33,None,1.0650763245342472
1.5917001719733563,1.5426835886351236,1.0730250286385514,1.124764532621005,1.464978857612213,4.319063020097664,0.2532203951805351,-0.6733970410702746,Feynman33,None,-0.36431002535084206
1.1305730138413432,1.350593870466715,1.7953883252133362,1.736240063579388,1.401673499651791,3.016815384030406,4.710498788855663,4.708743690949247,Feynman33,None,5.6238375028913765
1.2914375019610578,1.237878872970324,1.8717196621822019,1.9149998355496496,1.2419340078796735,4.817999701521333,0.4358194373886883,3.03236366005599,Feynman33,None,0.5106646893709335
1.8157407475982361,1.4939831249473106,1.4137674197645438,1.4139600564839583,1.0675394518927142,4.9712802172649155,0.10611775043511468,-2.267897955608952,Feynman33,None,-0.40143511255146963
1.9138943238884178,1.135030027606406,1.8880282392211432,1.408732888546327,1.487109487536606,4.86612193537982,0.683110620804884,3.067745479671456,Feynman33,None,0.7085889268660973
1.028591836474014,1.6549267200979494,1.1435538469024213,1.7144377356635339,1.9470141520312751,3.1295232985771104,10.92947623668409,12.060308622318104,Feynman33,None,11.953286292273546
1.3774233159715714,1.704609304291949,1.3178484511123254,1.952221694221703,1.6540175076991417,4.437405206319691,1.6949060475886444,2.0972512962282144,Feynman33,None,1.5694367669939107
1.417778384707987,1.77005924649376,1.5174731546062734,1.1693475507030882,1.8249830859267835,3.880670389707835,2.668852064601496,2.5187706340142775,Feynman33,None,2.90395988350399
1.5618301174857991,1.6548453568551982,1.7184034390626244,1.7163195570384104,1.444795243648108,3.9557907072903253,2.2314028282500864,4.566336582465836,Feynman33,None,2.006387302315879
1.5391528995715356,1.3034000491422737,1.9798071010147098,1.8988838822505194,1.0987702305478828,4.146515468889925,0.6773647573693973,0.4141561052590427,Feynman33,None,0.9336307382729209
1.9080861409496341,1.5188680788775901,1.9986069982159929,1.5229377513550444,1.5340389375101977,3.6202859262901304,5.3863710272320455,3.7822368842975296,Feynman33,None,6.290433647379492
1.8321625990377828,1.2295561263052295,1.5453739999660874,1.24125983160691,1.6708804113764195,3.2189229842234726,4.723092602753488,4.491867512726723,Feynman33,None,5.44261842479937
1.4737877196749631,1.0060171916972316,1.7298551961813464,1.6821347722297122,1.5440007384140524,4.057812940073006,1.507082609629832,-2.217155146816785,Feynman33,None,1.2152600142295653
1.1795640009860449,1.745502904989559,1.3103358556944906,1.0904312819229742,1.576273320777498,3.565174695409243,1.039492247890555,-0.6366705725923139,Feynman33,None,0.900642604518738
1.3924095101466238,1.1179470212274456,1.4381198441683156,1.0008414888579478,1.031690102334676,4.053331072735036,0.06482214169743107,-0.6444684239150352,Feynman33,None,-1.2502205934327049
1.4678830666268232,1.0616243956882703,1.58009086746228,1.8287703491878569,1.1244710576608923,4.695831409771898,0.2016824466339754,0.19931080590242273,Feynman33,None,6.955332863551022E-05
1.3749978939592729,1.233556136064022,1.5712286884636129,1.823120947220607,1.9181319270510648,3.1731772267724176,19.32838101112947,17.209269142758608,Feynman33,None,17.22667820986319
1.7278035762124309,1.9529446491611004,1.742681068142957,1.4814537355083641,1.6456063261528173,3.4020125527514664,8.78953035790013,7.430375202523265,Feynman33,None,9.118259473362242
1.5282141530166482,1.5060652912715304,1.6105063690706714,1.781155020306651,1.3926472506184087,4.243273831436222,1.1561095689165712,2.2643210604011914,Feynman33,None,0.8620586381031464
1.297396247310895,1.914575815477669,1.260798514938015,1.1591514361762325,1.3359129623011774,4.173529923422662,0.2895978210587236,0.8689492619720389,Feynman33,None,-0.20122188767405383
1.661836044955243,1.087403396343442,1.1836143098903342,1.5980748975862922,1.0158132198392753,4.471161288936505,0.08022100445533911,1.527525912072221,Feynman33,None,-0.7381228775595454
1.6710286810704322,1.7722004451219735,1.1088877382627889,1.30588932955058,1.6083402451239934,4.171621731701158,0.7929438158290084,1.6159856231814835,Feynman33,None,0.48676494415672805
1.385642230556055,1.6236432886724512,1.7466719418814445,1.3895942025988122,1.6390720705684287,3.7883303150288388,2.9448282595484376,2.233538953013057,Feynman33,None,2.919090997006607
1.4536450904279163,1.361823743982606,1.3069943807963278,1.1716648973020272,1.879475718867663,3.109484766185362,6.44365549375391,7.202220144799212,Feynman33,None,7.001395018246001
1.8196343701511786,1.877176680291543,1.6701861922620886,1.4122717438362584,1.6992118413747415,3.996833633046113,3.8746308657900297,4.361572983715495,Feynman33,None,4.071867929596266
1.779481084149488,1.2748296260101182,1.97798196412828,1.5123818378485034,1.557723600078392,4.619460103918225,1.3997376166886206,3.3041273793770047,Feynman33,None,1.3877026372780945
1.1688208131586877,1.5254398484912315,1.5687079936527524,1.4618679940084696,1.9206238493189192,3.238231789529218,11.567041145282625,12.154932099526206,Feynman33,None,11.384580865706488
1.2030102898049795,1.6861932976582201,1.4410426269742311,1.2493972493473104,1.9433854735073612,4.383848638043885,1.6477204932025,0.2660499720352918,Feynman33,None,1.7216499386474857
1.2177870744128105,1.1631744097155479,1.464460708589153,1.5430816828219789,1.5993012018531692,3.5740503718807375,1.8992899760112172,0.33812810130533544,Feynman33,None,1.813997068247043
1.0031372607850844,1.153941844543783,1.5613907545882677,1.1842603178654663,1.9930585721527696,3.8607769405505916,2.188400941749742,3.9441159575310367,Feynman33,None,2.9582458439677994
1.1633681424741433,1.7382847070086767,1.9278546244458807,1.3124883816651516,1.8143770774028811,3.65628238684975,5.788451817199982,5.13562587745379,Feynman33,None,6.934770812780162
1.0178529603080388,1.9555975385350697,1.4476663313217002,1.2193828315452468,1.6593630751551487,4.893074792672285,0.438760475804838,0.07646247691868485,Feynman33,None,0.11667008354078826
1.0475877140284187,1.928618693422388,1.4480473566922174,1.4840045418491599,1.2983893815438525,3.361393874080069,1.2018476213827056,-0.17126400459066793,Feynman33,None,1.327413761447787
1.190510321476073,1.1289026073894837,1.9638880724205547,1.4731289239632077,1.0229774729523178,3.8008629130725664,0.2873710323859719,1.0516539903743911,Feynman33,None,0.3715659178832589
1.0558892869832555,1.7226535859628025,1.4861007028722097,1.0262559981892911,1.7790872161268938,4.05645206798103,1.0052511446703094,3.3179774235763277,Feynman33,None,0.9481149870198929
1.4041719805295005,1.3798494354475017,1.564524250129181,1.1878946620333641,1.729433125173483,3.4459374252925388,3.177631064042851,4.329558427810765,Feynman33,None,3.5786836223400074
1.5058865260045997,1.2442562027702033,1.380512795610915,1.926030467808782,1.2883916523385583,3.842502521606995,0.8902743353931462,-0.19879378602066367,Feynman33,None,0.8281975912886227
1.5424171344227755,1.1456513919454077,1.789869901276011,1.012824587299151,1.9090253255425882,3.0338550220095066,10.451228811084954,12.077068604872524,Feynman33,None,12.091435784545348
1.0895095562676786,1.7705224395883408,1.4167195236996342,1.266991235563468,1.5357171513660293,3.1693619011445513,2.450935680230133,4.147028384055798,Feynman33,None,2.809122200969832
1.1524130891715534,1.6216580767003426,1.8638328623581164,1.3206597079524647,1.4416580696227124,3.14543358338186,3.3542957799335356,3.889107847683441,Feynman33,None,4.136449729267789
1.047166273550737,1.7644480648730405,1.3216371435558183,1.8792502358199221,1.2821657026595945,4.294925103562544,0.4570241226061132,1.1649961780640803,Feynman33,None,0.39155979835228627
1.4039530980288233,1.2750321046359594,1.5269541218110794,1.9850571350552508,1.8388079682227223,4.641106436822914,2.3885730061290524,2.8608611125856274,Feynman33,None,2.4578768120807393
1.0183796433866457,1.2977866004680723,1.9328051449822579,1.425447629197836,1.563345499050664,3.7361195485447656,1.8932456061438934,2.671349970773912,Feynman33,None,2.1639958017997074
1.9746106353069766,1.7707193401758468,1.243742881809529,1.2302769068394388,1.2360036414154711,3.023200995770067,1.381222786324126,2.2887154601713364,Feynman33,None,2.1414134067053636
1.7862325104437269,1.036786668093737,1.9288740845968693,1.8312923576347968,1.1492069543941374,4.365519118705483,0.536621205150639,1.06964993836112,Feynman33,None,0.649975140843121
1.9880885263260555,1.9447552885968924,1.1480094734767492,1.8523875421123004,1.71454926459658,3.311274575728846,9.82808414189559,11.179471019272047,Feynman33,None,11.671391087955197
1.8401422091109283,1.8968365854810783,1.6187652342225496,1.257794141124131,1.7377665247896497,3.687371726891049,4.940916609721626,3.8653123862138763,Feynman33,None,5.613582444789482
1.3955042085659453,1.3980820801886553,1.61812469370106,1.4523248694863837,1.3128475098570282,3.318652031599372,1.5536050524065288,3.828619061479463,Feynman33,None,1.6494524877513017
1.896100422730127,1.0418360446881119,1.314519950867787,1.0628328418737327,1.2979666580570826,3.058906782680184,0.7788049381451453,1.5410769307942016,Feynman33,None,1.0991885886959707
1.8178415814198143,1.191388772512037,1.8887545269521813,1.7908809197999949,1.4319967230394313,4.5793243364375655,1.2193459656814751,2.057722975574131,Feynman33,None,1.1653403516225531
1.9791128045627504,1.526945977455263,1.9664938055895238,1.0928237395182547,1.7347587550761183,3.660869055296794,4.902056500107824,3.6444102295616543,Feynman33,None,6.7686443151966555
1.6446865418147878,1.2739804141045643,1.5721331645295569,1.2921530467481956,1.815712317443866,3.0843867115803403,10.18636340301352,8.153718086543734,Feynman33,None,10.128542033035336
1.0446363259860836,1.9432153024505094,1.1901944665767825,1.2344643623243745,1.4481692405930762,4.386082157901646,0.2747873790738814,-1.6094664260438463,Feynman33,None,-0.37803801031526973
1.719619314518562,1.4886542855632836,1.343480272392084,1.709491027263007,1.807918836556165,3.3103198320521536,10.21913038559201,8.644826326770836,Feynman33,None,10.439058167759738
1.0545362856836356,1.6850328084897273,1.6014856548519947,1.0136094716238266,1.7935336740407015,4.9747576865659315,0.4377614046456829,0.8665611597783844,Feynman33,None,0.2080018569691881
1.4009118722765068,1.615065529271115,1.1402200981074861,1.6416727327486704,1.4106788164523985,4.091038588638719,0.6047417673060757,2.869884533898396,Feynman33,None,0.29988485478540217
1.6758697458005138,1.861162548073894,1.6204214820828051,1.0424607834354076,1.0037353358528929,4.239051148708755,0.13152483385472252,1.7571894210355068,Feynman33,None,0.026872780766897263
1.7300188255159932,1.2331355735932477,1.3586354604155222,1.7124014318246674,1.067614997983861,4.40311811938064,0.18871752173790424,1.6134618672333159,Feynman33,None,-0.020225445501191923
1.2217279162440744,1.6209110884224995,1.4913137993201075,1.972342147790509,1.1083095999807315,4.637138478320993,0.26342698284274263,1.2580813312839803,Feynman33,None,0.38881725354454616
1.84756661607673,1.4351735528779037,1.535529230898032,1.0957315035491895,1.926251645047362,4.865823102731083,1.0859172815862788,2.6720733239201557,Feynman33,None,1.0898073635213577
1.4209613000079229,1.4040571309765055,1.369037981835257,1.6769933648154587,1.1291474890573543,4.148021175079413,0.28213708858162495,-1.588031222224705,Feynman33,None,0.03867623671195137
1.6049459089265152,1.1645781285666756,1.8219258630488657,1.5222407945187357,1.053211776474574,4.389658703217598,0.22469020383534385,2.880047706588499,Feynman33,None,0.19791200816674107
1.222651910128834,1.443253185051888,1.5506379905705245,1.785623978405717,1.255919861705336,4.7061688570027105,0.33318450259292665,-0.7444949537970399,Feynman33,None,0.15499914418615737
1.2685925044207917,1.5520392124095947,1.9616003506064974,1.437486780801093,1.4739854627901776,3.551131199142145,2.8411148283195673,7.457170656027907,Feynman33,None,3.1941641713875715
1.3557399204406642,1.9706891563634192,1.9547378357456742,1.9550283792908434,1.8066720393211102,3.481262186400245,22.20723211862337,21.815160121700472,Feynman33,None,20.2495355991507
1.1539968872984196,1.912480064990778,1.1241288004277556,1.497015905121465,1.7355607762874787,4.563805723166876,0.7483532608215361,2.8137285582016776,Feynman33,None,0.47740157802781463
1.7751898494258387,1.3753431424349207,1.955266907847123,1.3276533059400975,1.474451263170586,3.289898799117593,4.3538443405094025,4.502176327868871,Feynman33,None,5.399622514830914
1.2134321230253549,1.5174106053054697,1.004389823495195,1.3395657743426206,1.643755276218144,4.410269725070164,0.3633575922355191,1.5853470123447804,Feynman33,None,-0.2331706841580085
1.5363091211984972,1.2318301920363408,1.8568428268699328,1.9554561578158136,1.518393177591547,3.2477738636418536,8.176769696460553,5.917992290675704,Feynman33,None,9.115860660749329
1.060008367956492,1.2566756339783214,1.8871137832744078,1.9478893214560906,1.5604308357327,4.008859283540474,2.404082692857619,5.244824413552876,Feynman33,None,2.65845859528094
1.8236186388536413,1.6971101224711935,1.3910274465034658,1.6816879794133808,1.896753099292284,3.087213805273544,26.083007936230715,28.15830096694243,Feynman33,None,20.415333481168666
1.671714421870148,1.1843800635839636,1.693963044397253,1.1408235333733896,1.5274055797824229,3.0301627582550363,3.5938511261377024,3.7801832312747665,Feynman33,None,4.544163868163947
1.1065681718015925,1.0257337797142725,1.5175309417614065,1.0515372251581838,1.4176278816991166,3.7715959023933348,0.32769432696584344,0.5292862584223021,Feynman33,None,-0.5201292745087854
1.2425586023317825,1.1015403846757337,1.1922425644248447,1.0601567527824534,1.488688350481537,3.509863622913653,0.4407518148500827,-2.3501798688646756,Feynman33,None,-0.20828161230991463
1.0074492683281466,1.9029050349488559,1.0916299416196198,1.4725253872823034,1.8280909281958362,4.000171944173644,1.4459931707417282,2.9677453081424794,Feynman33,None,1.6431241461506156
1.1666374883468482,1.296063545309434,1.6421462205862638,1.4286313216476003,1.3585117809173595,3.3342603690713593,1.3811668822902479,-0.797480310089036,Feynman33,None,1.4401714793788387
1.914041491988848,1.8243264921347677,1.3534989880028805,1.9371060596947922,1.0465391786877922,4.118747856617047,0.4789573191630367,-0.35036381625547425,Feynman33,None,0.9315454361810467
1.80935657519416,1.005951850498379,1.5051045982146642,1.991238644558327,1.5626385365369573,3.6181213019243863,3.600721042171612,1.9943496395296094,Feynman33,None,4.311287324971061
1.8018792409129534,1.3733478416429552,1.12286084458216,1.2617495811705863,1.0618165618294013,3.132794431866091,0.35047475174583703,1.5897349449985816,Feynman33,None,0.6553172413650584
1.4284046669157022,1.401952183349867,1.6500809934121308,1.2045585388936548,1.493157160741459,4.965467144896424,0.3275250171300216,0.5082344413527045,Feynman33,None,-0.06006587112202822
1.9658327624612157,1.63818446264874,1.1313574083371525,1.6655914723739818,1.1621867947144349,4.9834499094630385,0.158449437631968,-0.7508100125711434,Feynman33,None,-0.03136433768898627
1.9119420445784514,1.8903869236056492,1.694803670436084,1.5699100084428839,1.2005932594827504,4.443889722332509,0.6644530752473372,0.9409297612756686,Feynman33,None,0.8951446723058195
1.7188742683204419,1.207096496000358,1.6727328371817387,1.1568032388815217,1.0707479847912995,4.539100723194554,0.11299184791500333,1.6654953535770314,Feynman33,None,-0.3215238394608705
1.595647265069231,1.2739998616499744,1.3902081536495263,1.5177770344017558,1.709746093125755,4.664326192859134,0.9134220138516371,-0.7588655003648199,Feynman33,None,0.5393015981320944
1.6071738700170584,1.06770026444314,1.224664074796838,1.021159507420527,1.0109089015170565,4.822953414607873,0.023737870434105197,0.07396268047049548,Feynman33,None,-2.6194053299323716
1.1937990275326478,1.9194506649808165,1.6106294954467693,1.739207909085854,1.9162711299903965,3.344038373421103,18.004517495846336,20.730035862163874,Feynman33,None,16.485547341480487
1.7854118757952986,1.9503749087587372,1.5378301013651214,1.1525244125936882,1.5925483601901056,3.212320112639243,4.865886545061723,5.817017437987229,Feynman33,None,5.779647882919289
1.2940988832317741,1.0944142753034876,1.3295903659206123,1.132892491852405,1.6905744996670533,3.5436723667517382,1.1686462691636783,-1.6780249140646037,Feynman33,None,0.9301672595056477
1.9721733253370832,1.616391010855624,1.709829134251915,1.046735076811291,1.6821341502723897,3.536289086328187,3.657892746262173,3.7893064348588474,Feynman33,None,4.7937352454022975
1.748233211217789,1.861103659601735,1.1568571597671111,1.682380341186264,1.1892326215734026,4.100638343278524,0.4353494716149215,-1.2019201089488893,Feynman33,None,0.38132553295238
1.8512821083186446,1.8676224552926786,1.7726458367586675,1.9748337093965938,1.5935888794343867,4.658817006333381,3.1163092235759944,5.294441144884937,Feynman33,None,3.6813386366842025
1.190174223117173,1.506178592689627,1.2320339308261832,1.505302058574989,1.377854208136025,4.647262856770231,0.23988988880672615,1.4164743315443924,Feynman33,None,-0.4962622517482818
1.5859832859839815,1.282565038982759,1.6893545750369094,1.0562648570163091,1.1683596689753215,4.524842549784347,0.13844524170927588,-0.4930395253387495,Feynman33,None,-0.31877883448094774
1.5073166637970805,1.063790582065935,1.6823661687772673,1.1275319329467393,1.217277652074328,4.093643079386911,0.2273939162030125,-1.004609459351245,Feynman33,None,-0.2603774804627143
1.4210741407263883,1.1230988969391178,1.8333912434582782,1.8606364754555618,1.9052284382384015,4.774275053911687,2.7911383429990604,2.415363057006797,Feynman33,None,3.045264588331262
1.8896543194779696,1.1876586180200754,1.008209302932428,1.6608295658198777,1.4861859503113037,4.0800548094481215,0.6168601779472964,0.7993681176777938,Feynman33,None,0.4498667447940712
1.9282026138281578,1.2818723364842046,1.3055356239236873,1.509282373121104,1.8227119952771011,4.733252008130425,1.2185867263631338,0.08502926352049744,Feynman33,None,1.113267500210035
1.8037622338767658,1.1237159312401541,1.4721254461428006,1.6372431506140783,1.7665817331029756,3.507604906202955,5.697118996566184,4.889518393227062,Feynman33,None,6.4119037214552845
1.1983940978739018,1.7747063346646368,1.8739648805342337,1.901834957192499,1.7160914452354676,4.067510682368216,5.306254441682498,4.4233735705575485,Feynman33,None,5.672958747126244
1.7351999023448208,1.3606397043832916,1.7069845471569494,1.0680736316991817,1.3568175983752622,4.633199508721226,0.2892567731667378,1.1770567414732986,Feynman33,None,0.03880105548222678
1.9362137963397044,1.1714214056350025,1.6580379508691887,1.6520168502011559,1.0720241456157709,4.602181880203249,0.23463500269730558,-0.0180406646307118,Feynman33,None,0.19290912321860426
1.5795779586615994,1.1491902693057199,1.4088949547074168,1.5472957060618082,1.1601817603766196,4.2332655963317425,0.23831309771619122,2.1674639715873623,Feynman33,None,-0.2310902680909219
1.3212954623174098,1.4808106783731954,1.5402826887572318,1.1770624834581191,1.4545165645696647,4.829848677454631,0.2679827392469851,1.329853943393745,Feynman33,None,-0.3248719627149038
1.4280707271371544,1.425693168501143,1.1129827592934607,1.0622002090668778,1.5112645179942101,3.5250884739705146,0.6044225359396428,-0.7832605622400582,Feynman33,None,0.31783530677220906
1.6942561631457735,1.343014033798665,1.8676348103630662,1.22665542518097,1.3451339663405983,3.9208049042109865,0.8902399866880006,-1.0179358618306764,Feynman33,None,0.8406702733371854
1.5838234160771356,1.9777441188369602,1.5621625589560364,1.5454509914918244,1.1318865947743069,3.5734502311179464,0.9510920028365548,1.2554772617736933,Feynman33,None,1.309127572217186
1.0242204939393456,1.6219449009542448,1.9030662110061,1.679015548872771,1.2562835937163541,4.678172120190842,0.4291337300065424,2.881442297811373,Feynman33,None,0.4622787266787788
1.146988987211143,1.1445388128795706,1.5287145036246452,1.2459069752148801,1.1193821317742516,4.549195051855051,0.08285655578331284,0.17917489356187397,Feynman33,None,-1.5189204597510568
1.3671375383381132,1.7017905486148033,1.297715273348591,1.157039490735062,1.5295048374992528,3.4754542934645967,1.267655830140938,-0.06888710860352787,Feynman33,None,1.1705023814856028
1.8576081670300506,1.5489074628865387,1.9616806060766048,1.2788016526772847,1.9141104428566758,4.265115825973559,4.824182122787792,2.4480349823861345,Feynman33,None,6.042181478289683
1.8409511207314448,1.6936654857661404,1.7533397618805333,1.8126744252367306,1.7064268145347503,4.230943163123338,4.978933790781106,4.050711821647495,Feynman33,None,5.230532724563112
1.4066578969965975,1.1133005778031173,1.6547900016013877,1.5384229658119688,1.0469822597015181,4.883914058555649,0.09864504752059804,-1.5963078009625042,Feynman33,None,-0.5521118698546845
1.8153976956652476,1.0975533633857162,1.3034519337571284,1.6590057586781712,1.3773314697788235,4.780870241761835,0.31971022038950253,-0.11663852446119971,Feynman33,None,-0.061547691699715246
1.1995114374053248,1.7817733619231662,1.481152064619224,1.8565116539449196,1.6578053368497963,3.184568357017485,9.35436660568638,9.316148205764103,Feynman33,None,9.543322059089515
1.1920642284648988,1.823988431530224,1.6498293662372059,1.400640345634713,1.411460793138378,4.481377543412012,0.5898134793034941,-2.0841249026775976,Feynman33,None,0.3091210640388278
1.678820101660898,1.388283126511092,1.856919134652875,1.9529989826226983,1.3884114726104886,4.317906960820441,1.7074025799620798,-1.0358710710445456,Feynman33,None,1.640280682461215
1.0536187723112345,1.5485384657041987,1.8812445141052083,1.4793209396378164,1.2432770307097782,3.3077709074743717,1.432620071881478,2.1608174258914596,Feynman33,None,1.8560109002543825
1.2296791821939315,1.127655795388299,1.0480555807368488,1.9324040572854089,1.023119633539962,4.133741604930389,0.10145227985533979,1.2905834910396623,Feynman33,None,-0.12426255400118517
1.2780383122569736,1.7404005725220686,1.5691980926320825,1.5209286389742829,1.0004724365806046,4.5132537182454655,0.141736866092311,-0.6215191498580737,Feynman33,None,-0.11660278593414782
1.8024112191708523,1.6488314974294993,1.6240018143144872,1.9165868431765127,1.0000016431962004,4.627718802992212,0.2893475274881183,0.3314125849787985,Feynman33,None,0.5466911450450973
1.0774131912092346,1.2115334112643048,1.2325907106859884,1.4294999378721855,1.8108329740600815,3.8178620614196914,1.4302210332908254,2.527183418099539,Feynman33,None,1.3787660110778002
1.6608314206499462,1.486838146823915,1.7561370164183665,1.7865086128592513,1.6506987020803687,3.574488963516427,7.480952360882522,9.085333932096866,Feynman33,None,7.676698088553935
1.2886555619773419,1.6740324562363802,1.832598855225653,1.5920443397049504,1.9606580005557916,4.5241967697229475,4.113027097316221,3.8759546217790337,Feynman33,None,4.586276488791371
1.5870963260121544,1.116195494411396,1.620146652129415,1.8320643977693396,1.7285925492585248,3.385693307194318,8.126901652667259,9.588338500267993,Feynman33,None,8.85254016498573
1.1467268414024483,1.0904204052469728,1.9833895339851009,1.3521895798893335,1.7588104681613377,4.111919238718684,1.8890426031137788,0.9862676179800631,Feynman33,None,2.2085996018835563
1.2503230280425033,1.9499421082811588,1.3588600179267276,1.3119253769824855,1.083952979133326,4.331697269801829,0.1448362135918055,0.05826244781251022,Feynman33,None,-0.323190485967675
1.803857558716942,1.9084809742577593,1.303945438972884,1.4760039846586201,1.5766445078443494,4.138059621104119,1.54049494272533,1.357026298525787,Feynman33,None,1.3337368838841173
1.4999867116364474,1.732009221357314,1.4056300285401835,1.4474842413973867,1.6686110809174282,4.1212383576304905,1.7318840285522832,-1.1456482737895501,Feynman33,None,1.3868223564551645
1.4393707027223956,1.3502235383699386,1.865024596364289,1.634965611389756,1.9467975368626211,4.295393867772187,5.058777156690843,5.905217947553224,Feynman33,None,5.729407675707394
1.2321060677209352,1.6654049272399973,1.7286976421953761,1.4688708355278266,1.4273284307293173,3.8556861763262305,1.3975538615823204,-0.41101613233152845,Feynman33,None,1.1715571778134426
1.0288195511128162,1.3712127434745098,1.048815113463018,1.110943281410675,1.9000985325267779,3.668957384404441,1.0776290268575817,2.0291050193553843,Feynman33,None,1.1511878082802518
1.3828706502122396,1.6238679411419574,1.0547475290968396,1.5734645718492182,1.0466256719826224,3.7511662110946227,0.18464075943260197,-0.5469680363933846,Feynman33,None,0.0016721559814691833
1.4049994335153335,1.1195240942364428,1.101941364198734,1.894324607617971,1.6115338082583912,4.944292627183892,0.40561965698682584,-0.8927894861116681,Feynman33,None,0.10041140601879105
1.1298154067945207,1.0505193885504935,1.8713965292264185,1.1134398154563894,1.7243163176472698,3.6657445069413095,1.74262149069594,-0.6749091150423063,Feynman33,None,2.404807841438664
1.1716550229553184,1.816793297687962,1.09911285305965,1.9063431342943309,1.7696176724940624,3.1943937007702248,7.674315715206607,10.01499519392991,Feynman33,None,9.434106571159111
1.7764202754002727,1.5382320813503714,1.7615556155688457,1.1471146443218967,1.1274624626822822,4.993041886100871,0.13491719546375777,0.49101342686464844,Feynman33,None,-0.029512619646924997
1.6682180754607874,1.4117863265091635,1.558541828085523,1.8003816680631282,1.0822726078230944,3.499035957985641,0.8693122878472037,1.5331239869139996,Feynman33,None,1.2654201938760574
1.3017617837189666,1.7888440550209883,1.8632863679013671,1.2602589283483527,1.0066369339323389,3.491264073860007,0.4422018911496609,0.38815891357036586,Feynman33,None,0.8262213678259387
1.4833521513474532,1.5750918196457977,1.3312315975470683,1.1511642266864028,1.7195305048918064,3.4401310131812792,2.5495150307989918,4.474827982663299,Feynman33,None,2.804425118423848
1.4266613950933456,1.9698301254781518,1.0267032168667105,1.9644403747986936,1.4346247513889694,4.087658734931815,0.945009336333609,0.49796774878713723,Feynman33,None,1.0344885385176394
1.7359604037252958,1.2966314292491412,1.9177218276504417,1.3381448771050508,1.7861426907443336,4.527613027782768,2.1093294384921646,1.9063964710479129,Feynman33,None,2.216447859222012
1.7077840050662023,1.4138069907494373,1.8900284474714932,1.6435289780795956,1.3147136066034801,3.2346645864880585,3.821583524270294,4.396016561360012,Feynman33,None,4.813922536130844
1.6190242181683878,1.1631413470575234,1.7380153960209501,1.455689232126594,1.053821705960953,3.500289751703206,0.5016504184462384,2.082371267613395,Feynman33,None,0.679835520587675
1.1628290602868703,1.7272552867523538,1.556855100445772,1.223684651913647,1.6611686489613566,4.265332415174463,0.9761532787115695,1.5719604739603485,Feynman33,None,0.6577119880890113
1.397958467559801,1.7410450742897141,1.5542415451765448,1.6526969581782522,1.6101046384023876,3.8177675974343597,3.1485312303509976,-0.9100241162710927,Feynman33,None,2.960762968665986
1.2284403743410084,1.8421372866931953,1.3759487835149287,1.1429226831038073,1.2405555243439719,4.53351347875847,0.15357886135186444,-0.5255731469296463,Feynman33,None,-0.5769762162941319
1.1378802065490872,1.7402899148658828,1.713864774138835,1.9199050519043457,1.5835964323205967,4.458653491733585,1.871574485133808,0.41206881703819165,Feynman33,None,1.7504331834829805
1.5991529224319598,1.081259266096914,1.6799995828131251,1.158111226542307,1.6765908149663824,4.913182998579886,0.4762321278477519,-1.231693255560743,Feynman33,None,0.09647554620979666
1.2876750921330116,1.6742159125737737,1.9512306644051178,1.5530262807647057,1.8799555751496317,3.921734509420827,7.381507446345116,7.16882388556367,Feynman33,None,8.22486874606984
1.725993161059538,1.2316291182135635,1.7816708140716881,1.1460063032240704,1.2964683510336752,3.045697443686547,1.8179337910995375,4.779199651231768,Feynman33,None,2.6537028772795614
1.6990605884058696,1.2369350648738395,1.9375604131055515,1.505515212360364,1.4850901461566957,3.118014374389494,6.449153378344461,6.2865707182095605,Feynman33,None,7.487431312913433
1.472954503066036,1.1220894554820748,1.600401350166881,1.921074901929709,1.3504449606968054,3.78185862988074,1.3977097914160843,-1.1601717888947862,Feynman33,None,1.348363819047829
1.3590235225493252,1.660833757272453,1.329540072702915,1.2440960867419295,1.452857213329698,4.74917353337364,0.27575195655342266,1.4499823525945272,Feynman33,None,-0.32932251117301087
1.302457932002212,1.8004810576282069,1.0997136565971746,1.4077674219012386,1.248479231109756,3.757588268828872,0.3625390107913953,0.29830804694350493,Feynman33,None,0.08045973172256153
1.9047733068975163,1.7579254320688724,1.2802850578036127,1.4696728683170885,1.8775125845640628,4.844600991484054,1.5511215203957849,0.7921322375679688,Feynman33,None,1.7072694187610722
1.6914415463632677,1.702132673433759,1.41969303049421,1.2231143006392036,1.4253246555322492,3.8661827974041345,0.8996493842316292,-1.0274328666392867,Feynman33,None,0.5922254570350111
1.9484840144066178,1.4876350141958352,1.3794678475205484,1.652043300372024,1.0133196136575835,3.3076869388128873,0.6764534447531311,-1.6505315198447792,Feynman33,None,1.3677153132623094
1.318086674100134,1.152514528594314,1.9920140068346068,1.0905718200268861,1.717520627812544,4.915952935702886,0.5805288673649404,-0.7411769634794457,Feynman33,None,0.5069730091829371
1.021729823868085,1.1258004328949405,1.5640357928960817,1.9650216311756412,1.8059310755455686,4.931929077954839,1.0911826302402086,1.5531985561764563,Feynman33,None,0.9173942309771127
1.9795523133734985,1.1804558035886448,1.9509444686319708,1.5900151180172473,1.6522962548364784,4.66151791678633,1.9447213012006555,3.689960540249001,Feynman33,None,2.169308888161805
1.7512507629974672,1.1698980122975773,1.6898310606931255,1.4659230954165197,1.295946100450176,3.0464751277800675,2.5706273674720257,3.079115551052256,Feynman33,None,3.33393357071145
1.0282597919376548,1.895413213283723,1.4682456176199161,1.6547319394302462,1.4838706477251016,3.4806253320416456,2.37756565793189,1.834396875139678,Feynman33,None,2.5758709294042337
1.5127432693850347,1.2438049232365782,1.3596395120843063,1.5259421580908104,1.2820529713257651,4.676346673821557,0.2240761276989757,-0.8234403316420583,Feynman33,None,-0.39834148954275234
1.8934749944144038,1.4877673754489533,1.712074808911868,1.4531523562626103,1.5175261049830961,3.877227087846971,2.3902237875705414,0.5097167073284625,Feynman33,None,2.3268862150406657
1.8949312332858184,1.305288216049207,1.9622163584365913,1.6054659565061038,1.6290349065792298,3.7638106960010846,5.463431686552292,3.006059141372306,Feynman33,None,6.188514469906258
1.506966259918579,1.7684800045379323,1.3026038386345324,1.979211764619825,1.2551019611670315,3.498762587751747,1.6184885062531462,0.9190630748999616,Feynman33,None,2.0038942081148674
1.5841692151331301,1.8366161113293578,1.4232445578347883,1.5645255729830958,1.7560897985572268,3.191805251629749,11.387860453743636,12.87063782539724,Feynman33,None,10.782225532189345
1.4760560474331563,1.7854951877906373,1.6073003186645995,1.4857923694572759,1.5323447639688998,4.752256911355673,0.8477012951935932,-1.1103408343932102,Feynman33,None,0.6343010955093631
1.0889944914348533,1.1710435768749687,1.3751177640322088,1.6736887060089904,1.6695548133097824,3.621195242951434,2.0619832326534984,2.2532304687294937,Feynman33,None,2.2345113653734
1.7606052276631794,1.7664398361182356,1.3449350616011773,1.6565932358665414,1.1978190232093473,4.400826688719509,0.41396797195577784,-2.654843906908395,Feynman33,None,0.307719763728908
1.5357823152710055,1.7015532542244656,1.642841185824861,1.3399992081844339,1.961804374369326,4.820042001970715,2.0911938799469576,2.8429585742247494,Feynman33,None,2.240055327168682
1.138439934202803,1.223485697382189,1.7796121957684132,1.4295615235773593,1.9438982684573067,4.315407348830873,2.447069531296532,4.430997101638854,Feynman33,None,2.799320804951573
1.3035267921795848,1.8655407163999524,1.7391355431533069,1.1150452689884245,1.3435154344728868,3.6860335197715637,0.899107912999668,0.8075072946542143,Feynman33,None,0.9042033642857138
1.148752254751964,1.7783235939424245,1.2028831328869927,1.1087447821248442,1.7080113570590725,4.5332310094884125,0.4166316978090069,-0.08608017815784985,Feynman33,None,-0.053045256271370717
1.8509720222342567,1.2414090879615571,1.5830248758596794,1.6301743149969545,1.8726258679537438,4.431644952872862,3.028546568528391,3.735247823778932,Feynman33,None,3.235742999539427
1.4480622029816956,1.9124246177049793,1.6593954406764828,1.091769073628181,1.1695552654695227,3.171927519616421,0.9426244564507703,2.943426433351587,Feynman33,None,1.4359766304834083
1.9626501412997834,1.1427608627260428,1.3240293319154501,1.964353202649506,1.1522452077772396,3.0181798432693547,1.8498962724994357,1.802004732696171,Feynman33,None,3.154245645876982
1.8492146556428195,1.1610754458135335,1.8020785935518342,1.0724903787782247,1.2184043256873958,3.9515458805354045,0.3707997220569319,-0.5426060651646261,Feynman33,None,0.32301159197285145
1.2181535822384397,1.4239035468564167,1.531678674033079,1.368719493518042,1.9065011887364098,4.729169994971637,1.202525303141346,0.20496696989224672,Feynman33,None,1.0384783415515113
1.522407944837037,1.368136402749415,1.5722679145192289,1.0577394767348007,1.690545034671378,3.0706057837521517,4.565057708556365,8.26144442020458,Feynman33,None,5.470909199828824
1.6981243637455616,1.316308391889672,1.3871129711397563,1.3420593721595533,1.0889837885030955,3.092281240050358,0.6503726440613282,1.66967954608374,Feynman33,None,1.034792256264733
1.267510361970013,1.3701524917825028,1.0520647165787298,1.0921243432999064,1.5727507735864377,4.639878280750129,0.16183156742742713,0.3132618289750934,Feynman33,None,-1.0795268827230313
1.5065235492910412,1.3973205836090226,1.062031427669515,1.2727653551672715,1.2833865488954697,4.892319718763827,0.08798953202400742,-0.17720433588499349,Feynman33,None,-1.3131701334238286
1.4740048124355412,1.5994365476022094,1.1910229883476933,1.0725966542765577,1.8358135224013645,4.5940115540051405,0.582013078252433,2.8528359718735956,Feynman33,None,0.3485145366060118
1.6338994374671791,1.015236987249315,1.031010939194257,1.8442392508845356,1.0190310575780188,4.505015133628994,0.0730510921919117,0.035877242371802495,Feynman33,None,-0.41365723468493754
1.5242005873903413,1.0131328243711661,1.6644764085451893,1.6528293188412162,1.8421398990881899,4.656676351422808,1.6850647342400602,0.007382314690866032,Feynman33,None,1.512083057579361
1.7787578961428137,1.4166827695362647,1.5159148783704774,1.3708927201694747,1.7223478812143238,4.807745816939427,0.9882275089119892,-1.033821767957709,Feynman33,None,0.7727803261979069
1.331828527340484,1.2078708338023805,1.1909773983346836,1.825408974420831,1.1646510978266993,3.879605829248232,0.3124270278931962,1.0777090149246826,Feynman33,None,0.15739538248213047
1.5203335546817682,1.9021239136889392,1.8170325020263591,1.4180369159750332,1.6779070253203656,3.5666196408643875,6.496717353759348,6.639657927781042,Feynman33,None,6.899387532591761
1.1229265513045852,1.7821493092250047,1.4198812807351027,1.756707971474395,1.3311145914994902,4.06388569711499,0.7532854444531364,2.6184715353879255,Feynman33,None,0.5488446905913947
1.7893990716666277,1.2517802576140777,1.542031069179493,1.3786420970648119,1.6670181267356448,4.244394182026927,1.4107057652706447,2.087418005179675,Feynman33,None,1.077240127738108
1.4617999941713304,1.5281392434642478,1.3433990439095782,1.0356727361241447,1.586301704774099,3.732088986274669,0.8806513517079454,3.802204925892311,Feynman33,None,0.6161356581602168
1.7163475144688363,1.7537727005796317,1.8883499427436115,1.1241805423768203,1.8287037201939094,4.1078661877115605,3.471010115508378,4.574563803750523,Feynman33,None,4.305555980691986
1.5063044889802897,1.3289282717330613,1.774225461228808,1.574857145865983,1.9645976577563071,4.633811061805762,3.1437813486869626,4.918278596586942,Feynman33,None,3.4256025280883717
1.6711907915809112,1.65063432620771,1.4775595393155578,1.4645986281685905,1.2046856732314235,3.858504923709818,0.6312428784189318,-1.3755410534001853,Feynman33,None,0.4818661944389002
1.7759431086226658,1.3019866019535844,1.6441888409917529,1.3683208817490202,1.3638630440272115,3.8075583348362394,1.0621175028501872,-0.6855450865524142,Feynman33,None,0.8403082046187865
1.0808290321501106,1.082929679520157,1.5265797805503958,1.5896270578028053,1.795702688637983,3.237669555364644,5.698813459462237,2.9395127016233964,Feynman33,None,6.613542212765464
1.7062494549658265,1.9295986588528817,1.5710806866831861,1.3306259278753076,1.4565982958144525,3.9761015646448366,1.448121427300669,1.2081749847319303,Feynman33,None,1.2505170124036524
1.9463820053248297,1.4258062777724008,1.442521375728114,1.8215084382394633,1.0822371483652642,3.690387574253733,0.7105489572786132,-0.6970840495349158,Feynman33,None,1.0759485863950122
1.4759130923923,1.4229877410929306,1.6591239928830823,1.346818654706528,1.0790013279886355,4.062768793672975,0.25296424636389,-2.0106900342406706,Feynman33,None,0.0835655593511687
1.0358600111631002,1.6933950728214335,1.237783080456301,1.6691952104791594,1.7014827366451817,3.822461489322235,1.915094879106435,1.1198207458214018,Feynman33,None,2.083099549545871
1.9311157482014014,1.4924040389817579,1.8368326690718608,1.6396255084947382,1.0753617466148309,3.0009817024359986,2.3765529486144503,3.3419444675720062,Feynman33,None,4.765280505796226
1.0410440335663407,1.8246589613896036,1.0368277755491788,1.112052369152716,1.879888817594686,4.7555317865496,0.36284818392341245,-1.3093904031143757,Feynman33,None,0.18045608127313215
1.8634396225944447,1.1056790944378285,1.0867793598046371,1.0365835787474227,1.7516539169340084,4.781073799650765,0.2632749910856076,1.4488897826510871,Feynman33,None,-0.21791146973418338
1.3102509930449027,1.9971988026076324,1.2917242162627658,1.0550862656184394,1.9782215981873188,3.3423117289073634,5.919475583953756,6.036873466570425,Feynman33,None,7.453789509172638
1.0676284904977442,1.9855362018871388,1.221668492168693,1.0549616089534872,1.6417431806979947,3.927087910725933,0.6615398107627852,0.11929383853162157,Feynman33,None,0.36529040138069213
1.9673453139957169,1.9054623411046703,1.4317019036620398,1.617538132532084,1.1940694981784103,3.9063559504557572,0.8945782523426314,0.1633057105129555,Feynman33,None,1.1759237377847562
1.2956671995207851,1.948606392400554,1.689054504901235,1.4609533708301745,1.7194982927302884,4.03912965413868,3.154984616420558,2.8230451020700644,Feynman33,None,3.1254282053366595
1.3764259503173935,1.8540605103433054,1.7669644506436994,1.29394981630713,1.5217982120738844,4.5006067518879975,0.9312344691285039,1.9278709823644413,Feynman33,None,0.7289301723592132
1.9727123400388158,1.4913586385832907,1.8010592607628224,1.2656082171385554,1.5748057805029942,3.926107032390214,2.354024451603397,0.09928064101685852,Feynman33,None,2.5462955910724117
1.6781109193727148,1.5809048769192104,1.1090070735772763,1.6922754474041397,1.7809576870658508,4.827891577715794,0.9710965267130965,1.589509995148172,Feynman33,None,0.8293006825050732
1.5494335550449523,1.8774327504303967,1.0268382073393294,1.4645294765876373,1.000523930442196,4.154586305101502,0.10445270308531542,1.1878277676605509,Feynman33,None,-0.21620187328756396
1.506980636310226,1.2658531262479644,1.7978205550126864,1.0484948872781248,1.3551549816510349,4.608408969089008,0.2543976396855788,2.307187939533176,Feynman33,None,-0.00898870800766226
1.0200248528496476,1.3321749656997546,1.1551328131240244,1.365142567617911,1.2099133067418084,4.91207451950106,0.059047556009125896,-0.4076053114559649,Feynman33,None,-2.435375516047778
1.7615786374910622,1.1842902824742023,1.6163650791337951,1.5575063617045446,1.8256185496966943,4.500383097674049,2.1488090689992663,2.081690204313964,Feynman33,None,2.074801198598604
1.2459894261965332,1.9037075000265964,1.6810989675989942,1.5084719906064357,1.4108898961835967,4.916952784912545,0.514382273822215,0.11888271777418591,Feynman33,None,0.4332876566927436
1.3431492979375186,1.927549346582005,1.5617735953950083,1.9442678706103176,1.023775644754498,3.720297756518775,0.6712358716425432,-0.8253596819786756,Feynman33,None,1.2331807602983065
1.3747582082513734,1.4340993821482055,1.7857424977726095,1.00967142851281,1.9181230667579987,4.843569722930294,0.9287581048511471,2.4531830305092988,Feynman33,None,0.9116868298080427
1.89253399911716,1.8756668394540066,1.1106516027571283,1.2905756957132206,1.8088468992146844,4.325939426294068,1.3715784606459505,0.7991703293287996,Feynman33,None,1.4614870749777495
1.444510600174143,1.5511390649375745,1.5570563490451934,1.9532872831065249,1.2577160311588484,4.32105011993518,0.743817388995699,-0.7946750199577742,Feynman33,None,0.6795289967400964
1.8740760070177784,1.6486353179332018,1.0083886885703963,1.9876935997538552,1.3819308774942156,3.101661027406795,3.189537687614334,3.664327735003252,Feynman33,None,4.958107574152516
1.3378496872011143,1.405502004502237,1.6525507044447725,1.048931421376468,1.5872731241130178,4.896744811046412,0.32623614298940684,-0.08193691085855193,Feynman33,None,-0.10597698590540512
1.8889631795562267,1.5411041488392097,1.7025374783187588,1.174472936487764,1.1402193226363484,4.277068948911214,0.28538147194804103,-0.20152933081822638,Feynman33,None,0.24009415653561186
1.9823323637286019,1.2789797162604946,1.9334794879648136,1.1826721164455138,1.112648873598613,3.3236084867104028,0.884655203998126,0.31986774467711687,Feynman33,None,1.693349847312978
1.0104975721235658,1.496000264092898,1.3299968917870308,1.3216327240957495,1.0100581227671106,3.865048042851667,0.10512028284051866,-0.7506443313481308,Feynman33,None,-0.6940825019475875
1.8852608237029387,1.9631016313675045,1.0865182036521228,1.3765757623877628,1.4388782330562444,3.9408393828491195,0.8205275639464082,1.8315032832079787,Feynman33,None,0.7538279636468095
1.660092141539948,1.8867840822948811,1.740825922041414,1.1194165424775124,1.4637606647524526,4.473574262941259,0.7162343247714187,0.956335726540087,Feynman33,None,0.5932014456702145
1.691502965765034,1.4715381633977267,1.770841196855752,1.9161573989374563,1.591842097445494,3.4149894185541854,9.250920706339306,10.016562437449805,Feynman33,None,9.583490299504065
1.122644108445741,1.475466436735572,1.0512656363271426,1.070251856397268,1.601133318940596,3.5575804011950973,0.5666930365576046,1.7987726374961517,Feynman33,None,0.1780920499267133
1.694834541217502,1.075857322269742,1.801952010457443,1.8401030746190412,1.0420129444102268,4.706906551331478,0.22301732283100467,-0.21423650443861147,Feynman33,None,0.30404464276482285
1.805529260847024,1.7240620288855002,1.9730930473543957,1.817567224764078,1.0543825571554883,3.5718323885272296,1.5280645914690067,-0.6403124219004397,Feynman33,None,3.3224282470682294
1.0965092951738755,1.433537931351472,1.9418688666008979,1.8997437002978765,1.3681242579868622,4.943512744697515,0.6164695234843698,-0.3863389608246681,Feynman33,None,0.7303508138386453
1.758838572917917,1.6764476271304831,1.7827187459256872,1.8711310536903538,1.1372212260032077,3.3744364709810224,2.2561639789353127,3.7657721278563807,Feynman33,None,3.710470397605388
1.0783123241747026,1.3556672631538333,1.6471996057961547,1.8346454984518985,1.255394043447109,4.404937600494593,0.43704315965377705,0.2764087705235143,Feynman33,None,0.2864511837456439
1.4569146598003195,1.725984886425791,1.0773935591914703,1.670521278798396,1.8687326564485907,3.0961485324912497,11.20469378174212,9.347876941106485,Feynman33,None,11.763729900132496
1.8906562909293632,1.7978625101953334,1.6150571449494524,1.2672702578134412,1.6569687699540552,3.916874769509321,2.833602557772074,4.813242910100125,Feynman33,None,2.9914056962259683
1.4699162365881655,1.4639544239467566,1.8291006130720007,1.8764801094703452,1.6247150035592668,4.1435449396677475,3.505042585267325,5.036021130599655,Feynman33,None,3.4377965466247513
1.2507608707833398,1.298192662147941,1.5824697220058968,1.4609765813983189,1.702133361217055,3.157673525503429,6.098840789344658,5.977985544601291,Feynman33,None,6.44704908073157
1.645054176323201,1.8249160996054588,1.9903104381432701,1.8778415777028925,1.1662521555190555,4.179971489002266,1.2518181507683925,2.1657407842889116,Feynman33,None,1.8041974985873122
1.9098429786806044,1.248626729805519,1.0782369506386333,1.992295425445056,1.0067521751696527,3.049945030377038,0.6892570147916254,2.772928549214475,Feynman33,None,1.5114189508347544
1.432442420921555,1.31069537507245,1.179200167281875,1.2060697090119425,1.6456584610536105,4.707150979492349,0.30842402534304086,-0.6209137803247993,Feynman33,None,-0.40736208445409827
1.699028423240497,1.4633504265945998,1.5177175490975883,1.552128169626199,1.8765271700583188,4.375215628223951,2.936754662543313,2.380798062694004,Feynman33,None,2.9790356742932915
1.0926032568623847,1.5145145045485393,1.6916524227076595,1.102958751288516,1.0114861357978313,3.0955250333886775,0.34477969196125,2.7046393597935485,Feynman33,None,0.7406351240551515
1.9605246427100158,1.7653142881377946,1.1113447372810206,1.2949871630659577,1.5472824060783954,4.766305316088291,0.41666713673128275,0.050176065277809434,Feynman33,None,0.22399105390197208
1.74346851981533,1.8724382603955307,1.2007281488503747,1.1363632139818551,1.2716917922265056,4.785688115372469,0.1469566303419302,1.8266141742919035,Feynman33,None,-0.33295918123791013
1.1181396809361916,1.5878199947720535,1.6669991202783048,1.0177407534588325,1.078285528072636,4.013330075101026,0.1295762783360069,0.25083721605305925,Feynman33,None,-0.2852188796654793
1.5195777128551486,1.0655840009101405,1.7705189034784925,1.7966242233251208,1.61632489253486,3.055125544551335,10.368710677259509,7.596154360937954,Feynman33,None,10.81131550835804
1.1877437435291711,1.8630406090180194,1.975002997804456,1.2683379336622917,1.366755347134749,4.969882076139875,0.3893368400541304,1.7223791764903142,Feynman33,None,0.5843594580626368
1.7856084427628638,1.0223941658873463,1.6194495246329224,1.4381732639232605,1.2103235255029172,4.768582016711528,0.1966699390981698,-0.07104277679238499,Feynman33,None,-0.23990034667771748
1.666183008957877,1.1233803609478255,1.1172535730892628,1.6938268986046205,1.1929299417383483,4.429488811348034,0.17172204497352336,-0.7427277914677294,Feynman33,None,-0.3182473010788866
1.975618973552939,1.2246891035559024,1.0132343568751287,1.7581366623188934,1.5246546710531819,4.435835839546904,0.5771998550835574,-0.7252985528502994,Feynman33,None,0.45086633491376765
1.6393562879099428,1.5570018351355395,1.92201863273392,1.2003501962095537,1.1260896498402124,4.829226449294713,0.1881589697557058,-1.4742629282398085,Feynman33,None,0.29832177217295314
1.5215159259074467,1.1766370806890234,1.3681189433431977,1.5206223952800553,1.5958949821350306,4.458449238331048,0.7009284442979902,1.797129656828564,Feynman33,None,0.18187524569196137
1.680080552426796,1.81841615013728,1.5376019131363243,1.54833842970595,1.2806091803365431,3.191995945740521,2.6691917953771727,3.5357077033724695,Feynman33,None,3.3154998885787905
1.9835650560020772,1.2315136581171198,1.5208832932268221,1.1146205923928307,1.6201147744111497,3.338985216516555,2.78811900561073,1.7766731974845964,Feynman33,None,3.4770696865439823
1.9116254977320253,1.264120831068902,1.8332380181979917,1.5342864058579126,1.0381025721062755,4.54743809951054,0.2420535417694553,-0.4232025520406659,Feynman33,None,0.3671566498062706
1.6389795951243116,1.7067031263722554,1.8756418324387436,1.7157751420839886,1.6019378827380633,3.592674579974547,7.472904628693524,7.357597296801057,Feynman33,None,7.737018043261867
1.4597093101251297,1.540372735233464,1.7586625316330062,1.8621905254131264,1.3096274031956845,3.798303856062211,1.83889997849349,1.1075242358528625,Feynman33,None,1.8606897306521346
1.213041228015531,1.5555471305543644,1.0567944383702472,1.1522462242686942,1.1140491487413267,4.997054890391118,0.03205981076080996,0.9344503963021384,Feynman33,None,-2.5415742043179472
1.0948191706019434,1.802959540760865,1.339391511177834,1.5979661980707789,1.4220387514945707,3.3347023293764977,1.8711851818429377,1.153408928845086,Feynman33,None,2.055515111171709
1.5322025718539076,1.52246208660271,1.9174536057015814,1.6963604042550304,1.064454049027568,3.884204104941148,0.6816301656817633,1.7210298571620202,Feynman33,None,1.0412880039225643
1.4913959611040282,1.1179124398491598,1.0848307042653862,1.544990056525668,1.571510575023795,3.7330907378358607,0.9100928820182533,0.8685354100455394,Feynman33,None,0.6916181663507691
1.6291534957564693,1.6961956201625459,1.3450272764199536,1.8737381723275546,1.8762818905387624,3.585150812358229,10.46087987214568,12.940159091485055,Feynman33,None,11.16233818223554
1.2665617305371342,1.498566765086274,1.9245679194912357,1.492610527763372,1.7635801251789867,4.309574896073015,2.6545296955198414,2.980626535245383,Feynman33,None,2.6987506512006614
1.038818334209259,1.6175378131738785,1.6536413964056802,1.5742141035627202,1.3771680243398254,3.3057158453048334,2.10355101166227,2.5413171847113913,Feynman33,None,2.393378800018578
1.456303135733558,1.3359507532997552,1.8433376695039039,1.0633350635059344,1.7235141188358711,3.1067832277181076,6.188411752039414,7.11045362418637,Feynman33,None,7.7587098340590845
1.042508311754994,1.6855402572467169,1.717105469828628,1.252888766485432,1.1381750356440477,4.672731869648715,0.13552040402626775,-2.862543260841989,Feynman33,None,-0.3446030507207941
1.7959650177025472,1.0923607095173526,1.1342840162483756,1.706483609158023,1.4942341840693998,3.355524109406285,1.8836787952924459,1.710468074345907,Feynman33,None,2.3533858412780293
1.172165060448941,1.7714503258874716,1.2678198028343821,1.1053506123822867,1.8323983867426339,4.0904404318885,1.0766567321278329,0.09894264731703861,Feynman33,None,0.9670513306001186
1.6795834238483165,1.9790362357618898,1.7468559267877746,1.78982270518175,1.6761634912470247,4.396689230440284,3.9359762482122793,4.435319009816473,Feynman33,None,4.1266054596487765
1.2049922698229234,1.6756928032091676,1.3313771838967132,1.2333599771155714,1.8378828436308257,3.3646984838400655,4.123913396234553,4.363181766292292,Feynman33,None,4.732188572221729
1.6701620981373986,1.286529002709227,1.0251511004349414,1.0604814149903863,1.5510987595923669,3.142161536888709,1.1042886034290076,1.3906930731193885,Feynman33,None,1.4110217450909943
1.100169796399602,1.721498419967849,1.0093960199320686,1.2759976295146669,1.1094872424042166,3.6339381562194113,0.13907501241520262,0.8829730440048625,Feynman33,None,-0.3371766043396666
1.3628545285623015,1.4075454834751135,1.0052307430940206,1.3461182656863468,1.3529698342232814,3.690502522330532,0.3547123316823062,-0.38507434616191194,Feynman33,None,-0.05414472007833334
1.309654410399384,1.2100030130546977,1.547821554713836,1.919737184164973,1.2342353234933827,3.3464503197051023,1.4528198712267772,3.340878160553361,Feynman33,None,1.8127697919222756
1.651350028341605,1.8808484814835205,1.9636272139154163,1.3060476812485948,1.9863551748292052,3.682976886177003,14.398309408047266,14.149132832209892,Feynman33,None,15.817669054150318
1.356820732720255,1.904443273740321,1.5257731135540422,1.1172746589353038,1.1775788300977523,3.730100955769564,0.3854316951675823,1.1998947341018908,Feynman33,None,0.2635063101890957
1.330461007381222,1.8138676423855817,1.5736120588399234,1.2274454085755127,1.5288934135679555,3.0776676490386397,4.048321720567537,2.7486304760983797,Feynman33,None,4.573581411206477
1.1398321892836467,1.2915313630358363,1.8693058472405606,1.083021771084224,1.9749399592819814,3.381246267793479,6.776633337605212,6.127201486868316,Feynman33,None,9.30681566169027
1.5093456823334286,1.3168108016920952,1.0969275635175262,1.2901436751981286,1.6663922862954244,3.394633908426097,1.6805663228873662,0.18241807710987,Feynman33,None,1.8501694982400703
1.6398863325722566,1.2767446831613836,1.5382173654725912,1.3131779984434049,1.514379861302869,4.180685627760756,0.8162270485606627,0.18637441673148325,Feynman33,None,0.36772811799947175
1.9259214492422303,1.0905921852340308,1.9140946489570383,1.8043359626321436,1.0590543861446517,4.048769423670279,0.5660995819673117,-0.38036752441250055,Feynman33,None,0.9642721235895639
1.3712468212254874,1.6664125744364284,1.6614922022492655,1.3842712865142546,1.9717732010897833,4.2825894016143335,3.6640106902016654,4.656272136026921,Feynman33,None,4.095764544518274
1.0140636893411155,1.4486900616421199,1.3729323579114023,1.856186409558724,1.71524285025012,3.811299532899027,2.5778651543074282,4.451853604101293,Feynman33,None,3.072444704211573
1.5618606577586205,1.2475652235912924,1.0759845567119215,1.2186833894502729,1.0434133031050719,4.786178192740346,0.03494235350739558,2.3294921725593323,Feynman33,None,-2.0457475735230717
1.058488653284571,1.036048121010402,1.43781738065059,1.8496533650277125,1.9951588917570628,4.044136154209005,3.362064764146427,4.703323802840642,Feynman33,None,4.700922858481724
1.0059050078434169,1.3178920609916844,1.0641885760193535,1.1521431169337948,1.3913946789981426,4.0858058881548,0.14365864848734458,0.6649018552149981,Feynman33,None,-1.4491972024369117
1.8612979679384707,1.0260840154035633,1.2212560139898807,1.0156282906651066,1.8778359506970195,3.8484660364254397,1.2018280306174003,2.05936857333225,Feynman33,None,1.3876267430430789
1.4042491233100454,1.5398392870657376,1.06123035514684,1.0732785090341603,1.5636863654545685,3.803038398692688,0.4863932844320155,1.426791558954631,Feynman33,None,0.051575444176315974
1.737214285767939,1.6628756559344993,1.1797415258368793,1.5719116295178384,1.8954879856706905,4.226432391753927,2.6380117353301857,3.701180707146639,Feynman33,None,2.990237527763099
1.2847968243118735,1.3214483372067403,1.0555842386689922,1.74364300635456,1.2265282233372066,4.328016703474271,0.18371603461166353,1.2899174382012177,Feynman33,None,-0.2763858725524806
1.711858884675126,1.9705960471246475,1.2894784000811614,1.7343681435978424,1.763054045735514,4.693705460497621,1.9070841176878468,1.4464079169601174,Feynman33,None,1.9709704381428488
1.8219132392489628,1.6532483645892162,1.8013036451250284,1.974797291487237,1.865722678453108,4.1754767785674405,9.935364933893236,10.29624246405936,Feynman33,None,10.853065686892915
1.4938025023875023,1.7310264107346034,1.0406067764116897,1.165705530683716,1.3821383762379997,4.566578874149606,0.16208009089115633,1.5826976640586938,Feynman33,None,-0.5914147980104715
1.971592825879605,1.6372443259721894,1.1169437217077631,1.0068032329576244,1.194977132695204,4.550729951273289,0.0937869916509327,-0.3832669032395582,Feynman33,None,-0.4766412208652813
1.2099938920127773,1.522919297289495,1.9833904253235866,1.89831080226085,1.0624471547676884,4.428369045680474,0.40817576120608906,0.5813842292744853,Feynman33,None,0.6398589385056245
1.0680948494076161,1.5618286306353162,1.2762659994773398,1.5285047159094791,1.0646014025192836,4.672804964591329,0.07970446058878446,2.107865987866886,Feynman33,None,-1.0534791886159913
1.300937850906309,1.6678701439184076,1.1581919095688027,1.828200276576439,1.7246065067255425,3.8084642539506897,2.7114867266101825,-0.25008891500214503,Feynman33,None,3.1908559777279923
1.0100447120888019,1.5862028895601141,1.652619602262325,1.096784414390985,1.6597311009323767,3.3606912538227816,2.2943434240806417,3.906317498733371,Feynman33,None,2.9715302491597733
1.9991467013034128,1.0393193821322448,1.7275449311236517,1.3902683698866771,1.7861863790698633,4.05825654554336,2.8981152960241303,2.494340910276776,Feynman33,None,3.3783011314295335
1.2546599860867431,1.1289062752899426,1.1208081553760825,1.056788614719943,1.227116484495146,3.925865624963852,0.09759155050758223,1.1899063956465379,Feynman33,None,-1.5608187510677305
1.9831646210141671,1.1372235690221355,1.0540860630648672,1.2612864542991815,1.0864022699231262,3.7085779966975148,0.14714254258973014,0.5907520048423011,Feynman33,None,-0.1738235951189794
1.2751996023433292,1.769574997605169,1.5416126383631021,1.6834826237853058,1.275551965637228,4.982121736638047,0.313275181843673,0.7977986427782453,Feynman33,None,0.17750387032741863
1.0509479440498648,1.2121699066629812,1.8167285509725253,1.8051666187520747,1.4073103926975985,3.7730030785596407,1.4989212857238305,3.626941744957448,Feynman33,None,1.5314578858014591
1.2712856085336062,1.9502053164100785,1.243630514424651,1.9822896857234609,1.939197901729966,3.605334677562192,10.45842792029217,13.329260819662851,Feynman33,None,12.263979790359336
1.846337526285828,1.4763645628228508,1.3002339958160662,1.4402173605995134,1.7398299964486181,4.884019379873091,0.8458267229759012,-1.3425548967261047,Feynman33,None,0.675709026502211
1.173378673273227,1.3889083397454813,1.5655134418862389,1.0739235818358681,1.3871176865396455,4.454963280696042,0.22238825322003236,-0.5831560727816443,Feynman33,None,-0.5577113429030394
1.0720917260803657,1.3957265051745713,1.7511200298929634,1.9202860076974972,1.6207839020302144,3.4971465337436873,5.303501502380374,5.122091287627582,Feynman33,None,6.175011325985451
1.494737071614574,1.6316385311229868,1.1397547701442423,1.1960321388689572,1.8175151419487745,3.4425773332208784,2.8351192076371428,5.311094722125869,Feynman33,None,3.392544595571856
1.4072629962023029,1.6049099088092404,1.914980935537721,1.1187118253576445,1.8504880201257505,3.6429774817393215,5.250721565275829,10.333082844065668,Feynman33,None,6.792071146600381
1.1887231445755795,1.914290695737939,1.777039196667886,1.826740690102668,1.7936408025222508,3.7524935420645855,8.808107135807724,8.885881608492246,Feynman33,None,9.341763824695835
1.41325808310373,1.8093353231893727,1.6561013712514936,1.1995689688413504,1.7811177266702045,4.930907690700602,0.9518172195745928,-0.8022320337686909,Feynman33,None,0.857241690685102
1.7168441667328733,1.5889841740555075,1.2299318959182919,1.101522914203364,1.9655286460349528,3.0304102627620106,11.060350034529113,11.190648185743242,Feynman33,None,11.20919775236889
1.6344249440572736,1.4235677215170148,1.975436587254126,1.3845706452224875,1.6263744991824947,3.9372314499387686,3.0861108645552986,3.4376072131029,Feynman33,None,3.3278380512528103
1.6727724647296478,1.1813176900667364,1.2026866085004424,1.9158903691191589,1.7281116154451706,3.935215595716744,2.5086305508014637,1.4039656359485535,Feynman33,None,3.010593347262303
1.1979878412441525,1.10500563467534,1.0338492852113048,1.028987558720209,1.0195326521340062,3.693887397249182,0.042671161242900386,-0.26731807602486973,Feynman33,None,-1.8530387394245598
1.693668807563566,1.5707232413566894,1.3942022518210822,1.2204982125382908,1.8098455223280814,3.780718545034861,2.8515441926795777,5.258727270352279,Feynman33,None,3.0932017805658725
1.502874946778138,1.7655773736180604,1.9351087369477264,1.136691670263645,1.0232339787565663,3.7480350503606794,0.34878412674667114,1.3182426017700015,Feynman33,None,0.6758091641444527
1.2789079424050698,1.741390762608535,1.001569628727875,1.0541137812054098,1.5398678189082098,3.015772709020036,1.2932412196427372,2.7861981619046774,Feynman33,None,1.7802279324156858
1.6279483383155546,1.6513820557255277,1.0019164471000075,1.6444525677209856,1.256523215529644,4.294703666550843,0.267891840877717,-0.18463754740837723,Feynman33,None,0.026258140355162888
1.2737977170715271,1.229392355716529,1.8835350544850633,1.9647094967189789,1.2986061415178078,4.520203738150716,0.7269801901416316,2.1699488285402317,Feynman33,None,0.7048817809259895
1.0166102821081098,1.9595238407548439,1.5407142435715806,1.0806696942570024,1.911091605712575,4.085136916084875,1.8157509687414906,2.4195569812731663,Feynman33,None,2.3146912262566057
1.5850017039895967,1.1512951546687957,1.6715907140044017,1.512217734840076,1.8629794869667125,4.620474357157679,1.840702457293484,1.759840591897457,Feynman33,None,1.7215046648520353
1.4270246051574231,1.6676318207048924,1.6794907439895397,1.7586373418500374,1.5634135664815976,3.1379364335466033,9.481574161780197,7.682428272232349,Feynman33,None,9.323093001586974
1.099730970579456,1.7488401795237,1.3562516399214404,1.6589442982929123,1.6909549879035288,3.830580913867382,2.3889223477728416,3.479917823753774,Feynman33,None,2.453613320570485
1.7626147696048236,1.7755911664518709,1.7239592305494194,1.9040709688013617,1.5102092513895053,3.579652905369803,6.622751908112791,6.1126401760675,Feynman33,None,7.126715995413144
1.7071208588231312,1.371082592577777,1.0297719345831355,1.3063014314245989,1.8112701904430772,4.953400670708516,0.42264583115611154,1.851710644183623,Feynman33,None,0.18436337239649225
1.2515609019835474,1.9114356769951852,1.688964491629456,1.3667180619233548,1.4685825614084864,3.2614850421257016,3.4533820439001555,3.0955028283738346,Feynman33,None,3.8741530761269063
1.2242063499743425,1.2705250880996688,1.5196163196491934,1.570804309650722,1.1424135420366563,3.686579081401389,0.4189171140468419,0.4097600494468808,Feynman33,None,0.1917227089679258
1.6350784912959146,1.494401319712964,1.0297158332401395,1.5088247678815958,1.010356729273848,3.8460765244209085,0.13575140180603001,0.2125700674298478,Feynman33,None,-0.11013849706023103
1.2859417292947266,1.730241435689309,1.8768092554318125,1.13596683017651,1.0487210630874477,3.2038432723882178,0.6100740514309113,-1.005162813137281,Feynman33,None,1.1441802828248615
1.0058593760306267,1.2669620012261626,1.2478658839610772,1.4299193294174173,1.5612824296787877,3.6093084689643895,0.9005813530463617,1.7687281465359823,Feynman33,None,0.5716785046240301
1.0052314936408788,1.9552351773045704,1.9136684234705297,1.0265191154159194,1.8801568847937027,4.495404083988404,1.428023062547224,2.101526971703241,Feynman33,None,1.9407027447616945
1.9233481768583032,1.8566973615454667,1.468742309958103,1.5945659351928216,1.3127683514883257,4.191148379908569,0.9709038708471646,0.8900566954486707,Feynman33,None,0.9355095156051604
1.7290695189288705,1.9300314840322952,1.9715703149302763,1.530003687666384,1.930774744207779,4.72887654129138,5.090628355408251,1.8454052029435886,Feynman33,None,6.4099544287726316
1.8129512238762446,1.151715881489991,1.4366937207621646,1.5448766307894113,1.3006671831741436,4.462010105307024,0.371542924789754,0.09567733874987333,Feynman33,None,-0.010564797191127462
1.7289429826167952,1.8013049639875143,1.3319636056057118,1.110328174336582,1.0265939847254897,4.769356090915296,0.06734496083919668,-0.41074991471506167,Feynman33,None,-0.5922839507017971
1.5393216811136585,1.4980420260754592,1.435049109012445,1.0823641873548064,1.131377667797588,4.379176736083327,0.1192020875926887,-1.0390918777360953,Feynman33,None,-0.5698418156246616
1.00042396202653,1.6955825604829569,1.148936150455432,1.9262770662607407,1.1130407798314932,3.262207108328546,0.6041153280706278,3.3880696757804674,Feynman33,None,1.0625283275507211
1.8738839772013298,1.7628933044649293,1.6959555466366933,1.564514219349578,1.2141488252693848,3.3861838406800473,2.1204150062586784,3.7404081559761204,Feynman33,None,3.0131466140452714
1.9195205253480438,1.1361764055936723,1.754378630544728,1.3389933839241426,1.7095617264744165,4.285961504139653,1.80463391429376,3.07488984463832,Feynman33,None,1.7680938037229423
1.4284299445622084,1.576098186899895,1.5991837703457943,1.9395693638366038,1.0731576542766628,4.4043218237211015,0.3614420875953934,5.079223201777074,Feynman33,None,0.4977046668148277
1.263278172494455,1.9598166451565824,1.551808489352918,1.2994556343202042,1.2066707481250711,4.485306109182264,0.25671122197898877,-2.4352883724039462,Feynman33,None,-0.034682630144450576
1.6183112260413197,1.7632880902873092,1.4788097453709108,1.3417966608163558,1.994121345348315,3.6565688215286305,8.432948041073992,6.364779254000206,Feynman33,None,9.390872579380682
1.596941635507744,1.2069894892949935,1.2626542420425906,1.5385387261414345,1.8813990832736356,3.8764087469121407,2.89325200747634,2.159835583613189,Feynman33,None,3.337977506384053
1.711359931848453,1.3200394372828925,1.6949022767083464,1.033173792455995,1.1467076884130112,4.8274542098662465,0.10376193578830972,0.7346379835968171,Feynman33,None,-0.35570245098319025
1.9067546129601527,1.0348685571515897,1.537085648025562,1.2400386323209212,1.576148257112353,3.768868043552891,1.3491464592738471,2.7391642050648652,Feynman33,None,1.204350941063609
1.0001783366351753,1.0231299193852355,1.8707402212234463,1.427553118337579,1.2151644550977199,4.249996226318561,0.2423111925220415,2.211302771170816,Feynman33,None,-0.2288799426007491
1.2680589606317954,1.763590404303538,1.9558710689438712,1.2166304416294964,1.1348602716948566,3.5273071115596606,0.7071846765924925,0.13358176865105098,Feynman33,None,1.0540538807512323
1.8398450768424373,1.2755467236049338,1.3997390615917915,1.073116392415225,1.3660346802599233,4.5412523627114485,0.21952187406678694,3.360403520054667,Feynman33,None,-0.3475740455489929
1.364552543713498,1.0283224836108125,1.3994223696673513,1.1276246564463355,1.8238183086779918,3.8701973274504766,1.1927564661621057,1.0163977372056219,Feynman33,None,0.9961690807281399
1.2795511499054661,1.025207191144556,1.5692436425632228,1.162331454519081,1.7038542695989063,3.4948509285344374,1.7772498915118142,1.7621170439274194,Feynman33,None,1.9302242152432993
1.3555775549542362,1.747363782388985,1.9752769561339183,1.3505372796274329,1.3301972001811506,3.158803217330315,3.280877335681927,2.4781601583980235,Feynman33,None,4.2972108664123105
1.4441570699264483,1.1088953059378686,1.545447291815536,1.501346656895894,1.4042253080423535,3.8456156762456435,0.8547603641199737,-0.6421313828222004,Feynman33,None,0.4212218249566036
1.916762215729059,1.9050266223414685,1.0408900850282512,1.5270306767876667,1.0558488229289344,4.650629961941824,0.11412710550120193,-1.1073701390460153,Feynman33,None,-0.08069426527860124
1.745172339073032,1.8892526881792953,1.1348941264234829,1.6949403346273548,1.458455862673211,4.814343517347262,0.5217615176079623,1.8693968014892404,Feynman33,None,0.41949656421150816
1.266623088739005,1.8641847807181073,1.7498997135516814,1.1481377618047697,1.9060162378397059,3.765599499903508,4.736972021579061,3.314012759815709,Feynman33,None,5.9562539459617625
1.1038811984802086,1.7805506468424472,1.0731295879681007,1.9804674863890188,1.5939574959089795,4.602296809474934,0.6908756552794981,1.8106997778700111,Feynman33,None,0.7242828641038295
1.3894868617568314,1.6858736939566574,1.4786145235342758,1.2987869228501472,1.9720674914271359,4.421812717910654,2.2308486290175127,3.4463216300603303,Feynman33,None,2.3958124934679756
1.0210255338574412,1.0957163216469739,1.3578893059702568,1.61516721974201,1.9056131500095073,4.363304075663944,1.2522366908314437,0.7259160082097326,Feynman33,None,1.1536566903924739
1.830198319620005,1.7996842759380538,1.4548420067909855,1.1096138125423143,1.825489405554283,4.217901351633987,1.9100399341231198,0.063660205567587,Feynman33,None,2.0319677904605906
1.8764239973154555,1.299638073542538,1.0676285663855514,1.5174445583272598,1.9781438807340352,3.9575300814534957,2.9739824781645434,4.911409211579511,Feynman33,None,4.2225931486064034
1.723410488910727,1.2264338602036489,1.6846035878805847,1.291974119168556,1.426402894249148,3.4179412218780487,1.865288791578077,1.4248504431923243,Feynman33,None,2.02837562763209
1.2628129695242432,1.7549921976015193,1.9889029685502515,1.2820445684720556,1.180407283260943,4.57201619356036,0.30785808086434296,1.0109575890319535,Feynman33,None,0.49117358708319353
1.6358941482509755,1.273033127904919,1.3592664038779776,1.2256826040311757,1.690978469226219,3.17370842091966,3.8051092358152583,5.0410712485309634,Feynman33,None,4.296715860018589
1.2240464188785805,1.8599578158245373,1.7532234611668795,1.4687825802195023,1.502889179739685,3.1456785903184317,5.532034408861623,6.320353892180127,Feynman33,None,6.046986985754778
1.9092859059535248,1.991487795556734,1.9236621881109142,1.9960069590379765,1.6386861852982166,4.227983891893424,7.337613124782531,5.87051779564815,Feynman33,None,8.680093928073488
1.6589046436670936,1.7807859720793222,1.3463458102896348,1.1581362133917712,1.5539784302536914,4.537130516724277,0.5313622633213035,2.7170863052076717,Feynman33,None,0.1771517410750521
1.258915617401395,1.0379555575416437,1.2550625603885899,1.9446085111334743,1.7325181885350056,4.6462545914926245,0.8503457170428337,-1.8841552736289187,Feynman33,None,0.6472635775384453
1.5107237205046955,1.8679414973394413,1.8468772456110685,1.810110104865713,1.6166682176060339,3.674557036552298,7.61114964808341,7.583445145227012,Feynman33,None,7.824560220910148
1.3052409356491048,1.503965678166158,1.7041597841239142,1.68342935006944,1.9278965172495028,3.7455215197614056,8.791527998359744,9.001427233987082,Feynman33,None,9.479087016653516
1.8808817885275948,1.1005010661417574,1.8698334611431706,1.752123962578224,1.5124648326781112,4.234049227635429,1.9909698041668307,1.0382683749900408,Feynman33,None,1.958124925029292
1.2420441084647849,1.3145988473483148,1.313605894789902,1.9214670445836894,1.8963236489377564,4.182649574148631,2.9169436217502476,5.045455438484533,Feynman33,None,3.563821467631744
1.020702431132794,1.8562689384056767,1.3509149577196864,1.489274693533681,1.9479262004892883,4.128769517667712,2.6335428113104546,3.018642571970946,Feynman33,None,3.133046106022743
1.467356462252887,1.240734770372883,1.9800686489420212,1.5660081820368128,1.1746624679251716,4.398356794344053,0.43252908120945427,-1.1002334431192191,Feynman33,None,0.5021862620699202
1.7519864566350736,1.5757104326617857,1.3018637097962364,1.1775601518386285,1.4329245785910663,4.019280358767446,0.5761896597566131,0.8438032482746914,Feynman33,None,0.19211650740204894
1.359833288073799,1.9055094505787369,1.2394202426205847,1.8582536421888345,1.0512837631097933,3.8134745104375964,0.3894776171593805,0.9726746651279652,Feynman33,None,0.5648000586128005
1.4332537290709468,1.4035447099877538,1.404891618207802,1.7127436641923386,1.3872519422194443,3.164907853896871,2.7593023386537205,6.861605884293027,Feynman33,None,3.1335522567617877
1.8119147654431287,1.2596251524004742,1.917127425659204,1.6823375017692372,1.4082006940278444,4.261851586037738,1.4937513686017676,4.239724549911561,Feynman33,None,1.4121743741444581
1.444046882046049,1.538388716702877,1.208120502646738,1.3800477580419472,1.8434789389627533,3.1251387124073977,7.366832370034692,7.029753760881327,Feynman33,None,7.745970500118399
1.5438949662312293,1.8264739229107527,1.8633553052158798,1.1889146160167974,1.539527228503976,4.081273903568538,1.595515569794905,0.690299674652912,Feynman33,None,1.5730237254852075
1.515189721959807,1.6131573649360096,1.4300845641328612,1.4310522111598507,1.3828803340961313,3.56544856292658,1.3444739288327918,-0.3700338121309332,Feynman33,None,1.1539094445133584
1.2252102463980488,1.8062796712020925,1.753087803973746,1.1008050479802702,1.7688706515154322,4.504491849644635,1.1475827267135783,2.828350005737473,Feynman33,None,1.0978831025082
1.9890990688767716,1.2731089216735145,1.6319368790351567,1.0824975938730481,1.281539632822965,4.634244114826108,0.22697823521687213,-0.2211440818350832,Feynman33,None,-0.038551696502924906
1.4800915757040567,1.2090590047296774,1.3946835110696503,1.4408462605906145,1.2397061802052294,3.630614241406805,0.5272851680905775,1.1560870513203847,Feynman33,None,0.217890358957914
1.9096051526869027,1.5079135892532296,1.2396005390743827,1.9160560931086594,1.0148814520317369,3.341167239246765,0.7029723916951546,0.28225773696339346,Feynman33,None,1.4444741357872557
1.5786267402340735,1.1514305815177521,1.7799991778044886,1.7114199260005623,1.1756006145782965,3.48696255054535,1.1620168967615954,2.3564673755579957,Feynman33,None,1.421845496177604
1.5324073428447815,1.9362252191121014,1.962301454808797,1.6787530639354176,1.5775053285824785,3.7087874411169524,6.5799535859334775,7.040694143401404,Feynman33,None,7.036568484546242
1.1597088853804949,1.3951567477498759,1.7448247033838142,1.0063965306441678,1.5161212838272833,4.3399901393791085,0.40376673021109616,-0.9481580129483473,Feynman33,None,0.09263973553391094
1.301440920950458,1.0866378196799222,1.9781159802996822,1.3906101017731727,1.6590227706201581,3.268318449525507,5.400383066343067,3.133654722754697,Feynman33,None,6.7130455541977385
1.7510090380312393,1.4726644962744508,1.3722605817909312,1.1802646850966596,1.5892052358842934,4.517171264532724,0.5653710177386931,-0.9992665037688443,Feynman33,None,0.16456542782172748
1.847384067924015,1.4265190888990325,1.8787735853486025,1.5768436278935338,1.6607241569056221,3.2662267954708137,11.777714526739214,14.662415562535905,Feynman33,None,11.921555515481895
1.6184752120539505,1.3838598225741716,1.634776301827518,1.3334806890802666,1.1286623938027556,4.200030112751529,0.27010222381148546,0.3534410998025343,Feynman33,None,0.05267580176470003
1.5027811364147023,1.9795443390610696,1.8025928241491989,1.3553912987977235,1.735684952263391,3.1052756422522902,15.357239183461045,14.955130653562884,Feynman33,None,14.183252845245324
1.5502605525943678,1.2294142923165992,1.42533890465959,1.9562200786545176,1.4474749039663806,3.6087782928958743,2.2814888013058883,0.5869160468301906,Feynman33,None,2.4936913902288946
1.8718545787162715,1.5485378386010495,1.252921683455249,1.9529560489939934,1.035593698128706,3.0454121841714277,1.2428674338792385,3.785096244418371,Feynman33,None,2.596444866559788
1.0405859746353987,1.484874391315839,1.4151591379877915,1.6800871573586065,1.4922193608000365,3.862361658484881,1.126318793421074,1.6781210982047616,Feynman33,None,0.9038633379809271
1.7873925505091228,1.9531535946813143,1.2152444665956499,1.7947153054083445,1.758168679741529,4.129637272032512,3.409288970905159,4.80879488295625,Feynman33,None,3.876877698691565
1.4328413289175472,1.4733661207960511,1.5819458436820146,1.9135608522006433,1.5007581626161257,4.825935535329775,0.9288054879285129,-0.04216062511885199,Feynman33,None,0.8279252639619299
1.3621375649579308,1.0714724422457302,1.6014722689939602,1.0071398670483562,1.732072654793297,3.6884764526625324,1.2728284269479342,0.04605717624563899,Feynman33,None,1.3877994954507737
1.5236584698302327,1.6806746371918124,1.8848331695455538,1.7921399541763545,1.1931245579440757,3.168364436702362,3.3418230414882624,3.384737203682013,Feynman33,None,4.8591690728307455
1.810101809321863,1.4836693877780018,1.1810366836628046,1.7357899287085075,1.689742067827964,4.769706169346204,0.9737542416243709,0.24019119930683408,Feynman33,None,0.8259029487161075
1.106231341691112,1.963623683090662,1.274198898770949,1.9501365811100349,1.7779065163224708,4.311056656003461,2.3595243742568437,2.963082997204045,Feynman33,None,2.6633278099237225
1.2615078669739992,1.546314384832096,1.4089932865198918,1.8652566262304953,1.3776428550449062,4.30747934078657,0.7327428711499613,-1.2784916444767875,Feynman33,None,0.5406140183031896
1.1699795165689157,1.363739655729126,1.0930145221591667,1.005203761932692,1.8804951375208656,3.148681183402349,2.480205158442963,3.4835961446350003,Feynman33,None,3.1173316379678395
1.571087296191339,1.5125580871786415,1.5520302009598457,1.7944150228620694,1.3432687179620442,4.667059593624791,0.6298468287055347,2.5986272049854184,Feynman33,None,0.48797014908337705
1.61858598980877,1.3719954723359011,1.6882044324282401,1.7453565172253662,1.3292933746332896,4.32136201410922,0.882141091466585,0.5601816513268187,Feynman33,None,0.6559823510442166
1.5790874936367416,1.9771981771403246,1.6361422424423873,1.5657674090120106,1.3079280806318647,4.250842972024799,0.9385644366758294,2.9736791127663924,Feynman33,None,0.8157854615317409
1.1904057113446198,1.2427155596588246,1.0493245030025007,1.0270205900333904,1.8386749886330787,3.7776918536600164,0.6935520252821051,3.3059011749002174,Feynman33,None,0.3739116611569104
1.927757936884496,1.9147551980612436,1.549933853653545,1.9079886708025995,1.5662369521029031,3.842001461381604,5.371503271480075,5.831717441228623,Feynman33,None,5.96521334073083
1.3721671939947488,1.2200076787794134,1.3426478709774423,1.7765342528732013,1.645497494209587,3.814268514904765,2.0861381656512306,2.057251289346577,Feynman33,None,2.11001531810369
1.3284348068531844,1.2124372151392637,1.5113570298070647,1.2211651445586291,1.277541028847281,4.903839319284778,0.12183512019492816,-0.7140719885410909,Feynman33,None,-1.1132163664239656
1.3888136908402098,1.3307498930811874,1.3437351144310266,1.6452089884569834,1.9197664024886874,4.547368051921795,1.7797099708109294,0.7959532086314596,Feynman33,None,1.7410628927958094
1.6538486420037257,1.6654260483119652,1.9115455085043993,1.5623926899861371,1.407274731637274,3.1529256160111543,6.36930917016227,7.618080893464781,Feynman33,None,7.336706367801377
1.8811419323342666,1.412603676759997,1.86419405380187,1.3496228323467667,1.1259170826365854,4.144815594958667,0.4472230745387266,-0.37853518078945675,Feynman33,None,0.5945379731844106
1.2622154792772204,1.5377974777461585,1.4749803830104753,1.8849465964911283,1.10976173230728,3.214862643255457,1.1501863336483586,2.9321740230832134,Feynman33,None,1.724106865146921
1.5204747800980503,1.7149733487286651,1.7045765046325454,1.457778893377279,1.0914099650051392,4.650323200417375,0.2291777041601697,-0.8874213087138136,Feynman33,None,0.1449548460383586
1.832854470688074,1.2397748535146509,1.4250228147830326,1.545493130228027,1.26947562326275,4.658983013484528,0.2969462968447351,-0.12733642383386096,Feynman33,None,-0.0334578083117406
1.612177729869733,1.292287966987123,1.805551752335742,1.786217560034935,1.0876207657093735,4.494544263290853,0.3511795966210939,0.7700950363955934,Feynman33,None,0.4350133395937323
1.0224934465954667,1.441052775817018,1.257859633232311,1.5457700025302374,1.960306465125735,4.678019764234358,1.0586552762608505,2.851625455457377,Feynman33,None,1.0491758171389256
1.625407300735249,1.2911254387932796,1.0761898653398463,1.6652788886876189,1.624981541083853,3.399466669908693,2.476528062940275,3.5734022388549853,Feynman33,None,3.116069769736688
1.645651761388455,1.0183599694126697,1.3400088599052968,1.2260132886821233,1.9167600171595967,4.9720462396410685,0.5773149234318306,0.08808126970197877,Feynman33,None,0.32457373648721366
1.0620203872067338,1.3986680246972998,1.4191287843610836,1.1928916613415892,1.343818684549218,3.8896334693477748,0.3275776849638328,-0.14516981359962833,Feynman33,None,-0.34766008301646323
1.4338040519895876,1.4192561891332436,1.890758520809674,1.8985597308465008,1.4631252970573927,4.242904745493226,2.0007699760691113,3.8491085776230944,Feynman33,None,1.8454351377864187
1.773919617419093,1.0329457694687716,1.455321128486161,1.638212096784413,1.8918409363357631,3.0434579429625392,17.300291123232462,16.893019538287568,Feynman33,None,15.711787022252263
1.2692037958243974,1.964747455137723,1.4146242095732577,1.6510992885969493,1.2794377534716053,3.1813982214598617,2.121272321544194,0.3508430520142167,Feynman33,None,2.6166372079721016
1.1582214420707233,1.6199734577384732,1.5011514020208636,1.681493075798143,1.6404591500214596,4.815286875332269,0.8632880859285805,-1.7255342950005494,Feynman33,None,0.6078535008067255
1.9661976122980194,1.5871140014135794,1.4353007585012543,1.0831551713925212,1.0653492784110963,3.3060376014905293,0.4241873899935035,1.6529702581580688,Feynman33,None,0.7295936103961684
1.7205137175576608,1.5445038153930937,1.5855959560368955,1.6575878335397554,1.508510300004641,4.745408094209909,0.971638288596473,2.960492916987854,Feynman33,None,0.7964433376150382
1.8510427832317982,1.608181806388631,1.479129015055523,1.6191471388710315,1.4506597506879149,3.9748590668976655,1.6887189045730602,2.417982431358819,Feynman33,None,1.445407770814743
1.85777666727556,1.1605721007043686,1.7131715448310374,1.7921553594583712,1.168105056456072,4.765589589578672,0.3478456791196844,0.9920268748859262,Feynman33,None,0.36618463516688715
1.4557454611062186,1.5028468017458305,1.88097814246855,1.2946188013135844,1.4627455955283202,3.7897399416953412,1.6653092434044878,2.6985526567637286,Feynman33,None,1.6608747616775066
1.664357078820542,1.35019652160454,1.5483373879899052,1.4466352260819724,1.5076586210239293,4.654087251405748,0.6491575331282589,3.6597807160826656,Feynman33,None,0.29939092560088026
1.7278514184898324,1.887509691933343,1.4859979688001186,1.7917553864919018,1.635790406271199,4.533902442931294,2.1688587101501633,1.3483485347303374,Feynman33,None,2.0917658248338697
1.727463932187872,1.4639305116081234,1.7049607515421938,1.4569457012443476,1.6522452940203145,3.5305929436100616,5.139778452058923,4.790767016968029,Feynman33,None,5.40043375112002
1.5019864785712773,1.6274739225679298,1.5302486629483738,1.8448297806912015,1.8521361850960332,3.9313687124596592,6.640619853907084,9.560090423641368,Feynman33,None,7.056057026164512
1.5757859193256722,1.4271285254963084,1.9328756065270698,1.7765434368560018,1.870607373599095,4.073364278963815,7.933272076489087,6.1662488523080885,Feynman33,None,8.690079423841949
1.618924376116016,1.5813346395844434,1.9302450124005435,1.8900298447387396,1.5512387165197623,3.447710849288736,9.195286361284417,6.325698634120889,Feynman33,None,9.705455622351804
1.0462639405379726,1.1888154876460786,1.2398798254980081,1.7124310988862872,1.6992414667995468,4.3940863952238045,0.7262287864309279,-1.0770878917304385,Feynman33,None,0.34653119426941514
1.255172345790734,1.2782578706064218,1.794887222233164,1.5105634798560295,1.4002125901102829,4.677597122428133,0.4786186929468518,-0.8580945994617571,Feynman33,None,0.20832164681365004
1.5582697054156753,1.1012583969626277,1.23344148871208,1.7774289676180115,1.0556001148504077,4.245466129629868,0.15002666371215004,2.294941461823584,Feynman33,None,-0.178661142328484
1.1183554785103453,1.698519614137732,1.8633317310872335,1.16751976945385,1.1057382225350878,4.877604611004931,0.1105240534466138,-2.5802060992850837,Feynman33,None,-0.08171347981946635
1.138564347682264,1.3058769607624454,1.5622707225322543,1.8307033864098652,1.854245851073483,3.4922885415441804,7.8518339975353495,8.166546978943558,Feynman33,None,8.953905194726994
1.0198673689753477,1.357432976277748,1.550268057882494,1.202467272281351,1.0082980408509647,4.41069312400285,0.061271731315324325,-0.9000290921908662,Feynman33,None,-1.3875412944533878
1.0468759932954832,1.3440774365215917,1.7446971227939274,1.2824430587386253,1.7047024972662541,4.052808542047238,1.3633703048460266,1.7048069013345513,Feynman33,None,1.2777834535209904
1.6473120960455288,1.2902115674830847,1.2134579741382492,1.343376839532516,1.3645875629970272,4.39901858290664,0.26818416162148473,1.601897137041706,Feynman33,None,-0.3771984031526099
1.8529258713853083,1.0716518646510267,1.7991519111950192,1.916431357543484,1.082943476208965,4.30153565305527,0.4528208787748545,2.2266544512028212,Feynman33,None,0.631600315586279
1.6468979412613924,1.8562810001708931,1.391794552259016,1.854889069875028,1.5411079172868773,3.6145788171431015,4.212582689398927,5.631909228982147,Feynman33,None,4.472596714607639
1.670467611533783,1.5037039485227754,1.508355653735107,1.6432309219612966,1.0051330624591095,4.052188350107873,0.2778344995865705,1.5947370226635182,Feynman33,None,0.3429417894180041
1.0541278804818504,1.809239304656189,1.050747757591883,1.4225235241704022,1.9814010332643353,4.798643978737041,0.7539969120860492,-0.6828038017133726,Feynman33,None,0.8244079103637736
1.769155860091303,1.512596088729754,1.214257364305018,1.6876191904001665,1.9487597936392018,4.118023847976569,3.9195794277753486,4.154769023247523,Feynman33,None,4.779648992302428
1.8114686346193185,1.1387560149945382,1.870139782026086,1.3234505040662619,1.2193678838920397,3.105500859177379,1.7585802322117827,2.7871376016549347,Feynman33,None,2.698525621108462
1.3546150046560932,1.2625201636798344,1.6053136919528188,1.1742905422217642,1.720080195479638,3.9150856129430665,1.4565451479500298,1.4505944227433716,Feynman33,None,1.3232392010842835
1.346300590240675,1.1282352276645362,1.193596093356108,1.76769567552817,1.7665787304759788,3.032757330020834,7.470330327705307,5.886461717109571,Feynman33,None,8.524402616410928
1.60087508297048,1.7653172571282432,1.9673014743760628,1.7440591667559708,1.5776745678978203,4.963006604569683,1.7609794236124816,3.2192793083032774,Feynman33,None,2.1212574295607705
1.36873659894878,1.0512953632297952,1.5148447937133431,1.902092226424641,1.5860955496978815,3.929695485536135,1.89525424972304,0.14888337162533305,Feynman33,None,1.8776816707226396
1.5651935751938246,1.4398867733389218,1.2665979365073934,1.1654082814176663,1.9073237754358228,4.967118275496359,0.6152576465865489,0.02618610525512266,Feynman33,None,0.506187835053355
1.962914498022546,1.321343719110132,1.5656324342379864,1.19156360077947,1.9814776223308068,4.6025348611878325,1.957231780146599,1.0659237894731952,Feynman33,None,2.3096150426001714
1.7706260301305128,1.358788444838905,1.929237214288297,1.9428838455242778,1.0427368777020338,4.627892931301279,0.404997596569779,0.3341847730923279,Feynman33,None,0.707846933619427
1.230300193152508,1.9830470222052243,1.0087383717320095,1.1508139158036044,1.947849315838872,3.899111195449169,1.523105523569814,-0.549256341424716,Feynman33,None,2.046141898392881
1.4594776441016684,1.7825495640088351,1.7492252209508778,1.9242076146679339,1.9114378486162664,4.6470337077953845,5.11981844356071,3.766277627010881,Feynman33,None,5.722729202276495
1.9367894004343384,1.1382801789243544,1.2858669080285479,1.3070004348723143,1.3606631193508651,3.6575051915738634,0.672997457273227,0.12221524666872585,Feynman33,None,0.4039381192480407
1.111201541291659,1.7743340048577207,1.6504259276296067,1.6208261884945414,1.9567375441440824,4.632960004539163,2.7857151831263636,4.392328202431701,Feynman33,None,3.06233736458001
1.7703405308944102,1.3363102006458392,1.8534600144863047,1.5745754022443736,1.167361297871976,3.537674757653575,1.260171807575333,2.2110470403039875,Feynman33,None,1.7081201981421539
1.1757200748506844,1.9922270680522076,1.3567473894075994,1.581492608865824,1.2067325907242326,4.849224737427667,0.19685434684843783,0.9710502003065463,Feynman33,None,-0.15018962589463591
1.1900199208529751,1.6928166511790788,1.7549947060980091,1.9375023879989222,1.0666763882610824,3.3422534464067675,1.2547873635132032,3.3818750558351125,Feynman33,None,2.143524825346174
1.0900398984279507,1.7915737439508435,1.7201500694437755,1.5377207574735174,1.9694956213167683,4.211795450858098,4.482575804731014,7.23256692969694,Feynman33,None,5.258221128037225
1.786049522873685,1.588507068092717,1.6152913487445464,1.222094344377339,1.7566434359015821,4.517095961090841,1.4702913921609637,3.9509200700473808,Feynman33,None,1.3161884217218476
1.2184573651714021,1.7650005603157926,1.8675150365238637,1.9833477250642657,1.1405125222353223,3.5397395867481407,1.6583980047218059,-0.4467852675685904,Feynman33,None,2.4813806497491098
1.3481508946671341,1.386466004598288,1.0103517324436835,1.355071933209357,1.6193655346307747,3.054260646492158,2.2440758405123526,2.203680068047816,Feynman33,None,2.8777835751191665
1.9979325893233688,1.2863446047767786,1.9489260755053572,1.3824079469953905,1.6022536585715514,3.929585788235915,3.1071281757581755,1.0012500460014384,Feynman33,None,3.632958812916515
1.703928314596705,1.7702865026656704,1.5785754909742318,1.239241286361357,1.1119269941396666,3.004971323351763,1.2169400720569175,-0.5199503278325908,Feynman33,None,2.092445088130275
1.078349471716539,1.7527336520535444,1.032158817121502,1.4678906607468427,1.4130397633173466,3.61602001629596,0.5902924939240505,-1.769341104423932,Feynman33,None,0.41811122217119856
1.04094428524406,1.0287230017478253,1.132091371567182,1.617710111394794,1.5726145516709615,3.4348714783571266,1.0581552142493817,-0.30552239724449826,Feynman33,None,1.0671413623449781
1.572411682330558,1.8663487656464013,1.657747056890261,1.3175431579620813,1.4491413300066407,4.600967657120065,0.7112232143082502,1.3022749238023172,Feynman33,None,0.5212449441507896
1.607136838769391,1.3042481818295153,1.401123344492412,1.8883486304165202,1.7437691515204832,4.7455213743803135,1.4977200460240323,1.6061781140852789,Feynman33,None,1.348236139659413
1.3235872963681434,1.6536432613161394,1.125957573129699,1.1302653422468745,1.7291297422331224,3.5582131980230893,1.4192412340586131,1.22909635807531,Feynman33,None,1.4685150160432359
1.342165238809773,1.1756547457989999,1.706548613862862,1.8085042653234171,1.0267916492978668,4.339695736091435,0.22140231716221775,1.7139149945256955,Feynman33,None,0.19269688383341393
1.9085507924192122,1.9401148432902546,1.4638719775239237,1.08332754306316,1.712580654484364,4.134761908824582,1.6727048558523308,-0.6035952901784358,Feynman33,None,1.776266563591756
1.6332746865248238,1.079873091202595,1.502502919154999,1.201113611047342,1.4520051338009954,3.079235976372842,1.9672489165681883,3.256182016510025,Feynman33,None,2.382786184980851
1.056521092675919,1.738380772558632,1.2691485839609693,1.185680944985283,1.1436650126082148,4.78169263994519,0.06413668772869217,-1.1992497459215354,Feynman33,None,-1.6052086849310963
1.1858114377039954,1.0891470358047275,1.2817000701328003,1.8234370675941483,1.8880724311563402,4.450454918903176,1.4234921737509256,1.6965260558198356,Feynman33,None,1.4671965070413588
1.0429624931634875,1.4614981675331804,1.721152922153851,1.6246116709265452,1.1040509777731276,3.0983137790912263,1.0560825542451673,-1.2113448752699612,Feynman33,None,1.626336391878107
1.6241586775852863,1.308638809882607,1.3861304380728723,1.7856287981728394,1.8541937403789306,4.564443116532735,2.130314633486776,1.9918567359388195,Feynman33,None,2.1008803752437912
1.5633483332967826,1.6265077140966284,1.0779910457080286,1.9161747391138524,1.4287883894101245,4.498520632335126,0.5720797006674816,1.9240938797434841,Feynman33,None,0.5037255712972495
1.7720886489440941,1.6525959951774736,1.7818805840164866,1.8976952046586553,1.2572212081954572,4.773583289045838,0.7792197984118395,0.85443759005734,Feynman33,None,0.9692190742906949
1.6167667436216142,1.10137438070071,1.6233226212170484,1.8623450492764277,1.7545019085881797,3.800633981507527,4.99988027764753,4.143439678028416,Feynman33,None,5.622637590706343
1.3638036370311508,1.0633796007229948,1.6582620970389663,1.9178160284227825,1.8426832266483744,4.668929271875228,2.0914848049883807,2.8999666559287607,Feynman33,None,2.097638287613535
1.3520495132295705,1.9891369748200096,1.8920571074974781,1.3890350543218144,1.853874504008204,4.042613197798254,5.518073613477358,7.254805623248153,Feynman33,None,6.280368739544159
1.899521287795467,1.3012478441847048,1.0765323092026584,1.5301675403906552,1.3680967962670625,3.05632616766508,1.7640708715006268,2.12030715771622,Feynman33,None,2.4638270304450747
1.6751843260529593,1.564160331543924,1.4064939440092403,1.6607456238728981,1.7522966543093226,4.890143931112237,1.2996488003671935,1.2015717679839388,Feynman33,None,1.1683903179384325
1.6418210636586874,1.2915579785078823,1.6482903735558234,1.9579250716550518,1.8768560194479202,3.9562265671733687,7.802822394295322,7.35756939040077,Feynman33,None,8.737894980871364
1.7537212644997615,1.3034402565805379,1.8034892043158137,1.4674787533444722,1.6165192731828704,4.181585365014553,2.0704529993093805,0.5306562551017124,Feynman33,None,1.894956502850384
1.5402220415809385,1.9859908863011484,1.6995445049396327,1.9397226520171589,1.5958429302707438,4.734416687693869,2.287949356088624,1.5390908244835915,Feynman33,None,2.453419542147722
1.4940655869549113,1.7747914432861147,1.9205379783036087,1.2176157029455297,1.247669910166496,3.4557095935086677,1.3646990543179836,0.49270855735626207,Feynman33,None,1.820821441421398
1.5921161778622246,1.324104156709224,1.91047154336183,1.9086512626013286,1.8978533407689047,3.9105331955189344,11.145768106861857,10.595044966915934,Feynman33,None,12.201724171788808
1.1360877433294814,1.6014408803387028,1.2115877981640306,1.193307572996769,1.942332145967125,4.835908479429774,0.5894081134501642,-1.0463582687767614,Feynman33,None,0.5295309856266579
1.484750218754559,1.6803649702227068,1.1236504575472446,1.4747855396387983,1.1264033359788637,3.3985182922275126,0.4370778739276838,2.056626128924589,Feynman33,None,0.4901607834727954
1.2762527340657144,1.5191374868943286,1.1439678721498443,1.78623244673995,1.5480163644719598,3.789081581518788,1.3611589159631152,1.9720313707745216,Feynman33,None,1.4130599125159773
1.808068578158599,1.7881430297357452,1.3712264792190854,1.6102972872306456,1.4163042220594,3.6762402501847253,2.00585952081493,1.6061339767878202,Feynman33,None,1.996278423745092
1.472153018938266,1.2673889321805925,1.6024123786462559,1.3801795926684257,1.663188299510166,4.7229503582246055,0.7660990886906364,0.035095948662868026,Feynman33,None,0.3780727440361904
1.2972238947392252,1.871685336245481,1.485517626810256,1.2120014454505688,1.846820927917907,4.767430165954896,1.0277539760245546,-0.45154810992333894,Feynman33,None,0.8997286272382238
1.536047875407926,1.123822854001115,1.2971623297783839,1.4944728541879444,1.1922883943167126,3.5345654793572785,0.4479817401084551,0.2751317572147077,Feynman33,None,0.19707669661311472
1.363934363227401,1.5995454476922464,1.3169467901116996,1.6804512601085166,1.8964147975513144,4.746075231509538,1.6156684955458307,0.6345622493412819,Feynman33,None,1.5240008464526953
1.686313220789048,1.7872625846345442,1.683180153430957,1.5638798934466436,1.001488866281229,4.134862370489231,0.33973004263458834,0.6982356613841281,Feynman33,None,0.611863830173489
1.536216757219743,1.649531920365606,1.704973791869611,1.909962570869201,1.4691910923488862,3.917478620900059,3.015328070996741,4.98056270494826,Feynman33,None,2.9401981803253405
1.2250769100916648,1.603272761168723,1.6069359705323056,1.4699678130622984,1.4973147557207414,4.780877487854949,0.5429561236245015,1.5398867310099014,Feynman33,None,0.22678965438266627
1.1972691568665863,1.8241716492530715,1.3473079504817345,1.585458943230418,1.0157216400837168,3.848070979806974,0.2341234620554025,-0.3179997993339767,Feynman33,None,0.16266278673046716
1.0174783115519386,1.3090026702556767,1.775093887494911,1.8690798970342828,1.9573422838820087,4.477639317098303,3.427060169424801,5.566934344465878,Feynman33,None,4.174732046684662
1.9279203965547866,1.1453299064045477,1.512748194176336,1.4716833530046278,1.02686224129703,3.5224852886022853,0.39542387175129057,1.185585072905733,Feynman33,None,0.5724508199004331
1.4063237368251538,1.6026139234893073,1.2742433190525868,1.8073919411323716,1.0944209476313613,4.783512961167294,0.15277822402225208,-0.9899715453149941,Feynman33,None,-0.03354864214795518
1.7878524212045588,1.6097337929348416,1.996668435029879,1.397295329582115,1.1522465673119067,4.420654523767047,0.49855050494496095,0.7764652640712035,Feynman33,None,0.7713027947254347
1.0685773517037596,1.883284442738403,1.6189428296365063,1.383616206589783,1.8267716503924374,4.489834052422365,1.664606666422973,4.757652133080414,Feynman33,None,1.620147657831899
1.471105653853619,1.1355371056194994,1.3468987629336113,1.803734865828046,1.1470557742435399,4.203137642491923,0.267435047173629,1.3567648023119823,Feynman33,None,0.022018140855022277
1.7595129050419445,1.393061389344557,1.5508542772082246,1.5317072719213476,1.1024804478583186,3.4058957965506096,0.7936766802733237,1.8187569218883353,Feynman33,None,1.0849767222392732
1.3579852710306264,1.5680398372255704,1.7650475721091676,1.6124706098366501,1.915668007875051,4.312167252569564,4.3680677647016415,4.855552710966946,Feynman33,None,4.697127010146124
1.607735530738503,1.3815012206421784,1.2443868287248048,1.2358992827255662,1.2552150424766988,4.321812853026525,0.18676037115135283,0.8069540374495436,Feynman33,None,-0.5188565844486591
1.1943439709407349,1.324049278475052,1.255817970624943,1.4802643453262192,1.1273293748920894,4.523017172626694,0.10042728930996556,-0.1001576199706147,Feynman33,None,-1.1327026169463497
1.4709928261288043,1.5836357965914472,1.148390758430776,1.8107380075148538,1.3234670336451686,4.747004165333855,0.29971101703303854,-0.6864844467521418,Feynman33,None,0.12904837254506668
1.5227775245395172,1.2561906557862426,1.0095606742983105,1.9127948739568665,1.6975768973627314,4.1643005591322115,1.1868221130559669,-0.3243361774460447,Feynman33,None,1.4564722181197352
1.6123050634226936,1.3337716429437538,1.3183686867156905,1.1992061777657468,1.775545009361298,4.061207403560437,1.2572997082074078,0.888238097911628,Feynman33,None,1.0252225164795234
1.4959111419235809,1.718395526059501,1.9468493808258223,1.8415710937589134,1.4089583005241204,4.4602354663495065,1.7007151152968205,3.8400914997742337,Feynman33,None,1.6609431212167054
1.6440860138234947,1.5736143627839754,1.6367014196120433,1.3328634618996729,1.0285169022742204,3.694936353732724,0.36382392073692565,1.7691367415561174,Feynman33,None,0.5033048165629253
1.8069561028125365,1.6365245466494254,1.7744818298555964,1.1916286290556624,1.198264157346411,4.68461630990657,0.2714384881589305,0.8663892587056705,Feynman33,None,0.24970648476955726
1.4227395552682647,1.8784265920796017,1.6472140951861722,1.3325894011705994,1.971972225569365,3.199047961098194,20.258581102678345,21.388796856248888,Feynman33,None,17.465324170970362
1.4855193432942426,1.953420658078349,1.2379703372719253,1.8099773059835114,1.2663044341169698,4.525700190163474,0.44030128468186236,-0.1682884192731391,Feynman33,None,0.3593665529930183
1.1479129845931577,1.8965919006738168,1.5491593971522835,1.509859271485681,1.0708328004703196,3.627864448457923,0.45446050910027647,-0.3013951398896574,Feynman33,None,0.5425915196539931
1.8371608857621147,1.1885054733774987,1.8050281862449873,1.7271224463053998,1.114491696101291,4.708901930137486,0.3130047936759603,1.2451013640547839,Feynman33,None,0.38026298613448484
1.0064495439925591,1.6983600116278401,1.5583817881285014,1.9353622370503953,1.7896296476008948,3.1042306451657873,16.141513004934342,14.86352595440024,Feynman33,None,15.390670663671195
1.6208736859028916,1.2550890157108987,1.7570196883262117,1.0061155444492176,1.5356983657291372,4.1225631272627385,0.6913078585229091,3.6717064801358887,Feynman33,None,0.5276845871962836
1.720917455968252,1.7100508977814612,1.4023315492370136,1.5779069545165294,1.0945667138692916,3.3847706434426703,0.8232182100084626,-0.9498438653183943,Feynman33,None,1.2116719310740773
1.9274738198036836,1.398010632554262,1.84675280038044,1.5503859207630373,1.107889283527653,3.364310253130455,1.368949990629195,1.6371224409480636,Feynman33,None,2.404148719329091
1.5805436229093315,1.0629346402254476,1.1619240465099763,1.284332218863423,1.7140147414815896,3.060466940508765,3.272922783809718,5.11942935695746,Feynman33,None,3.9187829403422483
1.5244013929793014,1.3856431494839994,1.531656004243818,1.3616187182955217,1.6808721880072097,3.1337015963668646,6.278655780655838,6.73857680178111,Feynman33,None,6.5010711089503985
1.778271560636199,1.6016418600567655,1.4791628649500232,1.0422507432732528,1.6942669189566961,3.340061917450763,3.4034643775833398,2.657460990222906,Feynman33,None,4.175194070413546
1.5125860768622097,1.2032464747950604,1.2733973078732796,1.6135484710930703,1.4534020030207795,4.47048448253314,0.44958352572063803,-0.7480469649067409,Feynman33,None,-0.05429647647661933
1.4435807453312655,1.6408964554301688,1.2720582549456179,1.5952562632945586,1.6756897829792878,3.526211004834646,3.4765461747976145,3.915235261140345,Feynman33,None,3.687222310400908
1.1789805241813176,1.7894598820040684,1.8940695045060107,1.4976877727692066,1.9095387909253843,4.7565666845832375,2.6250509241234194,3.784946392189255,Feynman33,None,2.905539592664651
1.777055852935151,1.7518829812578196,1.876533550616659,1.338096331713319,1.5963006701250513,3.2631415416263985,8.137291360576961,9.816387411890803,Feynman33,None,8.977995740697105
1.1057424304537302,1.2994872298357856,1.354786919908221,1.7538257479933013,1.5614196380220053,4.167054756812615,0.9065731909070045,2.857044198302119,Feynman33,None,0.6023919456513797
1.1376497035461863,1.780213775419941,1.5471855119649576,1.231012203012447,1.4310836638324926,4.296511376395321,0.4791984395868308,-0.32097870935722356,Feynman33,None,0.07170771653634843
1.8976288782063726,1.627421482710083,1.1394663214324594,1.692219274441398,1.103136398476955,3.1190086291335675,0.9831974788033314,2.9544326813486945,Feynman33,None,1.735436642268732
1.810357902827882,1.0580092424306216,1.6387828370975654,1.3337412490840816,1.6477963394479147,4.485441903608954,0.932924846764947,0.3623105179112508,Feynman33,None,0.5847699249553914
1.7613039945247344,1.489329983530053,1.1825049207232254,1.1012982559234374,1.8268041189115798,4.285505308482686,0.9189152117667782,-0.14670335921663324,Feynman33,None,0.7643769163747364
1.7604763469194304,1.3065821612704906,1.4703277089163937,1.6505981417458637,1.353221580442964,3.711512378694798,1.3339335249418598,-2.1344520846427244,Feynman33,None,1.1578011244787578
1.1595129350827946,1.0510203259012092,1.6641741580688683,1.9405685707413516,1.4300813591207122,4.945204856488678,0.44339755075904075,0.4581506319054839,Feynman33,None,0.27057062747467653
1.3519018523332664,1.8878204394257563,1.1276606461781724,1.255819406658349,1.1785156304643525,3.364733744729137,0.41920547389938784,-2.4699859448537915,Feynman33,None,0.44226211436409885
1.6055995536305536,1.5812831408393055,1.5240536493224228,1.3475386065237915,1.6182610559561663,4.344740693506155,1.1638000526235606,2.60634567370402,Feynman33,None,0.7731590923307737
1.6173590545305176,1.8744192929475503,1.4394570651987348,1.46603376814136,1.370965358956553,3.408997066475515,2.1051462134509498,1.43552370254107,Feynman33,None,2.2326327935691763
1.1678539013001474,1.2990776255460794,1.4214872580851048,1.8767188620313853,1.282205662172853,3.802147099311009,0.7446893166712463,2.479650171277938,Feynman33,None,0.6692100761698949
1.9703118106825759,1.4591696781975565,1.6692964085036746,1.6359698915667533,1.577476635795549,3.820721324904893,3.7926933469260495,4.809758989202052,Feynman33,None,3.9434355820967664
1.9156340421317026,1.8336648853824071,1.7568072293220123,1.6256384381040947,1.901349990316322,3.1889386469304197,36.51122698817388,38.61730763369657,Feynman33,None,26.933073649360153
1.3217315751839238,1.7189436329107048,1.5573120568562846,1.9159026999131337,1.6375249550612938,3.471899595247891,6.934630943189786,6.287242124001691,Feynman33,None,7.274941542797193
1.3432766214904732,1.7496990015052232,1.1151435673204402,1.4187181842059307,1.7309299944840193,3.3068368773708494,3.5095547737796076,3.645494391483039,Feynman33,None,4.117994157454942
1.2313204523298795,1.1292016152916058,1.2627571654364527,1.117964774823415,1.176643551777358,3.457550965933022,0.19913287349518147,-3.3973519529988514,Feynman33,None,-0.405421994137392
1.7932568898778198,1.02585711439623,1.6540147888590109,1.3070173252265342,1.0790109095442038,4.064066233224523,0.2071151913403765,-0.03224037967905871,Feynman33,None,-0.053398697920259905
1.6654633440421034,1.4094063274976745,1.2192115368659735,1.4992015595522483,1.6370115148919506,4.4533126444711755,0.8018737995264886,-0.5984116769352867,Feynman33,None,0.42558015444585084
1.5905572668926347,1.001506782898688,1.8042506743470423,1.44817997663238,1.6539155838220365,4.746237471860279,0.8702296817815521,2.579562053989496,Feynman33,None,0.5796921920744197
1.4500719916448261,1.0977940067894223,1.9319249033755994,1.774102214745295,1.499491385558649,3.871955622880103,2.4385448454675607,0.3786107398977454,Feynman33,None,2.5419296388340977
1.7440132273839994,1.9094976136845,1.3803820801378155,1.340883282551823,1.5530768397295445,3.9074022895921394,1.6823461453164144,2.137884316172265,Feynman33,None,1.486233293305327
1.049100778872426,1.7675616025274716,1.5153144473510167,1.73633330567537,1.1551935673579288,4.275386436961759,0.3335153536985301,2.020970652656836,Feynman33,None,0.2084520749271483
1.815775647571561,1.5113713472683603,1.6241019396623586,1.5892031727105156,1.3345916794002797,3.737801589175834,1.6349022898924492,2.4140329143339354,Feynman33,None,1.5780359054276043
1.6251510857770575,1.0146094150593483,1.7151109376546074,1.2555874319506743,1.9438961836185245,3.8764422396527634,3.6148949474911345,4.70260991381619,Feynman33,None,4.706990572054592
1.6373714849681604,1.643354311180066,1.769855540214393,1.3234983540386838,1.0194829008571622,4.005030980762611,0.2968745954627951,0.43951692246519114,Feynman33,None,0.4537071807729299
1.2870024649592633,1.4069637526251935,1.973167897041757,1.5823368143918157,1.156747506976668,3.3659321678481797,1.3260974368110192,-1.1374662150558432,Feynman33,None,1.8573928973411702
1.775808088731659,1.742971558927021,1.7558060809866156,1.517050426523241,1.3190258827095942,3.433009562217638,2.759171774346609,-0.12532532197281077,Feynman33,None,3.3280986029103286
1.6481743047701012,1.8148515664514393,1.3659976143298922,1.0699190952008488,1.778937372982954,4.896539759783211,0.6188297426159006,-1.5312896290834948,Feynman33,None,0.4521891805322217
1.594023180365999,1.1476965162308295,1.5367770541264132,1.5146617474183246,1.202154365644018,4.836478222608984,0.1800444937584776,-0.24218431897921822,Feynman33,None,-0.35745578777561376
1.6444554159201366,1.4879617571775845,1.9737821709487315,1.4509702484969922,1.1099233145174852,4.039077388502194,0.5608665016940163,1.9695911467128302,Feynman33,None,0.805609891610854
1.8333162260699116,1.5668756174840008,1.558858638236925,1.288056928743317,1.989744603999777,4.625747300237278,2.500445860262543,-1.0873710802763439,Feynman33,None,2.8817633489250043
1.5529426031099929,1.8019524640567028,1.180762016259333,1.7084100920872827,1.1317507396668078,4.887484330789517,0.1531183818247838,-0.7783795109011522,Feynman33,None,-0.10080517366017243
1.9317118777487483,1.1368307163940228,1.3822869501742652,1.034364698085686,1.9967093495110597,3.2125031749932704,7.451881532236885,9.508652924208057,Feynman33,None,9.47726290373896
1.0227360524138258,1.5081028211873924,1.0612610921375403,1.963005234535138,1.5813144692680017,3.557173365187392,1.700830315736523,1.1816453409132686,Feynman33,None,2.6543682383601115
1.8549883397461775,1.9632323706037624,1.383371125018349,1.3688321389800349,1.1844430758882842,4.29289550794651,0.37137139236260736,1.1802097474295765,Feynman33,None,0.32691895647557573
1.6433674143007377,1.7537272613212251,1.067403214429941,1.3804740411019205,1.6476397221347687,3.1028688535698006,4.042079738181603,2.985309408937331,Feynman33,None,4.896573074254295
1.725384035072258,1.7444153852539166,1.482415488342336,1.3574058317223714,1.5218748066894145,3.722340238352184,2.056407730896627,0.4989440950476274,Feynman33,None,1.897277935194613
1.037262428722355,1.622515892522164,1.1599101427285752,1.664445031790366,1.232387384245723,4.336817618638687,0.20276480765385377,-1.7028230030396283,Feynman33,None,-0.30797450242597085
1.8691796688372297,1.6792580911563,1.6506421617454448,1.1175230752381848,1.4924292313566903,4.361529213882751,0.7867927056905534,1.0711577191388422,Feynman33,None,0.5880524165968503
1.4692792834886799,1.1936290283235378,1.1582786079347303,1.8575015612864063,1.4161922803933895,4.283450404128645,0.5121613825566648,0.019205658839737794,Feynman33,None,0.30473046197533665
1.8290965366592724,1.6519796787817607,1.7909543383884607,1.0743723288610147,1.3723213900029227,4.49573404322807,0.4947488312185342,0.10970460995492365,Feynman33,None,0.42765686198056824
1.4371017051885073,1.1787651501425764,1.6868429886302891,1.3465050775058418,1.7049832438500911,3.7343515305722397,2.538843068855898,2.745135917015012,Feynman33,None,2.63984610969671
1.0835354642341837,1.8443461888119512,1.6216257300298162,1.4599747764324826,1.9093204044930714,4.82646798421173,1.6150565170224127,2.5014594972309827,Feynman33,None,1.6607255708786848
1.3791531846411451,1.2484461512577525,1.8233675597904795,1.443371107460936,1.0054007717136306,4.877507686630441,0.09836789746402806,0.18613327769329308,Feynman33,None,-0.1899825806194203
1.527285427418682,1.856067969976494,1.6288305651171213,1.1241171475648635,1.5655316712362475,3.52171835445123,2.4145618239362494,2.3288890809025653,Feynman33,None,2.688906718246208
1.0553082940443237,1.2932691030590306,1.3651786088818256,1.2272333364655506,1.7377565691495782,3.394010394521368,2.025621107399588,3.0572760686385676,Feynman33,None,2.2282406785540703
1.8665992449925848,1.998832632995915,1.0627440136578046,1.3710191812831134,1.4926710218805335,4.591249017336626,0.46347367277373785,1.511072952482059,Feynman33,None,0.3337666716200999
1.0585969978754268,1.1787988145263295,1.6571765474816456,1.7736188977517156,1.7737472592016454,4.839573360336765,1.0873012525678698,3.264301786891692,Feynman33,None,0.8123516464661986
1.7966819395154205,1.3872301057710126,1.7320952119500745,1.939065118151813,1.7420787485118845,4.199447007734348,5.088283510761861,4.922377575813423,Feynman33,None,5.436363310821777
1.4378246382442863,1.1940223036427757,1.1862728692674875,1.6708565859133953,1.928209400506307,3.409696213286266,6.245021505370877,8.814822778314568,Feynman33,None,7.702254896757934
1.068195472160848,1.34914335466632,1.0853521662822292,1.834245351478713,1.30499282481846,4.387463940780864,0.22536612208189707,1.5849793483891832,Feynman33,None,-0.11557722162315989
1.2832068924326099,1.9723133638523103,1.935305659313982,1.274385503220595,1.5216881121751116,3.919361550038397,2.031510802055279,2.0724038818819444,Feynman33,None,2.192781244103798
1.0958345101001534,1.5952891942886671,1.0848502360769956,1.6969869377878677,1.3972048193408204,3.4999226251918554,0.8920004693870358,-0.0906407790282674,Feynman33,None,1.008250542978459
1.7506548034707134,1.3855658570471963,1.0106134091715147,1.9901444080630921,1.684919928721294,3.609483449281438,3.1906128573113297,4.276845168219746,Feynman33,None,4.7062355376224545
1.0339302095285863,1.2381492038125972,1.435832579399944,1.0252593191075392,1.6387775813128993,4.389319262884726,0.30486742886055584,1.1124125198075339,Feynman33,None,-0.631298132744955
1.7185402652771566,1.7713537093208482,1.1062028066034828,1.123290623585097,1.7967823175799853,3.9097487176965933,1.4114311651081988,0.2858239051767455,Feynman33,None,1.52117590898367
1.9328862630756012,1.4084891644284687,1.9385946719603893,1.0499428215567272,1.0374097187907223,3.1549849048004575,0.6943093375722115,1.6940874176753642,Feynman33,None,1.6406082839368639
1.0238125698801785,1.0260058462320667,1.8669038879666942,1.2407141568211775,1.3341816010820562,3.1701241070296895,1.0937856368510153,0.3018790670605479,Feynman33,None,1.5548573695058512
1.3977559055388689,1.1598492405868197,1.790266869588846,1.1367493290010238,1.9886655619550746,4.090863268314065,2.6930629303739604,2.588356867683611,Feynman33,None,3.6453826045610183
1.471430847702854,1.867712708647325,1.8213371216400174,1.352018240806074,1.0817843354131325,4.249185180164054,0.3352961905959441,-2.0862470429859163,Feynman33,None,0.4446956272831575
1.333619487362692,1.432905574531305,1.537091523528642,1.4918853727473071,1.9863357370351538,3.2178717527028096,15.952019269717072,17.506385504843358,Feynman33,None,14.464475521659583
1.5282073627684993,1.4074838865022796,1.367726200307715,1.4037045753648534,1.53967118462411,3.1578708542817147,3.229761497629762,3.324130254251903,Feynman33,None,3.4802100317723847
1.4660068550420124,1.101757873260636,1.541325988952988,1.283492071579392,1.1966748511078487,4.920207569863834,0.10466951191654696,1.6312455807672501,Feynman33,None,-1.046839856882157
1.098745268859815,1.0030768160487893,1.2812251048712509,1.7931762852516324,1.0372843577364814,4.352932592161792,0.0883199063013208,-1.2215458479565937,Feynman33,None,-0.88699207373637
1.1534567780267724,1.0722506415459407,1.102703982486965,1.7419190969703742,1.4184155820475712,3.874396517103345,0.45787943233211026,-0.7566376146511327,Feynman33,None,0.08063404949296521
1.5907315181010675,1.5496567857437133,1.7876519713565975,1.810605644012702,1.7470537665717392,4.530656685391943,3.300218215752343,4.362799933751044,Feynman33,None,3.2950217339467094
1.584224198196525,1.3957468637536388,1.9160486423351402,1.1299917080528594,1.7949594240778293,3.6421428247065024,4.46826573669765,1.8744482789823929,Feynman33,None,5.7860549001631405
1.572240194188753,1.7683748240979056,1.293387124236394,1.609329045737634,1.1352947435915786,3.6860622557153526,0.5542207314345651,0.9092852303113197,Feynman33,None,0.5582348717882759
1.7350068331182475,1.173625750920737,1.8807521403729188,1.7020528456811244,1.5949130767357418,4.016775885105887,3.061896137284412,3.3186495633130115,Feynman33,None,3.142606602780612
1.335432364529986,1.7289496841572074,1.9680842197607813,1.7881611379590192,1.9996163790036148,3.882374316885243,15.615022864749298,13.473401204294046,Feynman33,None,16.31052377746022
1.878880913714204,1.707747340160663,1.504573490534769,1.5728491539408214,1.1892952951470785,4.331696714915309,0.50028062106865,1.642424558621678,Feynman33,None,0.4592827447905658
1.0524062309827686,1.2911649328866601,1.3043825433980043,1.5487192339997073,1.96404146944277,3.7105074921854455,3.51907659016829,2.934353858247725,Feynman33,None,4.527357833107983
1.7388017148562784,1.4994942720437736,1.4520107731568301,1.4168994548418676,1.229249732531677,3.8864325091574567,0.5712309564897624,0.2296130650875472,Feynman33,None,0.34900835594439195
1.9436721585695524,1.9705216799879088,1.2046646943453863,1.9393139060946156,1.2269289325987676,4.377778139691616,0.6362649250651533,1.5110308046657885,Feynman33,None,0.9035626587953416
1.9451615869341305,1.1674393776600698,1.9133271155938618,1.8619478456433556,1.589869947172497,4.1013873993431975,3.7752842840769607,1.4858652204641056,Feynman33,None,4.235286662627419
1.5609785506222171,1.3604007982558208,1.7662028666258647,1.626476286038378,1.9946992867205604,4.418547899391432,4.8091890866843885,3.5908482149333274,Feynman33,None,5.485272238334133
1.7959936509009324,1.0861698530163095,1.7223321385546715,1.219992583122663,1.6801310950416983,3.309559569656863,4.349047726372344,3.4137330809442217,Feynman33,None,5.383903511571314
1.7967399819736205,1.6458284449319946,1.7677465182173764,1.3347556686938657,1.4495897712660977,3.097542080485897,5.422730534471573,6.807189616279295,Feynman33,None,6.330793888402208
1.8072670374777577,1.9542540769365175,1.4629089974705631,1.927464502137794,1.6948417467164099,3.704113385239936,8.247441222388094,6.712141081005931,Feynman33,None,8.860790438826948
1.2672038068524192,1.7234776585137543,1.331714198966056,1.8112723376317676,1.5666774758277762,3.1320997248569853,5.926741621768837,5.717296482433596,Feynman33,None,6.4950850383636825
1.3531291732324615,1.973762732616751,1.3209285018364283,1.3200356556989608,1.8302838970784765,3.145335161364616,8.915526218009074,11.081635839203981,Feynman33,None,9.098892506483056
1.9244581484820875,1.8571686592757886,1.4707823749831461,1.587131174984902,1.003110048766413,4.830889373563638,0.16562987744638577,2.745434078200903,Feynman33,None,0.13597798968282476
1.3516472618166429,1.4175366749363159,1.4348450251069174,1.3825748616830695,1.731208825069773,3.6051264904167155,2.8371623189933253,3.189587453180218,Feynman33,None,2.904080338078086
1.3330254394202834,1.968667131695941,1.8600025818460115,1.411922465965449,1.5630823331212493,3.827977947453357,3.0355038565571233,2.3956831286442815,Feynman33,None,3.154743616385864
1.3193700340220822,1.2889953612632898,1.4490079812250398,1.9272769251348691,1.9742115514009764,4.990511791713209,1.9122922114408882,4.30315970582369,Feynman33,None,1.957171667700486
1.4152420601678894,1.1132344702185848,1.70005996339663,1.375468842239866,1.5802973127886997,4.648941151237095,0.6159256613149279,-1.693343785334409,Feynman33,None,0.16554520544967471
1.0332173141128007,1.9779813387662943,1.0540256999539328,1.4661122175892507,1.8791178038070553,4.216729901211277,1.2552846586388904,-1.405967630841478,Feynman33,None,1.4312004148382853
1.1486419299188917,1.5669369033743965,1.8615987285216409,1.9649973085378023,1.7307118323327186,4.3392596310164535,3.6103475005650707,3.797987745870839,Feynman33,None,3.867812390011027
1.1028670022071247,1.1561188742281847,1.7574368169760688,1.1076552228128773,1.7729353942848312,4.200695949393974,0.9507492424924608,0.8872199562929828,Feynman33,None,0.8498017105642373
1.7450400171605465,1.1231604084310995,1.0543002474941225,1.116270100554832,1.8390353516465026,4.943865258494025,0.2932626573656544,-1.5132453908075316,Feynman33,None,-0.03960642310506193
1.5354233846737673,1.8951331319058764,1.7214674105763703,1.018597786508996,1.7804654294292113,3.076458536742596,9.505298077491382,8.729287485552982,Feynman33,None,10.79296495996679
1.1097781723067108,1.2919942870527628,1.7900085913328994,1.9085684187974254,1.7117475209088373,3.2348325335400463,10.602579451305397,9.544810804380107,Feynman33,None,11.43765246955804
1.8993073128664082,1.1406426393478524,1.0840433300463757,1.1310312195017245,1.5968952956151943,3.029114637551145,2.0209217397465467,0.6940797464424677,Feynman33,None,2.771741940758503
1.2573611639288145,1.7366281069469882,1.1373650346183752,1.2270179156506393,1.3411404699515033,3.5530059794245137,0.4917934583007421,0.1264393832976261,Feynman33,None,0.23877525827248167
1.3844616528107796,1.7086048279083657,1.0469652732184027,1.0835883636242511,1.3806282234349614,3.4558647441246952,0.45995469103519987,0.5710176676567444,Feynman33,None,0.2923803273342783
1.6545802434490664,1.197766872223439,1.387325447244394,1.393693651405358,1.8129556026811189,3.4998995982616403,4.1737984720892385,3.856319961583059,Feynman33,None,4.707772097258505
1.6533323240355173,1.4902862175559273,1.9897442124900155,1.451388454409137,1.0178144259032553,4.899291499249002,0.17512250025084436,0.14235030304900573,Feynman33,None,0.3893381086069236
1.402814178883013,1.7892349755750998,1.9358066760139088,1.167029487156476,1.2266340371563773,4.703909666389039,0.2856515281719259,-1.0291736688512347,Feynman33,None,0.40627146505055023
1.6153602149415938,1.1269581021889887,1.4742769088433723,1.4199061548429595,1.099673370991308,4.2811394126040865,0.1667430183739375,0.0756713956176728,Feynman33,None,-0.38880036155133585
1.2820871419272644,1.9572177629877447,1.642531184369217,1.2943276371606562,1.1121369556096237,4.806859608843968,0.1519617288139033,0.19316586649275636,Feynman33,None,-0.13959081691045894
1.9503522743727777,1.3390944761737118,1.4043388889136463,1.282116146106258,1.9991907466812715,4.2972336203035315,2.705977424552255,2.409347303611454,Feynman33,None,3.3341500157590978
1.1878743069087112,1.0247485823802327,1.9883718773904326,1.1544948326054445,1.215171742188227,4.964307426314326,0.10915414222539735,2.4030114119147057,Feynman33,None,-0.19354314700298045
1.8507227764357015,1.1672611827691788,1.599387020430509,1.4098116370493519,1.7808167620223103,3.9864131191626284,2.859681602066057,2.53301804147791,Feynman33,None,3.028015295519772
1.0300023371433085,1.7478128451154058,1.025229089550808,1.1533906370647355,1.4957775132064808,4.078944726570198,0.25452645162389476,0.2613497648617593,Feynman33,None,-0.5303470393666498
1.810944301686263,1.0937891413694594,1.6924238730848218,1.9393145467998014,1.3862300578102302,3.024840969612087,6.31747547822606,7.1173437558571155,Feynman33,None,7.827045988760201
1.0651858148055076,1.0966595377426256,1.793492892067924,1.6572647651205084,1.3375545386376115,4.916204208301103,0.27624491804718526,1.8991207409754098,Feynman33,None,-0.12798155156224994
1.0233616773105934,1.3936277575075104,1.140293878251036,1.862822377663874,1.860135875763218,4.268493515502635,1.4813272828689066,2.7586386047090445,Feynman33,None,1.9058842834053906
1.425102005274638,1.3756822868964544,1.7122985356476854,1.1535429947538594,1.7952750309756076,4.072729008438791,1.8634733408398845,1.4513935265449915,Feynman33,None,1.9482215700658472
1.0454169491430436,1.9372079600903158,1.7090852401242531,1.3416734725796284,1.264522402077148,4.180366088853192,0.4524547562334068,2.6641506514621947,Feynman33,None,0.28541506635954894
1.601775214445023,1.2258423509115777,1.1193825118464713,1.3630401288466667,1.2991953940678092,3.8405711477391065,0.31972195348673904,1.634697210177067,Feynman33,None,-0.18180569177505007
1.0331600658614288,1.2657310178149053,1.3081233800514533,1.1589033217339413,1.8690063163944153,3.451412149318995,2.1672310619170054,-1.1802820781057117,Feynman33,None,2.5840042093460998
1.7896857866907263,1.907253584296729,1.396790969658514,1.9703017818632156,1.9711638585095186,4.766126417920339,4.610739422283525,4.435687321587824,Feynman33,None,5.770898145152735
1.1225312726071857,1.500320682697292,1.9351620865543215,1.8330723674858782,1.7532587712696217,4.134065671862654,4.26938053313718,6.029034497732649,Feynman33,None,4.728703662749713
1.423046394262455,1.9496509303963419,1.5896228521851092,1.7785861388026591,1.1111835913162826,4.980007379602821,0.25502542473898654,-0.7431516944917302,Feynman33,None,0.2789845319597162
1.1470595078287433,1.3344891392368632,1.5256652373002277,1.4782836181504213,1.2337960044673797,4.657767663789056,0.18572723650956244,-0.7989120383608723,Feynman33,None,-0.5817316301445266
1.8151593511384376,1.7823692453272748,1.1540477406004697,1.9393922731757434,1.635734023624705,3.9930686644239852,2.7602990801369307,4.262337011891353,Feynman33,None,3.2012924181938303
1.7287777352008693,1.792843154865579,1.626997353533758,1.6163294171805103,1.1403882130974323,4.17422572302908,0.5840988039180534,1.4532654560260272,Feynman33,None,0.6625110262786527
1.8191907513828403,1.6794678583102693,1.4639901233858605,1.233170729916514,1.4403212246594448,4.704435901932557,0.44622966304742995,-0.36572055622229516,Feynman33,None,0.19339819939146877
1.947274864533183,1.3356142936310846,1.914781699599822,1.919536186808764,1.2085201691741,3.9306961601742447,1.604048455900006,2.4377898250570893,Feynman33,None,2.2131328909801646
1.7317108447336262,1.567196768843611,1.9281971567927703,1.2380127361566342,1.3603586113570991,4.345888478176737,0.7643816777488177,0.7718061604917322,Feynman33,None,0.756523805444036
1.9317000881767585,1.2170471914359144,1.420411004622897,1.9734125289610573,1.0026453312520327,4.404211453325749,0.23117524281789897,-1.659529024948623,Feynman33,None,0.4324595367458381
1.3524248862880097,1.4963467021649268,1.1138038203153269,1.5702933125923926,1.432742557797138,3.5903489349973414,0.9302485377222469,2.8561431838551945,Feynman33,None,0.8157020833561046
1.968476553482876,1.0305693261637634,1.7666891551938328,1.6737434362701507,1.5755329942039418,4.268960829828667,1.8475646369568401,1.5689834830368152,Feynman33,None,1.7692789941147837
1.938535259320051,1.725472130820361,1.0140131192450041,1.6701380455256984,1.1466633839703586,3.315003211496056,0.742261621732875,-0.9397996494659306,Feynman33,None,1.2370604195033201
1.302309373839536,1.8408080803675473,1.2881228986373543,1.0309624194435225,1.0967648367336917,4.431036816170823,0.07543253151654512,-2.124279113956653,Feynman33,None,-0.9124787123087807
1.5124005899139394,1.4833471780308192,1.4321692498609055,1.2168984495702335,1.7937997303465139,3.9567212614195553,1.9102733883855958,-0.04452991596539424,Feynman33,None,1.8343142528465817
1.0692624948868632,1.8423370864420603,1.0558483433889994,1.7980454486587436,1.3893203995013375,4.625794893044214,0.2923639457511586,1.4044280056698593,Feynman33,None,0.07705811470703704
1.6913302113758637,1.490200005853331,1.359449707606501,1.3708187368611917,1.88110885767344,3.8974012564316705,3.381931945564038,3.6793549497069207,Feynman33,None,3.733268439558714
1.003207790117375,1.211978182073322,1.5694898547031837,1.1944827972222214,1.019303996411613,3.629044204605342,0.13130285815175824,0.7822054735664962,Feynman33,None,-0.4810074957937258
1.538070626182813,1.8974569134150816,1.948802761225456,1.7725939640513166,1.1465650102534677,4.209168798889407,0.9370575287181205,1.419378549278084,Feynman33,None,1.3131755808701753
1.6937876872146513,1.7598933808745931,1.0501908575687628,1.8425876928052212,1.4843511555573121,4.618405033954187,0.6204523025007478,-0.5331007288914127,Feynman33,None,0.5191130727268967
1.700853473114166,1.1557773191952947,1.869029321889788,1.0232988472385274,1.697082136728738,4.689342338880476,0.6841700393599628,0.12214591751140369,Feynman33,None,0.5833640874159897
1.670119225484011,1.693814526083466,1.6025166069045964,1.7854757883962407,1.2187719381875426,3.1972251932985234,2.8041134361606987,1.5833857947876828,Feynman33,None,3.7931734081147677
1.0296076175896098,1.359579758642652,1.2339588923313536,1.2364399561981003,1.6401843109080443,4.431816450261646,0.34379779922395487,1.0029872710721013,Feynman33,None,-0.548728278504915
1.0987177039425813,1.609140976289738,1.2192262925033526,1.7428352564584473,1.2828119335455221,4.040873375838958,0.420019524554578,0.6777863431939805,Feynman33,None,0.19576002587173344
1.8231426279578864,1.744226429956984,1.303656453996037,1.6756827837108443,1.4394349828552808,4.84130927069631,0.5977664321976124,0.3430257912028083,Feynman33,None,0.5152463358241293
1.8797449048230184,1.4013756944230797,1.4483561453608864,1.1408106420715804,1.672023703073081,4.760136043749182,0.5967464727405403,-1.1734242640743133,Feynman33,None,0.31902610053158287
1.5738932646312027,1.8004848637443989,1.2246886832047423,1.787413121626921,1.9644658850971206,3.760955846298895,8.006967494756903,8.999665654443637,Feynman33,None,9.44526438277965
1.9762512238337053,1.6002551876049962,1.1309377926196427,1.2952409827112337,1.7791195149064771,4.369884145462856,1.1221571111832203,-2.316105741986272,Feynman33,None,1.0585938448706378
1.2644910090056056,1.1681154249300838,1.2833788709630012,1.64770380476587,1.9016121405512258,4.7776888007648015,0.9803541694319858,-1.4646186704014825,Feynman33,None,0.7337928427857763
1.7814462452668525,1.600705097679794,1.8581529237622778,1.4419366007401773,1.6723903727675955,3.4356989129863793,8.268085343607,8.98617484301196,Feynman33,None,8.79898821507709
1.5505932546730865,1.4385109592468197,1.6413724111721306,1.8398453669292754,1.5897940114090812,3.4164353602849857,6.508965214725188,7.6360307408661985,Feynman33,None,6.772271143132913
1.9101122707438472,1.926870698173442,1.8639125346235876,1.5512300134052863,1.1301933490718024,4.805757417846364,0.44175954900740105,2.205584320813253,Feynman33,None,0.8867628159343082
1.9515746226730597,1.8805077528185747,1.8133097760345478,1.4017030821560406,1.3763140167552697,4.41862036012798,1.1464949949875625,1.9864819025804077,Feynman33,None,1.350374892669884
1.831497056315384,1.8724532164574663,1.2582551453021198,1.0093114730279886,1.6722787335901874,3.545848451001737,1.8956549548039032,0.1971136869875838,Feynman33,None,2.310643770345342
1.185100833235672,1.7322773165522993,1.2298267147472766,1.9667069993255306,1.3787616844548332,3.622333441390355,1.4440265158578565,1.7585967904839808,Feynman33,None,1.7164881330981945
1.7811481332614356,1.5619611167292673,1.962900427477574,1.962440962784462,1.8616765805205397,3.1093371414499336,53.9986287831421,53.86930140145254,Feynman33,None,35.37540688554138
1.1686105493905834,1.307141667267519,1.343033797200739,1.9614724873019544,1.388471561734512,3.6456189060251187,1.2782196788523426,1.3076953373469231,Feynman33,None,1.4732818322238113
1.8080375710005518,1.6387796947154554,1.9564410587879744,1.3659691711303972,1.257796752592796,4.85975524213311,0.4569209783137153,-0.6680246904946867,Feynman33,None,0.6957710309859516
1.5668635023189006,1.5745424765639857,1.5998613006755416,1.4023049699431984,1.589878609357376,3.40962151756528,4.015192712666504,5.295996588313574,Feynman33,None,4.142507314507417
1.5104219087311916,1.3605092395384268,1.8272700248214404,1.193359835527719,1.483843163710246,4.06850424783364,0.9634478311080593,0.34380108733464254,Feynman33,None,0.7917469611431308
1.7293267082295911,1.345657796639978,1.171617894748857,1.2730104748979745,1.1535891228423099,3.4309992004472933,0.3522554190472598,3.201576368145523,Feynman33,None,0.2833247942810021
1.4937276144027085,1.894745966543324,1.7432332558835562,1.004389883912735,1.0390779021547116,3.6907711732998303,0.2693258078493171,-0.5260374723358916,Feynman33,None,0.39707129058695545
1.2938638473729143,1.4442981262173198,1.859696624296828,1.3499643163811101,1.3048766888402277,3.36986054928646,1.5349455592460064,1.064115563721539,Feynman33,None,1.8200229812233375
1.3749074488162378,1.1101330520091865,1.5638050895084774,1.150859791014673,1.2208325955795263,4.560163827261036,0.12343753780618134,0.5861382187853185,Feynman33,None,-1.0111219780886775
1.4357608418878156,1.555720338274433,1.4734814475472466,1.6652390516039302,1.8136342811274604,4.1209399247158265,3.2505304599251863,6.788041377177082,Feynman33,None,3.2310804049091906
1.2539977592725915,1.6661845734542187,1.2155219826091628,1.6389228981222874,1.1744237171296397,4.1989379301082135,0.2501767869020899,-1.12432252620328,Feynman33,None,-0.07692996064542192
1.6697709160842429,1.9095377926528934,1.167240003894522,1.7971554977657997,1.832399823419944,4.098771806411554,3.666933168376747,5.87049342273035,Feynman33,None,4.32313696144324
1.8927237520292768,1.5073787415595115,1.4970694909588795,1.5783777785159065,1.3399086202491075,4.746335299157232,0.5003892714902103,2.690860627686086,Feynman33,None,0.36918717817991636
1.8249354979208685,1.727581425166568,1.6022150122557492,1.306736963317514,1.2177040171773164,3.4629291564333915,1.1524724422789676,0.929438284766257,Feynman33,None,1.4321627787256848
1.9664640426998112,1.737449810704657,1.4817979709131621,1.1196968458956418,1.9715497255449035,4.394636977711399,2.5014963917818265,2.5953483620149367,Feynman33,None,3.1423783928543787
1.803708640885752,1.1187096401673595,1.0364310104296042,1.5315923252333383,1.792878699475002,4.313228117116189,0.9291650417079025,-1.7341922841614694,Feynman33,None,0.8438951189107983
1.7298777246322505,1.5373406022922347,1.1718860829041313,1.4090851916041423,1.6953494256803063,3.4370619339918176,3.1402226759395595,3.6555306798534257,Feynman33,None,3.578768698729064
1.1998171394085841,1.3817356331036148,1.9797889906717452,1.5245939611461314,1.3170566227965674,3.9689547129589977,0.9687746662503314,0.054107933763247074,Feynman33,None,0.9337779930587123
1.6084223783317175,1.8569870308759788,1.8074605704779039,1.1253586727507556,1.33092017252725,3.8372226430819114,0.9680309185169841,1.7669962734972948,Feynman33,None,1.009032880863272
1.2832031796155543,1.8077247520344093,1.5956270875566325,1.2277148459708789,1.5754642517747102,4.622697800255953,0.643978004442754,1.2082896199781974,Feynman33,None,0.3404176076627615
1.5554424535533702,1.8898431559237072,1.3883891540970095,1.4311113820117454,1.0746994725705359,3.8346199827580203,0.35322385416568425,0.9590995285916082,Feynman33,None,0.34931612180747434
1.657384691457303,1.0176358444802012,1.6722765575108922,1.9541158374353371,1.6042933012706704,4.709804580253138,1.2997726054137713,1.8480049734669877,Feynman33,None,1.1584357718123557
1.712605844732341,1.1762105757137453,1.4049220144249213,1.6381767559829363,1.3010453192394027,4.107130593734423,0.556062253308823,-1.137488954907604,Feynman33,None,0.20760110321080033
1.0588501812180198,1.221929752201462,1.4093134832587304,1.5389525728140034,1.879150178564845,3.4836159232482062,4.293805801694711,2.876524476706974,Feynman33,None,5.177884636118522
1.924685855925131,1.9819572303245399,1.0038687597932292,1.0842512249341123,1.4261178195472852,4.6266850107266055,0.20864651631883022,0.28468836044373264,Feynman33,None,-0.009485290389364461
1.581990610171259,1.55147345541774,1.3417010039626556,1.5518484767497513,1.1052780399670108,4.940290207792113,0.12374435461626632,1.297070026502841,Feynman33,None,-0.3883891747627929
1.5357941652165725,1.9686956279737,1.1379355409437286,1.6778748691024679,1.9061607176405073,3.9306404245802526,4.365319875587138,3.768579648364782,Feynman33,None,5.39779247022898
1.0619543928769457,1.5902343087906652,1.3066102522647038,1.8480268451467712,1.6007375048080092,3.842439468927844,1.8187964426305534,1.5421676558002602,Feynman33,None,1.9756494306321521
1.5901605951660676,1.2205671474095114,1.7553987147587247,1.1298939718279561,1.078865774820926,3.003243741762145,0.7021627995606243,1.6732828147182661,Feynman33,None,1.3157710908086442
1.3580057052769916,1.8557065043797905,1.3307939190074483,1.9239216897705236,1.650083146476305,3.2853220039217392,7.8760993909615005,6.836810003645274,Feynman33,None,8.50293941206627
1.2459186624547027,1.950148495253758,1.1016656343225708,1.5928373812322554,1.5061106088662912,4.616944675466709,0.4444530413324512,-0.12739827955078675,Feynman33,None,0.11583134230707208
1.8490431748908698,1.4399669026123827,1.8894208595626496,1.2715516429456106,1.9123399258177693,3.124897798509629,23.07725309481096,23.653196831195167,Feynman33,None,20.411648620970418
1.4454757395621467,1.822396757468689,1.2200268208169667,1.736961241235234,1.2914146101789723,4.955929487919263,0.26296643024677885,0.42383494813943945,Feynman33,None,0.078629568570166
1.359223865847335,1.137030413437098,1.4796113665300972,1.596558919744656,1.9191132028022269,4.2864641797754075,2.270542224746905,3.72999863282919,Feynman33,None,2.3666951743930986
1.8294089650880885,1.8952431482152483,1.1506469712380643,1.459026375270611,1.1976831473727716,4.785841390382011,0.182719650851784,-0.6091450622078027,Feynman33,None,-0.0631611808904317
1.3474061872829544,1.6872418675124874,1.501443842120611,1.3738609869248792,1.202547334613195,3.2033390615298845,1.0904521756145478,1.4417156473857355,Feynman33,None,1.3364642731126524
1.3659405027025242,1.1614855771124049,1.9772429356200796,1.9060809275719321,1.835902257837406,4.501584447183809,3.7573730047140192,2.29597518827889,Feynman33,None,4.270584589781146
1.4296960433807708,1.6819206407150944,1.0867595093004614,1.5344019145896302,1.953572200374413,4.763449299424004,1.1451772885307598,1.2928373849790846,Feynman33,None,1.1560769661148078
1.1911838965284045,1.8854166874845286,1.752035905754636,1.9291087339551087,1.1885122276787594,3.862254004420615,1.1758051150607995,1.7292637891949147,Feynman33,None,1.4153121998102884
1.3909807867689477,1.397572436293772,1.6949665621388608,1.4657969470387056,1.3329776738620773,3.0381118578699446,2.8565967527279468,2.1599032701767342,Feynman33,None,3.4189169371041426
1.9201504361723098,1.6664093665427946,1.0691260099082325,1.689077501249785,1.728181149597979,3.0115926055581035,10.535921235083201,7.592878571950104,Feynman33,None,11.625061554585242
1.0195600670981801,1.5408517702340756,1.1519247401690746,1.7086500749773408,1.4336994988622314,4.117783664691317,0.48510860612640766,2.3952977762996794,Feynman33,None,0.18655446230392217
1.1498625686950117,1.7538245371888577,1.2213330259347097,1.2305272093880468,1.9735358207051772,4.050419949767772,1.8491123619056844,2.8589226677924606,Feynman33,None,2.2383209273758715
1.7042391670007786,1.974979959188646,1.9118163741501757,1.6774172259566589,1.9305414729097277,4.6973264472512835,5.989277439586975,5.5198278414724395,Feynman33,None,7.342322225719577
1.5508800686447712,1.433835297460118,1.7673240350898154,1.8278364895488668,1.9186506980074154,4.560502407913159,4.495763431426256,3.185226073615806,Feynman33,None,4.931948159149072
1.7842679422419083,1.3728960479423193,1.219250792721437,1.6391827589847014,1.0602673313746376,3.73407413107532,0.31518876974092375,2.2573079314788194,Feynman33,None,0.30263211220315483
1.071742472974301,1.7989175508993238,1.8357511999943816,1.9742977198349898,1.9176242263257062,3.8701068815073185,11.23327030860594,12.391197499378572,Feynman33,None,12.687811020138424
1.3417023949821787,1.957706844879083,1.9743608488420747,1.2908011820888992,1.7635468138633095,3.3240228027457146,10.966733573887034,11.056848646660079,Feynman33,None,11.89262572571491
1.7541250084634474,1.152606545627315,1.5668605533005966,1.5111673773172576,1.8184706753667146,4.235284442735148,2.4255219080827386,1.1859645930424685,Feynman33,None,2.4112997796434623
1.1412817699042868,1.4950063770003306,1.2763021873765623,1.5230777220209408,1.9687533948203906,4.076525075122948,2.4989710277496195,4.067985107168686,Feynman33,None,2.9941426880558257
1.7572409510873404,1.3823712421891905,1.1391749782988587,1.2768561450264908,1.9549824414040073,4.7216619893025635,0.921608900974188,1.553154620328045,Feynman33,None,0.9469509638010173
1.8135406068276068,1.6635487510925064,1.923172055639381,1.2946129868912921,1.523340160364641,4.158057762865625,1.8826805206162562,1.5237241105097665,Feynman33,None,1.955455126829422
1.8383953919893732,1.80854458538953,1.1506803971689858,1.7742441034056462,1.653076383998167,4.211257209507416,1.926037750025935,3.8101832439298597,Feynman33,None,2.006044610629712
1.025988710153639,1.5228161038407861,1.1754739303750412,1.4217355751800929,1.5902551493456019,3.109720603395785,2.2921163707776664,2.201112574733116,Feynman33,None,2.7807480233688495
1.6889950691316078,1.0114027862846684,1.9150872682953008,1.5899374720721926,1.8215276058270007,3.4603819607939217,9.74672591061182,11.588530990734125,Feynman33,None,11.217789680317084
1.2378417748394794,1.3511811185207017,1.3792904706846847,1.2384857751885558,1.3100861795908545,3.106527330461405,0.9566553558777052,2.833000880997655,Feynman33,None,1.1370563216228549
1.9925578201798866,1.2384538864918784,1.466869026908989,1.7547197815250972,1.8199230424428745,4.281830958407776,3.3291755746457126,3.2269060287617863,Feynman33,None,3.6948383912601073
1.9684845344494,1.3977336334750219,1.6686080358804216,1.684733189288127,1.0701357183527267,4.02529131970492,0.5268045476806041,2.6128439927618383,Feynman33,None,0.790157932997023
1.0527240690458823,1.816706468444126,1.449884520380313,1.7043130244592546,1.9608194202781686,3.6650723255308852,7.865983780247341,6.114051335658679,Feynman33,None,9.134391606101905
1.9005818707186728,1.2817395024995375,1.4311658545228798,1.0204627566659412,1.6564622158941742,3.1710984292954025,3.0648074772724097,1.967702880523869,Feynman33,None,3.986401467760781
1.7823935845467753,1.7160114128075916,1.7719774250630915,1.725563176605219,1.3802859793597384,4.541427208666963,1.2407499309059995,0.5266032276064032,Feynman33,None,1.235555833051033
1.0901621236200953,1.6100267052037882,1.6167665183926379,1.1076135196149781,1.4937568533402255,4.605978159983469,0.3257171683200592,2.5918235436243005,Feynman33,None,-0.16658951469300026
1.0033996849783624,1.1122576597537845,1.6538641888414967,1.5968515971872026,1.2242193732246893,3.305625174764548,0.8238604395177148,0.9228675677402925,Feynman33,None,0.859874441972254
1.4204804513333826,1.4589117305465424,1.3371114356651974,1.3748123003755892,1.8762348791989334,4.010711946126312,2.3022926138327735,3.7517640054591275,Feynman33,None,2.3825903664060712
1.5555857038667877,1.4466305943196316,1.9243868784874907,1.6506622433466915,1.3913123502488318,4.991343929230978,0.6750321113716512,0.5969177570704705,Feynman33,None,0.7950418931983971
1.3425080303154906,1.4447834247985094,1.6995146160067858,1.3507591745536551,1.584124721981119,4.579338886144491,0.7911629930530577,0.816724824814058,Feynman33,None,0.4506450293562803
1.2854003629776005,1.9061239854004375,1.7943594711829496,1.9996151003091196,1.6176324238471302,3.5774816009333654,8.727177223158415,5.924910543196863,Feynman33,None,9.218198231479105
1.8645812250584628,1.0635200212334328,1.63766049046004,1.9405877131535014,1.9524940704005456,4.863028573248071,3.0984532262372904,5.089413577941399,Feynman33,None,3.827453817403117
1.4337455805420496,1.141490999666848,1.2137520738085095,1.1967362681483205,1.6650726231668638,3.0586300179128294,2.5657123694252326,2.6864574485607946,Feynman33,None,2.986110685081323
1.5141136114226743,1.3933094962288952,1.169644426440723,1.8454671667748974,1.2188475735066269,4.255058913117086,0.3289681647105784,2.030418205967139,Feynman33,None,0.21440148436057832
1.8069054814215497,1.9878038694112652,1.8977271287136148,1.397205616310075,1.855743124502988,3.2374251197504207,25.331735962117513,25.846553438671847,Feynman33,None,21.93043019744575
1.6141891622850033,1.0857985185923973,1.6344198136820705,1.0509080505727157,1.4520500711709228,4.803079669848128,0.21915236117206582,-1.28469372810556,Feynman33,None,-0.41482164850412945
1.884497389118014,1.702889599614121,1.6173134226703219,1.1920629898469624,1.864872682164847,4.867217206070115,1.4792218605744365,0.6401755145586264,Feynman33,None,1.626988617402937
1.202987482625869,1.4110539116448981,1.7616194196609327,1.8189321811017383,1.4673872629733433,3.0483054428141543,6.641435337304069,6.6979260536693745,Feynman33,None,7.369599482718213
1.187525188298682,1.2815759595059486,1.4942852016520216,1.119606277837093,1.7466955620345757,4.931424793837853,0.3671882604256358,1.039366848129334,Feynman33,None,-0.21713662883259255
1.3147294537833174,1.7740581564062037,1.9960155453697523,1.7106242084070749,1.7394847180747504,3.411583459626122,14.05704241224597,14.067843547143477,Feynman33,None,13.806029708637574
1.2668021206517075,1.4680918429221046,1.2881825272249179,1.4126342955083708,1.2528810019722203,4.216557829540921,0.2419117613069065,3.6547345170420886,Feynman33,None,-0.4184822660438897
1.146105849738658,1.6764571651491942,1.1295225434084841,1.02324322585954,1.733930659150354,3.9201175835755033,0.6360432693945853,4.027660387609646,Feynman33,None,0.29794929728910713
1.540131621443602,1.7859842334752258,1.13903391451262,1.4958063888939692,1.4862449138349625,4.394759694961668,0.557781468900936,1.899568423366604,Feynman33,None,0.20100121459386452
1.2256164942190289,1.878947091803389,1.1310997973507564,1.748403467052602,1.062620137325803,4.953921660950684,0.08775491449226898,1.9500511852053866,Feynman33,None,-0.3343337056816966
1.0287216642375614,1.3865584111168958,1.0168243220212259,1.6891093901012015,1.26385139866621,4.7762956584896425,0.09990844876772988,0.06178408517251739,Feynman33,None,-1.0663212752257438
1.884214889355567,1.4860177772023841,1.908640870575522,1.1162440589859757,1.9911373127844485,3.762393019697675,8.057184516137978,7.2456472784059756,Feynman33,None,10.798049213401903
1.572673710698416,1.1904515599991716,1.526482804461239,1.4111507450740626,1.0171271220689477,3.9955311900747894,0.1747298564677767,3.4623213594928695,Feynman33,None,-0.13587362285262408
1.1827801076729254,1.1761240881212904,1.7153098890192184,1.4544938965387244,1.0917749724798491,3.9395903700410804,0.2510105165369455,0.9831790596434672,Feynman33,None,-0.07289752037053723
1.3697950114309543,1.0056789599114921,1.5620683286006134,1.6072775298676163,1.6161386867818854,4.795956762644869,0.5968914462804732,-0.3356822267942349,Feynman33,None,0.048801230810681114
1.3148311891538391,1.0066511366016344,1.3034830855346244,1.9360095392169852,1.409394162274403,4.547275031752879,0.3987616523267976,0.4176067509949585,Feynman33,None,0.1196923636635904
1.2769464757735045,1.9253667087116773,1.369111017208816,1.8337251224232922,1.2677771654484413,3.8680764327703487,0.9402001686392372,2.2313840094454584,Feynman33,None,0.8895009738903572
1.9332765472917819,1.964072248915574,1.460612150783104,1.7214467301684193,1.9346580604843806,3.4450366096542955,21.336689691247614,21.45477132272607,Feynman33,None,19.737313567992864
1.2405052680066422,1.638725873542985,1.9338811171557169,1.358711402715671,1.7845204249848057,3.780245135063775,4.833910411789661,5.933563810434494,Feynman33,None,5.593557682453721
1.6356292942420574,1.9391233925720646,1.9218989848519878,1.971114775199462,1.320581119504884,4.558431446386582,1.6003018104714961,4.61904541950317,Feynman33,None,1.9700340018105904
1.7552356856880158,1.2935722287889808,1.9377734684031507,1.1721990655788992,1.2223809438279352,4.307968254676788,0.37624347750450005,-0.39732375379438356,Feynman33,None,0.4512584784739166
1.6977470870114424,1.7077384498237502,1.7334046592134325,1.2095774808693853,1.0393473460294052,3.6251891792345954,0.4282251793884232,0.7643589110443876,Feynman33,None,0.7103099916804718
1.7731789532345512,1.32814436925754,1.7738753776592187,1.3733600185794008,1.377891691796275,3.874120676378541,1.2278391475344212,3.3119291153660093,Feynman33,None,1.0857067450457394
1.9483508750613447,1.6990747542336917,1.5743700647122498,1.561967806409535,1.9420929467539318,4.33409775929886,5.2928520429291686,6.6610653600310075,Feynman33,None,6.145285318671326
1.5274169717503576,1.7780883568639014,1.067023742907797,1.9118617688223156,1.2701066679216124,4.949018246569719,0.23535543292309402,-1.5577702669830904,Feynman33,None,0.2377287625531103
1.4777169280278737,1.6358055252517185,1.7428821165328996,1.4114297831012137,1.409115588398459,3.812033718875488,1.5347668635838758,1.996119490837104,Feynman33,None,1.340475743222177
1.081456079886815,1.7152611095963093,1.9449644077137238,1.42399058264435,1.6517331468616336,3.8780779085043267,2.9269776328029398,5.1842453400910085,Feynman33,None,3.270884213002447
1.3425091428293137,1.703894716382992,1.8636556247018996,1.9396284155307146,1.9360539862067125,3.4077447710219446,28.44156861969478,28.199631894853933,Feynman33,None,23.987692407997766
1.2820206716321385,1.6624059761175536,1.3239936885741086,1.7204845327198695,1.9506112457977371,3.4276407167968026,10.627139660728202,11.8215570591453,Feynman33,None,11.28152656496055
1.3843317403020676,1.1520416358943546,1.9918587191601462,1.687168510201623,1.255672193206284,3.9969956402203,0.9045979844968283,1.3581403259509814,Feynman33,None,0.8924526692739548
1.472292542657942,1.6718093867537025,1.1350397806840307,1.7395220962489546,1.4290223987475958,4.468458887533543,0.5216610385374717,1.9545779867937174,Feynman33,None,0.2760085451835942
1.898569431832095,1.886804408897368,1.084750900140758,1.0830859199126568,1.915996867852458,3.266732663047682,5.695726215196242,2.515387223988807,Feynman33,None,7.770782760846117
1.0532832320329728,1.8426331742956301,1.5456210646313355,1.253289193267305,1.7974400222030913,3.3303036405193884,5.153939249299252,3.627943464310098,Feynman33,None,5.98536026302979
1.8708856625788473,1.5046059759735666,1.7002823004852599,1.3152762796090385,1.6878848310594519,4.603890528233278,1.4219449077078337,1.4180454786643533,Feynman33,None,1.295925387698429
1.7355592511597049,1.7950248810097444,1.3518576831084737,1.6047603467609544,1.0402645338772973,3.9514489207254435,0.3405785490952658,0.753521231935518,Feynman33,None,0.4498580127730788
1.0069308533685164,1.1646819344356816,1.4637013309027842,1.4684087924207545,1.9187973842677502,4.048451394946716,1.9047788584370255,-0.2796965160334415,Feynman33,None,2.1260140243278296
1.1505204457077243,1.7464080017191392,1.3928962908935307,1.8038454057230051,1.600746574336479,4.709443073286325,0.9065958117150192,0.5467758256339137,Feynman33,None,0.7064938180465518
1.8529451434782986,1.031103835444422,1.8245129743399993,1.4666286078009914,1.945256551702279,4.744745907634115,2.3392957982730573,1.5041028047587788,Feynman33,None,2.770354920079861
1.1561365472347567,1.7832537065455218,1.605552056272649,1.1142621620117406,1.6254789450377827,4.167796204214919,0.8895124150075788,2.936182963713115,Feynman33,None,0.6481100425754136
1.667099025460808,1.9709331018763767,1.4671990777572836,1.6252000576580714,1.091610473436175,3.170819543662203,1.414730020869745,1.1433400784505445,Feynman33,None,2.5084459740757787
1.6304294097787542,1.763850428838515,1.4721014477122658,1.0740416008951847,1.222699931163497,4.406773271345591,0.20948260444156314,1.6963208849082179,Feynman33,None,-0.14802021055875536
1.4331346173010715,1.981677767793779,1.4035223819041143,1.970986281209743,1.7477349578356813,3.0313442361108205,22.57161652737118,22.359165543902876,Feynman33,None,18.766682895823767
1.3045301123151498,1.3634544962559954,1.2373387584296518,1.143071174710394,1.6288901322803078,3.739242900660596,0.8175562802527355,2.1672902082200918,Feynman33,None,0.4204066659840112
1.4988128026781897,1.5548645065291156,1.8121206878262193,1.1056973738777631,1.0340765670797432,3.6161509580469224,0.3108137534692022,-0.4298938683331676,Feynman33,None,0.4838851166015228
1.892733812687156,1.4546320480725492,1.307540571963298,1.433094407183495,1.724545348430625,4.96982021499174,0.7588709102348665,1.8612978552582748,Feynman33,None,0.6256784865738733
1.2028223119483634,1.020011872368455,1.3492472263617414,1.1026573994589586,1.6290203140923047,4.8199360792318116,0.1891716326281521,-1.3370989540270388,Feynman33,None,-1.3067653120183493
1.9123801638127211,1.9479092300139547,1.1797488233779885,1.5466908719863182,1.864068083458409,4.998262264238563,1.356031400949422,2.375504919660859,Feynman33,None,1.6742247390785177
1.5759937396079904,1.0690670980833008,1.3557225013733996,1.6526706758369722,1.9932039956499739,3.8433790111250627,4.795416704241817,5.513483486380696,Feynman33,None,6.087789849003021
1.9758329668594616,1.9155725977680205,1.0956688268135533,1.5479993739611984,1.2724616957919834,4.436165684104424,0.36657379894745623,0.23654821087595038,Feynman33,None,0.33362176091666346
1.4534729590051998,1.970196654488354,1.5538027913704822,1.1968996356043715,1.6440667443923833,4.880940655306764,0.679479884478514,1.3850341205024206,Feynman33,None,0.5365231858861536
1.7184226744862001,1.0606351608915587,1.4044236634261578,1.5952624911513218,1.0627094446407959,4.2176225133712,0.17611896453645312,0.17781890118965954,Feynman33,None,-0.20930217657771605
1.0323283852147505,1.5288135325116092,1.1680268113779717,1.9757783741493404,1.6978758329334078,3.7482023515738527,2.346675186216535,2.256451582279852,Feynman33,None,3.289062150699365
1.7926775043835266,1.401339809770072,1.234498630631467,1.6298873942832528,1.8698256632850505,4.545743060324647,1.7669302263828024,-1.0901513492171009,Feynman33,None,1.7891415952192917
1.6217012521831558,1.2657523514159035,1.268811773926082,1.102149239900037,1.9265162358055938,4.239167736041393,1.1391769840822814,-0.4240719272660174,Feynman33,None,1.1448931358982402
1.3665965153116724,1.329349556854563,1.0566928242477374,1.1933765457576335,1.187249857943717,3.457620989040826,0.21619623874262617,-1.9998463168775418,Feynman33,None,-0.12791467069007573
1.348533422909446,1.2227818285020824,1.0110577429700278,1.0727124869304174,1.1992619441544492,4.003521995839868,0.07895251140052335,-3.657945039292156,Feynman33,None,-1.5319852790585529
1.698170172999197,1.2926424664333347,1.419523857642158,1.7129179270827217,1.7935404581764254,3.1314183914149614,12.957262478293439,13.93522573380873,Feynman33,None,12.335422314410884
1.3304261398636046,1.6737500215705383,1.700689102145018,1.2719989457825096,1.4837015750976517,4.779540621796984,0.4964198786948389,-0.8661812983687218,Feynman33,None,0.2623454746028065
1.4616223424674681,1.0547738394986133,1.2195197208418165,1.1004773320978802,1.2224691673056483,4.233836499151422,0.096216553034815,-0.08774261556581256,Feynman33,None,-1.5411079426041843
1.198779956245373,1.3308635965494262,1.5583742266589171,1.558989112291242,1.653691149085967,3.401483539280627,3.778825960537882,2.512421339696695,Feynman33,None,4.062955723866538
1.3009239741016425,1.7510120262974316,1.9805715330062112,1.1018676866089248,1.7927438853424018,4.852348754254637,1.1355593772406996,2.1662010916620074,Feynman33,None,1.229575937940462
1.5252363810693073,1.946337597467246,1.4039571002428204,1.4072000238592564,1.9851442696552453,4.123943510919183,4.415082304437229,5.433525689554521,Feynman33,None,5.120168452751707
1.4183484010850056,1.301052502011259,1.3423467883912086,1.7224409813718942,1.432392968165876,3.4867545366511843,1.7033338510056,-0.818150120507319,Feynman33,None,1.7147477274067329
1.890854258721226,1.5461153367586618,1.8072905551771714,1.3157995719671836,1.9571010267659594,3.2397804853459284,22.864150093819934,22.63618334355451,Feynman33,None,20.417022269557886
1.7618583995737356,1.9396524504617998,1.9987302208854159,1.6322849850101135,1.335141911080639,4.39594676006028,1.573432215830245,-2.0195747363529337,Feynman33,None,1.9822492302452086
1.6804327617070314,1.2398404399187661,1.0477413778708484,1.8674497953176927,1.0513017912284908,3.9573110610700466,0.19264702551214874,-1.39904920563401,Feynman33,None,0.1894172765865486
1.1900252316219067,1.5340734810623273,1.1852663744334468,1.3498449923332496,1.3859570782490158,3.44623786756925,0.7286988298130032,-0.6325736029754278,Feynman33,None,0.5471283583863741
1.6608130723077024,1.9119843988119618,1.9845171060491344,1.7884332791576516,1.748710817440256,3.558536623285076,16.982774684919068,16.658985076150454,Feynman33,None,16.352204709032787
1.04110557226018,1.1112872776745824,1.9850224863630457,1.342280560855547,1.6927398989378755,3.4106429010104655,3.6751455289111297,3.675583468751192,Feynman33,None,5.044521470921414
1.9692733625652283,1.699972308121346,1.627185447489522,1.1709848295136052,1.9377159328429214,3.4233822718560445,11.314189582661863,9.84503463751918,Feynman33,None,12.769779162027442
1.429095337081539,1.5630744240127414,1.3742888081416358,1.8066657561614385,1.8444319047746067,4.4486198647547965,2.4855605964746634,0.5401254906407507,Feynman33,None,2.4795489169803173
1.8625345592260143,1.08894545651086,1.7306198737713818,1.0763099972049468,1.3534171654366767,3.18279800758169,1.4361783390535312,2.3905318225903778,Feynman33,None,2.074970126622923
1.818408443327769,1.2022222304993597,1.445708783147634,1.058479885737969,1.3616766205606532,4.205301818479041,0.2941736695821262,1.3763209434270036,Feynman33,None,-0.2061447046170966
1.1742379355992991,1.5132942814679495,1.0522979145329168,1.7816087088019725,1.8332911338647535,3.2259823793596145,5.952644190083072,4.521988871213868,Feynman33,None,7.767666134590706
1.2208566591359826,1.5697553501116315,1.6604768301460537,1.7835775972715773,1.7810435510868787,4.580756624442856,2.233294383593502,1.8630096907964042,Feynman33,None,2.116138140660276
1.9564338020746952,1.671824298791997,1.5380572380543647,1.8878163521163547,1.9999721282508927,4.6621608550087785,5.874898684484791,6.377460659698639,Feynman33,None,7.3419358250830715
1.6347155300367406,1.0128829634487646,1.6004912402208755,1.6249025687434182,1.8362704856394285,3.0731114853469648,14.464936789547558,14.25467288243669,Feynman33,None,13.752933348077377
1.1435771339141017,1.9363602330214973,1.4892979684162226,1.6992198002037178,1.72870493770851,4.079828033549925,2.8444766833504063,1.880159199958697,Feynman33,None,2.8468522822041114
1.5597995030056593,1.2671311951258217,1.6877989720089053,1.3169203679971835,1.2151629170388145,3.523347000134228,0.7455091783796007,0.0736830228943921,Feynman33,None,0.7190440562045542
1.2394122880055498,1.4781585255061094,1.5268407644367317,1.401169270420155,1.8602709559920108,3.102311099844683,11.07164814273242,9.593246701046187,Feynman33,None,10.511862235050511
1.8958893398823458,1.6618416598861259,1.9238436692271899,1.5880342399725775,1.6042039601907911,3.510110929086511,8.586388393943572,8.746071139785949,Feynman33,None,9.326183988370097
1.0419333865286136,1.571380976657668,1.6287343040921298,1.0870264085329004,1.1207272601208178,4.664089549589129,0.08071981092133941,-0.6386047866336352,Feynman33,None,-0.9831915480868954
1.8357651528987966,1.1303802810225316,1.5432748696412397,1.827648401548653,1.2782717299149517,4.97863248223858,0.3444195274179971,-1.0223338748961235,Feynman33,None,0.3031105824091372
1.0924928426760125,1.7791182746346126,1.5647773696980962,1.9289282777717922,1.3073987931399067,3.2727347340845823,2.674556338588037,5.410219306367999,Feynman33,None,3.398525282397171
1.6041253197350829,1.636445757080093,1.1929021768008061,1.220239414483597,1.2043556978162808,3.8633031171780248,0.2699685224608332,1.8331133892409017,Feynman33,None,-0.06902225371795655
1.0877066529439596,1.6982086500005165,1.8880746582769559,1.8003614896304854,1.3125500483877421,3.5992303451619985,2.1034098634244693,4.149811236345708,Feynman33,None,2.4465769434409395
1.8540247657772686,1.1772802035025074,1.6283121152230509,1.2055444154585642,1.0209334150304938,3.9718704325009964,0.176322000979531,0.10721725292248066,Feynman33,None,0.043741643255497495
1.992581215254761,1.129044851900607,1.6109059517305857,1.4360128602991755,1.7273319660873871,3.398150773672647,6.121358939505357,6.635792942073068,Feynman33,None,7.05625409835592
1.1798520244176778,1.2103810225918692,1.7315560956634917,1.6717665758731166,1.0878683130213669,3.8028834361508563,0.3981733860215304,-0.15235346093367064,Feynman33,None,0.3101241609201633
1.7779776275356902,1.0619853864758126,1.0884245306756004,1.696782869876433,1.7028999573749959,4.720702812865909,0.6036706776090317,2.132161564727869,Feynman33,None,0.297582267383177
1.7211579736611342,1.8193860386411227,1.2706203615108025,1.8182584602024372,1.0793357161129873,4.424123212666996,0.2804107942203083,-0.12696855144883867,Feynman33,None,0.3427648576693453
1.9253509997534226,1.3990743000477992,1.9734794002942089,1.322841983246735,1.912005303876906,3.3870258396819324,16.822391299667068,17.63076927239068,Feynman33,None,17.58803833695001
1.3707679059457656,1.5728757032344431,1.8033466719691662,1.6712442707726063,1.9320982316964521,3.3755820234328224,19.474608386080707,19.966688200316128,Feynman33,None,17.525511092975254
1.1833174460521956,1.6649425102086726,1.6236174509715449,1.7160878563871584,1.7502608728883646,4.233459257360915,2.7232112589756743,3.18413647199513,Feynman33,None,2.6316629670541603
1.6398780507391115,1.77176421957552,1.8693105560984848,1.136242368312402,1.7960529675444667,3.369595346149307,8.647308792622038,9.796242986673814,Feynman33,None,10.120026451273265
1.0477139637149047,1.0368763593211165,1.6062229194159843,1.8057568826686725,1.0385728622333295,4.926922793914674,0.08277756334899601,0.5948675590305501,Feynman33,None,-0.6652668213123267
1.4418793901265416,1.1364976418625783,1.6553048511008404,1.6730773141531354,1.242096542005425,3.133737234073015,1.8289278027318816,0.18505521179568962,Feynman33,None,2.3155727713094407
1.013278907317968,1.4448552739386666,1.970551072453072,1.2194917894714772,1.9711862367532724,3.9091084470090953,4.117322466183962,1.3663255461594512,Feynman33,None,5.9610151933892555
1.8846285478632718,1.3327620886272553,1.14485445527507,1.7571192679144891,1.583428037866347,3.2413781220992193,4.182738610212946,3.5847847088394804,Feynman33,None,5.260129538659848
1.9672652760568683,1.1404255084650095,1.4711624063224398,1.4389662274111847,1.053160001154171,4.114858379783805,0.20694046251304474,0.765260049209705,Feynman33,None,0.01191060828492545
1.881752212289049,1.0113678090289708,1.7881590695516998,1.2302338978601586,1.6774350302873198,4.116997966347341,1.5285679119424032,1.3587867593618617,Feynman33,None,1.5618840186227763
1.2654030171189647,1.4807565873315063,1.8548099119822572,1.763029186362774,1.4709448558342109,3.961402454895387,2.1466991025410262,0.7896372086888395,Feynman33,None,2.017234899093813
1.4312991776809514,1.8109181119625584,1.2216079508564373,1.3116724600440657,1.6296143004157004,3.3630474760967184,2.6247814786906023,-1.692627179598916,Feynman33,None,2.8525084834963326
1.046704301933286,1.9026690530143824,1.4029609598472752,1.7004227853668406,1.1368730602926505,4.342447065818299,0.25707734960891965,0.3600547450127445,Feynman33,None,0.08375615026383021
1.2364584773235108,1.868511091127663,1.4983387256044658,1.3965559450522333,1.7441076574035947,3.352829155185887,5.831945214408753,8.042190452232798,Feynman33,None,6.183108987635026
1.2854624302931024,1.042852781518103,1.4310946869911736,1.931449690834724,1.7997640335627927,4.835908042112078,1.1089762623621264,-0.5209946830976937,Feynman33,None,0.8735515192998226
1.1410202047923428,1.0692215054418757,1.394572453312458,1.8506996960591913,1.5338880609799013,4.23688223257736,0.7744984920493886,-1.3281781774271453,Feynman33,None,0.44645355798956166
1.7687341158014704,1.1206034232575506,1.9942580181336753,1.6181922505295216,1.9602227952067817,3.3092733052297882,25.261153607700965,24.737395735645077,Feynman33,None,23.230446530196833
1.1752067010102458,1.311655938606247,1.1593272501264589,1.3829853454803556,1.0157771053672588,4.453546977899564,0.04998535770426521,1.2241030171654748,Feynman33,None,-1.8339905116840831
1.236127536063918,1.8076096921897333,1.319619955736965,1.791031066743922,1.0829701718691478,4.4209280725252835,0.21307083939879118,-2.0596547052572394,Feynman33,None,0.1222469281233642
1.0203233729880448,1.6705288923414416,1.6587471288332694,1.1421806571581246,1.7890794050850607,3.1474100908173543,5.839577328272565,6.709413587039057,Feynman33,None,7.021608518546014
1.2695261183539488,1.63918451776591,1.4591513097074682,1.0679454242696096,1.5462885615327424,4.400936564230015,0.41984129906779566,0.2830928891548322,Feynman33,None,-0.07388059219706057
1.542059513643903,1.5839832701788215,1.268870025356542,1.5618641781560478,1.6415477221134152,4.11394080273422,1.4410391076970972,2.742239161338607,Feynman33,None,1.1195532755320659
1.0317601223076482,1.3662429990381473,1.4347731609916397,1.6628777572490567,1.590299633278693,3.1500279394651436,3.9326351206134045,2.5061701357805175,Feynman33,None,4.565715268111718
1.2940451897126222,1.3911220622200178,1.180330713352992,1.951587014837739,1.1440056205468125,4.167959994100538,0.26560619498133936,-2.98348111199608,Feynman33,None,0.317202541563963
1.9631644638722425,1.481244491298194,1.522134077379903,1.9591132815672834,1.9826586978926217,4.675716699866892,5.205480543828152,5.502205357739282,Feynman33,None,6.507359881449016
1.3643332085991122,1.7199589233660086,1.707482430057929,1.5170677974753173,1.5413298332836498,4.652605819773377,1.0023548278345766,2.2754737352272665,Feynman33,None,0.757625746674306
1.392628601690633,1.047273181552403,1.6815343011791746,1.9134681194651337,1.2911198667877266,3.8072621972014202,1.0679942554835347,-1.346123094984806,Feynman33,None,1.0079960592037303
1.3231675071423867,1.4858671947460893,1.2634189638115623,1.0149761929445273,1.7897574893163832,4.670307659066189,0.401274900693536,-0.10951546935183387,Feynman33,None,0.0032221575932668525
1.5383893797109738,1.2438284907700707,1.3598725009577013,1.100074627339989,1.6284211395721635,3.058569746786779,2.8071940548118337,2.996541341709066,Feynman33,None,3.3403587949445397
1.3403052186259954,1.8979510047084749,1.728428991509729,1.2413257587201758,1.9149525134316177,4.185522282729469,3.437850549246939,3.1358261806406134,Feynman33,None,3.979989643665907
1.000232474610249,1.449714566802345,1.7214444598935763,1.6941595040509954,1.3813262738949725,4.137772596055194,0.8126739687445214,3.078608606255933,Feynman33,None,0.5814223942713834
1.123186106099519,1.8058815933729582,1.7713182314526152,1.1951101069350183,1.038573216485164,3.6090633646564747,0.3103779718333869,-1.6980247544200244,Feynman33,None,0.4374382481571918
1.1384198804457866,1.0152893437652313,1.9178853377364233,1.593301289971099,1.3920930683931414,3.248191689088519,2.288778288848474,1.4801228259542556,Feynman33,None,2.9436142274538084
1.8082423673117693,1.3195776823534104,1.3820090053389746,1.926173040946456,1.238557985306495,3.5359061087741814,1.3853357739383194,0.0018620061102911922,Feynman33,None,1.669965939737965
1.6710493706539715,1.779511469116395,1.620262235153139,1.5635720045895911,1.335281676037346,4.394245451629727,0.8273521537147329,3.775186691297663,Feynman33,None,0.6392563859197827
1.7262827906167115,1.5017269637631039,1.88150194008263,1.6043640010199787,1.623245499772818,3.4658399404505333,7.812760654368036,4.08406269631,Feynman33,None,8.217580596780724
1.4962535276835818,1.7365866323646495,1.9897049040010581,1.844970879248339,1.8638508908304492,4.128918247336545,9.606693777037895,10.073867260921466,Feynman33,None,10.353048881892708
1.438599712437889,1.6518871268463022,1.039481175713743,1.138911249116423,1.4869094243935734,4.297948275806867,0.25789384066528676,-0.25103586374638254,Feynman33,None,-0.3826749529900261
1.7187399583243237,1.09919250261076,1.5987126296450187,1.6124286570977537,1.0519543357005765,3.0820900721700975,0.914242682419956,0.0035660514624009654,Feynman33,None,1.5971829829949151
1.771449284781029,1.8341199338204461,1.8899092790907597,1.5480091133686562,1.6407794620136524,4.961418060153911,1.7565260684012023,2.738800261951534,Feynman33,None,2.216240530960732
1.0474672724725056,1.7756784559784586,1.6982514132349924,1.5836602085224858,1.7612850902827537,4.467390926068156,1.9087936067962763,-1.0101459423895223,Feynman33,None,1.8209638565372883
1.4915342140413665,1.4880184854764984,1.620766748277017,1.9396693145390071,1.8602024720517636,3.646278780169978,11.374153948205425,11.954836563533426,Feynman33,None,11.763004736775672
1.9446530353156617,1.3162740416060017,1.4512589716364608,1.7673338672024699,1.208750235634811,3.0991445770122974,2.270467948331391,1.1985702156875873,Feynman33,None,3.294581445428116
1.3760166675630763,1.6487960225191727,1.623357093405187,1.3448570514779792,1.432495808167657,4.056609420253256,0.9193156808167574,-1.964841212733416,Feynman33,None,0.5645622008306672
1.1443589955212945,1.5197117495675605,1.0040900950299179,1.2473130810027007,1.9091204181053352,4.640256755559556,0.4744112326528479,1.5495093060804743,Feynman33,None,0.33318245617790593
1.798285561241252,1.0638051328881524,1.5939892742702668,1.8998185497089883,1.2129234505777144,4.635428345968908,0.39699297553616125,1.3779068245641413,Feynman33,None,0.35547648266036036
1.026349585492493,1.4441169588470908,1.2614156662124942,1.5962726344833187,1.7004113840225576,3.4736048478237276,2.50014423741071,2.4780491604637107,Feynman33,None,2.926889306774758
1.597465691557446,1.679837177785085,1.5756968632263113,1.0711209851043009,1.1569500089921665,4.706436290190813,0.13244637918692445,-0.5354786622100992,Feynman33,None,-0.301226149932447
1.2113874894930559,1.6556601373099933,1.626519840492381,1.213590002607718,1.0761461600046989,3.4645359326139293,0.37328285168635117,0.7740083766929997,Feynman33,None,0.4361262293994301
1.9403707397653562,1.9536070834948431,1.8778962371781929,1.5015688798529068,1.1708233586271621,3.2983155008933664,2.6243764689853326,4.0515652424550295,Feynman33,None,4.7791218157359285
1.863838592916156,1.3869090326169782,1.2292351172364382,1.3358652501802253,1.1940731592268432,4.421264938929003,0.18074341533350397,-0.8670342864774305,Feynman33,None,-0.3006465617274652
1.5650242490442694,1.6777092135994667,1.2990973393599252,1.6187339032001122,1.8768063116790819,3.5654626577642845,7.144896578455998,6.336016126877036,Feynman33,None,7.812654430495913
1.0018529159708653,1.2281062266475256,1.859407987729004,1.6500319303040731,1.273035122737213,4.663380355234423,0.31454856562799866,1.720095664381348,Feynman33,None,0.10654061528711391
1.4165602165917877,1.952952204344205,1.1961753533026802,1.1244608038192663,1.889102573591137,3.713974101440969,2.5538656342782757,1.7755445072324751,Feynman33,None,3.1679517876995664
1.8840479665789098,1.2140127054059153,1.3074380031504171,1.6973277042196273,1.8726752821796486,4.592593459099386,1.8764736728420086,1.4434661154964097,Feynman33,None,1.959447727882501
1.8515671272704086,1.663926275412524,1.68381445992044,1.7301973562377235,1.2543223388914466,4.8243405207734815,0.5757335878932263,-0.006115356323002419,Feynman33,None,0.6989007697590096
1.0255895750993118,1.3664029526341634,1.9511664135086828,1.9011415234482927,1.7884785832274706,3.520673550244172,9.771238356733775,9.008548438576147,Feynman33,None,11.395761255785034
1.1181304380983725,1.4269173166635647,1.6336142928128377,1.1147385177186186,1.9789950437928387,3.258144641291234,7.574828180526603,7.196713718941062,Feynman33,None,9.043227277061973
1.8272255236771224,1.5651370763323411,1.031507864258208,1.8910719010207617,1.4014121271052367,4.2301972463582,0.6927759993695308,0.13976508898839834,Feynman33,None,0.6799879945607727
1.838977239791817,1.506947772869637,1.7260512966601298,1.1370008701682073,1.4719233215604064,4.7403571858158635,0.5090393820493238,0.9388232096892504,Feynman33,None,0.37467386971689265
1.185120618782081,1.5318723008724442,1.197039423720367,1.8079497158012994,1.7814950563147733,4.639678450868772,1.0651059758768118,1.3403097749260817,Feynman33,None,0.9347235195507311
1.8968366483967367,1.2477956679423359,1.8540426465747053,1.0572213646795885,1.4664320855245865,3.5916791689638226,1.524352897491978,2.4133453360545842,Feynman33,None,1.9894426915968968
1.073549888651355,1.8519942443914386,1.6302145492341906,1.2793250124376874,1.267745003964903,3.7477445244361203,0.6047829873258262,-0.5524532583602303,Feynman33,None,0.4616987269969518
1.1734983601256022,1.9193170723025945,1.382602197311634,1.8510586264436077,1.7530264245978526,3.206753031680387,11.22577405926945,13.509373666708765,Feynman33,None,11.383953468782792
1.935358587377788,1.7404060220928237,1.0386704863338125,1.9221995186101306,1.2059369745137705,3.529258591774136,0.9827817390322054,2.8969232889114216,Feynman33,None,1.5310316012348029
1.0283627307106058,1.3649171496250656,1.042413930392772,1.8087947036632965,1.8424306599911215,4.446841788876416,0.8977282737003595,-0.36471383802666024,Feynman33,None,1.029200161154467
1.963793860831863,1.594315896875334,1.5413569789826655,1.1370485615056416,1.2044509572887299,4.7974433054593915,0.18230164860672812,0.5932709269731291,Feynman33,None,-0.06320922775368304
1.4044634169090484,1.2863796193948884,1.6048118344018956,1.6226005436356514,1.0888942206788352,4.696863501708469,0.1655527059424005,0.22362781325820003,Feynman33,None,-0.17866421002534857
1.545644290585467,1.8743765847467824,1.8944916283935114,1.846008432702262,1.175256928812169,4.1151645183652015,1.1705531485560914,0.6508062315680617,Feynman33,None,1.520386955951842
1.1026078519141416,1.3183985816232737,1.733847641195155,1.4340309950773498,1.9745848654728546,3.318009518310329,11.319694941142851,11.692992305825243,Feynman33,None,12.100901994423552
1.5217797797285173,1.652723074733748,1.3839164057438271,1.1410422291323625,1.4400040353231347,3.976356044653512,0.5985278795381893,1.654984105306109,Feynman33,None,0.19853852029627306
1.466517407989285,1.2901885541516593,1.8350045557175811,1.090645847528958,1.0155108580339887,4.6751685300322094,0.07783948134937133,-1.847729976578352,Feynman33,None,-0.24505918330063678
1.066622070161131,1.874662784342794,1.2119763437395474,1.2002224626240448,1.433551513218828,3.3204140212572897,0.9302394771439478,0.043347363088031776,Feynman33,None,0.960235665907696
1.9323155822209404,1.7348822216216213,1.326902964447703,1.5449527471081566,1.2510691388133117,3.2740718915081035,1.72509672856789,1.486023404922984,Feynman33,None,2.30150791909575
1.1061750705847406,1.4693338909871625,1.662346579735119,1.1886288481698437,1.339367572633205,3.5409053245551103,0.7410154851831684,2.576275427640077,Feynman33,None,0.6587353123120542
1.2284470957218894,1.9464728090118002,1.1551338611074842,1.6628589780465834,1.639953837709664,4.754916425095088,0.6736374530853781,0.8075993485555941,Feynman33,None,0.4264210456077065
1.8618367819140216,1.409347161717582,1.790563159061187,1.5274376865935158,1.3862059408080942,3.919914629247839,1.6795692949217902,3.836403521763496,Feynman33,None,1.6130899594803925
1.7419153849585156,1.4473813139120675,1.7770205484003156,1.7986939645103264,1.3321845246159003,4.7030976893549985,0.8210419009824985,2.5717330649583383,Feynman33,None,0.8127140038796848
1.3829795636731008,1.4714483490555181,1.08399172686055,1.1285463141897911,1.5722030501064514,3.9545131130471103,0.44961806073500155,-0.7322416834706,Feynman33,None,-0.09247991659350759
1.7015677655892123,1.5384588623586968,1.8840054662991534,1.483921425176776,1.947290757823326,3.1883904231481335,30.33357919021167,31.51678984912331,Feynman33,None,23.751166317690597
1.8554133368598544,1.5296061934764769,1.9497734243493936,1.3020150946202256,1.740702722210107,3.999621975536626,4.1834381333931905,3.3757478849267875,Feynman33,None,4.9054807194660786
1.5891707735883511,1.7659468330675177,1.372108333483054,1.2538153698653391,1.2540341682660414,4.067285070935878,0.38393941827518246,1.5467246816164655,Feynman33,None,0.06842998995988735
1.9199565417506608,1.9923358242803886,1.6436231817712779,1.9850634993600076,1.978403478157172,3.5666611064601086,33.689939061055924,33.94418568338483,Feynman33,None,28.633605145806538
1.4535246635099128,1.9520223175042462,1.3333975323933944,1.9172575766108564,1.1606301439273299,3.8333441950445226,0.7911408138755461,1.4426674101590717,Feynman33,None,0.9633299633286051
1.3522063307110495,1.226802994565786,1.555889209021043,1.086982491247453,1.581058868707813,3.898504201337304,0.7701762861939727,2.967095625205757,Feynman33,None,0.39757563318636535
1.8440995662983202,1.4060682801363424,1.120621100795264,1.6032511429039782,1.7233028213374104,4.29028237727194,1.2975817649205776,-1.580402832349074,Feynman33,None,1.203814959194045
1.5334102722183998,1.0466986442087283,1.0744621732312645,1.0139724658138958,1.0146836141834357,3.5780748555366864,0.06103076410157833,-0.5781565561898045,Feynman33,None,-0.919606953283157
1.765129145271891,1.8264102033916179,1.3838360077953271,1.4897160723484517,1.9183083693447118,3.491921211394406,10.72225657156083,9.50689655499652,Feynman33,None,11.200236184728338
1.9982604228182532,1.9889540283431082,1.3193964025285192,1.5892395303557505,1.8916688143436602,3.3923792229452987,14.905545131246395,15.542462460275395,Feynman33,None,15.359432293506142
1.8224617689202007,1.6117316497463863,1.7335037281306411,1.7849047946546375,1.5537501726005591,4.6438457581262025,1.8717759344971432,0.7690069153342942,Feynman33,None,1.8648245116981428
1.702248410622289,1.5344660587339558,1.7320087505061708,1.9490589945331798,1.3403616897164126,4.148049542638336,1.6947906382095845,0.3551020360231598,Feynman33,None,1.6508351406507593
1.7983874922303933,1.4532114809432712,1.0549588150223745,1.1567370351177775,1.4559182660176493,3.676125753068359,0.5641844376812472,0.6008021589341664,Feynman33,None,0.3351299474463444
1.679715794777802,1.2205593872852978,1.0292848866476683,1.928388493838158,1.3229716236612614,3.334561412774298,1.1807418832919567,3.484905752825804,Feynman33,None,1.762041885877704
1.706501829875016,1.5304907388644915,1.6498294534687212,1.3541121058239758,1.2379738166586445,3.8860495539085624,0.696588418545919,-0.01632824934778143,Feynman33,None,0.5539565585632886
1.8872016787750219,1.3785385682022764,1.7688354036858258,1.7085125544001123,1.102936663196609,3.659514789790776,0.9934821554204535,0.28646550541926685,Feynman33,None,1.5388559054671032
1.7420003580982977,1.9264811224564857,1.9235880085694823,1.797799390472659,1.0742004394528692,3.9113339942964735,1.1188361468987147,2.0481332859257435,Feynman33,None,2.2432615163382263
1.208132306571104,1.5147910693687077,1.0385116710742341,1.5933376748565247,1.7586135331765747,3.8899900733480957,1.3850751581988097,3.156190211208335,Feynman33,None,1.5584308773108315
1.7292342768194926,1.8018453058533006,1.4184077997285363,1.2416129123864414,1.9247876769135237,4.781145229914296,1.5143364602056182,2.2044557723996503,Feynman33,None,1.5909615565800326
1.2499851047669481,1.6160466770173239,1.0345146137195855,1.8801052456865368,1.0690032154025908,3.3961556058246365,0.38714843433443524,2.8746788110242902,Feynman33,None,0.6451177728033631
1.842349066334539,1.4670011495292012,1.2573798674281544,1.3892515211228451,1.8027353788452944,4.601317179782264,1.1358680661166556,2.106896616484228,Feynman33,None,0.9594773356085173
1.7188568611278856,1.0676591043496204,1.3726649678364766,1.6932068114472791,1.388990899686716,4.1661272837684455,0.6494214398162367,1.6830865932397683,Feynman33,None,0.2531773095716347
1.7719454304434334,1.6397379176564195,1.0131217717776948,1.2298131251182995,1.2166380072461727,3.7913184041126753,0.24899620095187672,0.10919294202282501,Feynman33,None,0.011329274863415438
1.9909651537749746,1.1026593182169204,1.6587076405419436,1.568911319566362,1.9845155946484687,3.498257756457874,14.023091448900614,13.487700900923624,Feynman33,None,15.270234658184586
1.6356774826228717,1.3828682291504382,1.8861500702203542,1.2914410216192882,1.246304270499274,3.1547003680515653,1.9227568471101308,2.572111342445374,Feynman33,None,2.7164304908484804
1.311876244034144,1.5959227548803732,1.0968423131334708,1.7392364575535644,1.6209835559204895,4.9150657661334005,0.4753504668024796,0.24650874091750347,Feynman33,None,0.1945937315926866
1.436841932117293,1.00217548335289,1.2820494608339286,1.38468473647039,1.2970184128277467,4.168042099935165,0.21851125553454934,-2.28328912159153,Feynman33,None,-0.8160840052932808
1.6675125991883648,1.1113528469798852,1.393418004977243,1.9090087555186146,1.94388236747835,4.0227418864114055,5.0975399078324495,4.332789007634678,Feynman33,None,6.412068842769773
1.5758626455854676,1.2977529071434386,1.6181971593726598,1.4085170217574472,1.5271532016866027,3.1665274039459335,4.088210196155658,4.656621180623181,Feynman33,None,4.453847402689407
1.6965935982816247,1.1003648340476726,1.5523867956618644,1.7821630611332338,1.0819122527123155,3.118450453417066,1.1207463652747658,1.1358721748320533,Feynman33,None,1.8461070546165117
1.7697609857388716,1.9626893293570764,1.9949040403232785,1.9939443488136734,1.507449236941738,4.2449803457221025,4.793744798262595,2.904789580972025,Feynman33,None,5.717626199742055
1.1844576726443843,1.8183240319231873,1.5232903744003683,1.3866884933495895,1.6455733282041836,3.088748430024209,6.322924773161097,6.799339142635881,Feynman33,None,6.587403629090818
1.6555453832284237,1.964631881459058,1.893324705957345,1.3085462790940934,1.4780515363394708,4.2708229847148775,1.5483214233175242,4.331242141043956,Feynman33,None,1.5863153608491476
1.651013067544272,1.9562739846569945,1.680848252899927,1.5801441688152371,1.3803493293893203,3.921493089992372,1.9088120687362649,-0.7019890465065317,Feynman33,None,1.8670502499164983
1.7231340056537143,1.5547767537854695,1.3856335086460345,1.09341739452578,1.6669006158696151,4.299356882066713,0.8062262328337392,-0.002471439923586227,Feynman33,None,0.4630662824153713
1.5268845419414743,1.2828797014230946,1.0816219243925786,1.0158056843415,1.0995805921830502,3.852368591755109,0.07792258551053495,0.7571949635054857,Feynman33,None,-0.9299993232908353
1.1909534428637205,1.107947609380695,1.7043157554563382,1.0716022361228077,1.284751006280601,4.307943836018195,0.17570004796286007,-1.7950253617613319,Feynman33,None,-0.6490419914025647
1.1507163309267046,1.6049889753629127,1.3832629518868347,1.9968678625800598,1.597576711576601,4.036606394303935,2.036047398503674,3.738247269238947,Feynman33,None,2.1706874672693504
1.4024414325169254,1.702605067222922,1.9784477533677198,1.161162931986273,1.4061442093893441,4.945818981283004,0.40822495288807953,1.085948231582424,Feynman33,None,0.5663447029700374
1.4131953564304736,1.9636426972553331,1.2871140668467782,1.3302852101255276,1.3697068144533273,4.054864833718541,0.5653491526486024,0.6188580984153523,Feynman33,None,0.22031809911181843
1.5107254278653741,1.4511775642497033,1.1395149926445947,1.7855780194172453,1.2371960750180084,4.810126360849543,0.19079687266718806,-0.5968603824310962,Feynman33,None,-0.0775363175718351
1.6631440708361829,1.8938575906940378,1.2181479901368268,1.0101826139652632,1.898512077113346,3.522930967830846,3.3465188857732704,3.9225256034745324,Feynman33,None,4.521582040280913
1.1132842991590892,1.4443421186940375,1.8652827808714716,1.458248127718094,1.8955346704376363,3.359163957371453,10.8764234573032,10.272146906360502,Feynman33,None,11.736500245159144
1.6967367133206956,1.5023900088744682,1.824360822609802,1.0909083294377726,1.6651332799936052,3.1913820242318667,5.918063003335377,6.285898855427276,Feynman33,None,7.302077214573634
1.117675683919125,1.737706432707819,1.3641801109412985,1.881249331311116,1.8596685963063617,4.754560600673356,1.7479780726524707,1.6498896744381941,Feynman33,None,1.7792536171217903
1.366716258997612,1.2980086237686508,1.814394382073119,1.8268332333987185,1.3068573244859898,4.400009582354868,0.7642234510959052,0.8030627718006488,Feynman33,None,0.6240384761588172
1.15818140584347,1.8415506800303647,1.667776927401706,1.654675015424926,1.4163017135901041,4.048444346779103,1.3231665895398224,1.5301567991828247,Feynman33,None,1.0785528404209417
1.1258457929327004,1.669530806838866,1.858687159808185,1.0820760763555035,1.601627490867647,4.577994485862043,0.619497309115203,0.5845309199101294,Feynman33,None,0.5418237731565875
1.5823070907356998,1.8602474574197312,1.6392153903205604,1.5793171094370992,1.1896905400014601,4.375767653163267,0.5264806904489631,0.7185581838300455,Feynman33,None,0.4803959197681182
1.3811120933707017,1.7097981766593415,1.6558533385242709,1.791041272684636,1.840583404327654,3.042910726534476,28.962266495376102,27.179151429656365,Feynman33,None,21.262852893522556
1.4520214285732196,1.1108960131285945,1.599547910157713,1.6454479707081928,1.8297093858719387,3.7500366461162375,4.569271486803152,5.377920131306921,Feynman33,None,5.1349301424995
1.302208889301296,1.6285669546920285,1.0399154051712598,1.6450969604939438,1.8571101046781078,4.884522557844191,0.7423883751491328,0.43205798126970424,Feynman33,None,0.5696330058643799
1.2345222936427709,1.8948779259798259,1.997248601103626,1.807751668483892,1.1538575747658295,4.196343075475987,0.8545199845474482,1.3815362375798594,Feynman33,None,1.1067061933389852
1.4809776162692176,1.2517805481034479,1.9715897222482792,1.606554731229676,1.2075574330118761,3.678774443862533,1.1361428392782333,2.85884882986423,Feynman33,None,1.3375417184077945
1.1289542777641792,1.46656686277458,1.120725189217938,1.8967092154027685,1.1330125781748697,4.66711801356881,0.12290540510754203,-1.4097763603349116,Feynman33,None,-0.11314093366306688
1.5937288821714686,1.2370013549566712,1.9433051431116037,1.1737235113927267,1.2038431936170102,4.10886598278114,0.378822137335856,-0.5312381645728995,Feynman33,None,0.43741803443158755
1.0749975443023352,1.6785758843432186,1.7296532471783899,1.796636556510252,1.03682770845265,3.6016487869387563,0.5959874694037716,0.5002979647423277,Feynman33,None,0.9281441011680202
1.268231428758234,1.1168342685954271,1.9252341846830001,1.2034064793497776,1.1572767002392126,3.0161125700838936,0.9491975978794527,4.004580118967336,Feynman33,None,1.623030479339135
1.173241356624253,1.4021406316538336,1.3342858866052651,1.405970065956844,1.0609016311181225,4.181019099215448,0.11484052283842952,0.3396825102126701,Feynman33,None,-0.7806426254583908
1.0922778172704,1.8643748355244574,1.4102124573716868,1.78192319449317,1.6526226242518385,3.317356410267144,5.869459167575831,6.367051110896144,Feynman33,None,6.52004208757513
1.5595375162094929,1.5404511842563915,1.6403238086765035,1.3497700609811707,1.061584605482645,3.3569497114777658,0.6090733089574404,0.8390181976276396,Feynman33,None,0.9124306915680114
1.054094273474521,1.1319345979877602,1.1224259161511898,1.0867394990753751,1.2223233294520257,3.1554698570959725,0.23177150882470451,0.1820399282414725,Feynman33,None,-0.010152212683324774
1.2458265629114909,1.3134593584094134,1.9568852094097724,1.1752786549138827,1.6719223451255543,3.943376225531896,1.7413500776611863,1.9761476080232798,Feynman33,None,2.0754109658202284
1.0973646240001886,1.1552540751990024,1.205114399185733,1.856702928656404,1.4144134035068832,4.763710929741076,0.24850960410446316,-0.6975822327545289,Feynman33,None,-0.26481100825884163
1.6184248737630704,1.471225081281415,1.5755671932454254,1.121485412399394,1.2243329101166955,3.759598482372403,0.43825659058617017,3.8372743659907367,Feynman33,None,0.25674392025661347
1.402750180458527,1.8819659468887946,1.4320198898556307,1.7696873904515924,1.6837489577429547,4.0123746371087154,3.2443156612970583,3.775982207393693,Feynman33,None,3.1592863526109833
1.0493526733846785,1.8161940150387625,1.17045645765663,1.2055355617578773,1.7094224383261305,3.9569375780292844,0.8368101126876066,-2.714421443211649,Feynman33,None,0.5541501138746732
1.7956695151511441,1.283984682781516,1.078304859007761,1.6674183190958238,1.3231814956997678,4.600829235297822,0.2538449759264328,0.11078143254928352,Feynman33,None,-0.0827711731369117
1.8330165448846292,1.104861788761479,1.1290082999721882,1.1592883008985404,1.046231762250106,3.8062808134082378,0.09706994555600079,-1.0574678822477974,Feynman33,None,-0.528952232281936
1.8201647668494394,1.7275863815542691,1.85816231835136,1.1894452858063673,1.3505573995971472,3.4573485279274614,2.0863762142607434,-0.8542449533131138,Feynman33,None,2.741847852855741
1.8280787913104075,1.1763221841523,1.0673105376121743,1.5506051168485517,1.0143326029292599,3.86602022545988,0.13483698215814005,1.9302480136496742,Feynman33,None,-0.1588097416035578
1.5633375774010165,1.368808389271639,1.9585628448452366,1.9700078467456574,1.6570251350739529,3.226343856257218,17.12970802364344,18.503190230304472,Feynman33,None,16.423594593904603
1.7234599981329808,1.8803587721366197,1.197800872429736,1.9383628063882359,1.3310052646625845,3.3951875668562086,2.4130706756938114,3.15077591627489,Feynman33,None,3.1775489765280813
1.8926920291519873,1.6965749827985326,1.6788527451336002,1.7878670907041005,1.5779095965495205,4.587995633744498,2.1807920387766426,2.8639386734132484,Feynman33,None,2.252430014800447
1.4818732544309183,1.02576981092631,1.1035824234027451,1.0274760064631279,1.1842233098805468,4.300461205103033,0.055115330953963745,-0.3530788324720068,Feynman33,None,-2.2539970348264196
1.7914558875341537,1.6323774973798486,1.3616542179947535,1.397710796063345,1.5047616437049385,3.578930394053037,2.0460104474955707,2.2203379222460145,Feynman33,None,1.9823914512492802
1.6194607628670157,1.9105787296979164,1.1032516135715404,1.4895034589352885,1.0807717582839291,3.359855066552598,0.4662116760792507,0.8881065333177229,Feynman33,None,0.7139787442743412
1.5483174165794562,1.2513178695474467,1.712858754581121,1.6168911257312153,1.7825572577816486,3.6923487341262424,5.748699853310856,5.822939482402937,Feynman33,None,6.1829906003468755
1.3682250774728357,1.1904754190090103,1.6042756544182444,1.8657654876596705,1.5770118419767543,4.504208608747993,1.1931448591679081,1.7110321433469713,Feynman33,None,0.9085691056901131
1.7978387513952923,1.156304662388557,1.3154962848682588,1.301028582612851,1.4866937544894685,4.282976723322351,0.4787252816342467,0.9878450421504157,Feynman33,None,-0.06284437325714255
1.0313637761577197,1.1141565489841154,1.4718239991353783,1.3784924555525095,1.7203988762608802,4.473917996968144,0.5966516134395763,-0.840353411023874,Feynman33,None,-0.11205301714490154
1.8712509973922684,1.527743345946504,1.74137396372259,1.5391101385260115,1.0670915966814736,4.112188773999127,0.4483944100966249,-0.849802116626337,Feynman33,None,0.6630974049071533
1.3767766710205458,1.9287372098046642,1.2542574842232845,1.321226010876058,1.99203629645364,3.905947289516969,3.7747760906012684,3.5031442289365886,Feynman33,None,4.654345250715014
1.7732863414486777,1.2427397164755891,1.2271993878180867,1.7673262027965642,1.582516359801022,4.780622008498538,0.6576212455768959,2.354008632640258,Feynman33,None,0.42716486373175117
1.207705284549144,1.420532935207307,1.7893181747302476,1.7733218851313395,1.1947758766475758,4.652765778069023,0.36058102515676055,2.5619169970566618,Feynman33,None,0.32782897497776975
1.0310798987722118,1.2227784780671591,1.27791295003412,1.1065973472715225,1.3420162728160523,4.909197353942745,0.06889102433861384,1.2352323511511556,Feynman33,None,-2.7244410222239908
1.7654430199103133,1.7531005906403843,1.9358961748069978,1.2698374244812711,1.181298779959137,4.318839160991663,0.5122980812763218,2.6173658465119143,Feynman33,None,0.7115986785485648
1.2258095888456397,1.7029336190051356,1.112356612894928,1.6655845919995798,1.3731018128391674,3.362852697427783,1.2015153370639375,-1.507116182392523,Feynman33,None,1.4007369100189209
1.7924169487709034,1.6100180200557308,1.9893561041112688,1.3135212169816046,1.7036614177920113,4.532921815844727,2.2333228017691305,3.4830190055328614,Feynman33,None,2.46800809131771
1.446059239976083,1.0011280373781657,1.502777374462326,1.480831030357471,1.0111406029760293,3.0054019040390543,0.4892625433978474,0.8326869710358527,Feynman33,None,0.8534286784828855
1.9627831073420419,1.6497619034349587,1.4335968457406723,1.3724650225668087,1.3995891701404508,4.593639386100377,0.5498395416992203,1.989777367489649,Feynman33,None,0.3586236700637714
1.5976846609590476,1.5359803577672664,1.149920414706026,1.8314431377968134,1.9392713652267286,3.9963713772965157,4.325096508981625,2.716772244497079,Feynman33,None,5.546891178892355
1.9708261477973346,1.1778558636208913,1.5172014134537237,1.420219335389151,1.402355641547617,4.64431049643358,0.45437366321316386,0.5655119004636228,Feynman33,None,0.15153713485753403
1.7447540823186296,1.7145303102253353,1.913408018709519,1.4298688388634846,1.5687858683538611,4.007592894492019,3.071643803838433,5.5633216687537095,Feynman33,None,3.207943726044345
1.02218135885004,1.2346866290105565,1.5982161953265388,1.061497211559018,1.2101199708342745,3.768939568385515,0.2010119228643995,-1.6786669373829342,Feynman33,None,-0.44905919690465645
1.6423115387613492,1.7035047859719126,1.4065817213664014,1.0335631562073218,1.3216474738366137,3.4678562563274413,0.7152025316369354,2.9798636790089192,Feynman33,None,0.6723904181164606
1.1065568083105426,1.9766177189454985,1.768759486077638,1.7759152914338614,1.470152099460293,3.9887109503516207,2.2341253405629455,3.747767657888697,Feynman33,None,2.205884944277843
1.2694996041602735,1.390254834050534,1.0364116463571138,1.5798081643134974,1.4971791541518535,3.7965231802240447,0.6721357755914172,1.74947599130148,Feynman33,None,0.44749376348462583
1.3383254669252622,1.5142391578256764,1.6468146014309504,1.4050841542766803,1.3486555884342968,3.0569933466917876,2.6544581649088874,3.355359903226533,Feynman33,None,3.131001594587366
1.9814657083999978,1.340677263486854,1.20522207670193,1.0372708051168904,1.0094983306330523,3.052025855412097,0.26243779324150224,0.21731716693010336,Feynman33,None,0.6868679823484779
1.232217754450828,1.4866784526374508,1.9607945066671344,1.418314121096877,1.3046690401284977,4.820725818759367,0.37070088530160206,2.2465131458202103,Feynman33,None,0.4377650720575546
1.2846071614144152,1.3155282927622494,1.1426549039219693,1.2472531788747432,1.6202688206769564,3.6278275558080786,0.8927024578952009,2.120571447339406,Feynman33,None,0.5691804975598321
1.1082130244379509,1.9342038157428147,1.405841326098432,1.353690295622188,1.2476547494952106,4.582998404936508,0.2083470921179268,1.8625467482890077,Feynman33,None,-0.3235645024141266
1.1714068537185398,1.3518383062648405,1.374039651331152,1.3453010057183366,1.9504222929268291,3.4222366448827923,5.245520411757049,4.422060393337093,Feynman33,None,6.142234488396551
1.0052140064036585,1.8552848208738268,1.0016854944599467,1.364134381684611,1.4218122749593882,4.131888998618925,0.26313319843967287,0.058441092297608466,Feynman33,None,-0.3652633190450559
1.2337835202608007,1.7393741808092575,1.2125164676745928,1.4106021970740485,1.9478469543722503,4.926221174228975,0.9031047506875823,0.1318514751176122,Feynman33,None,0.853789745402429
1.0748313880045384,1.2526244779078135,1.588210551490901,1.8728662247235892,1.0154085138394908,4.609896027689167,0.12974083186399726,-2.3072505041597045,Feynman33,None,-0.06501036647718654
1.574282119279784,1.4160728382606127,1.669743268818821,1.3347171071198558,1.0174045574182404,4.680083768198681,0.11411551150254928,-0.8021076953535111,Feynman33,None,-0.23666340454941825
1.6068290510088208,1.5455246637431654,1.8933520579364675,1.026227393500922,1.5553691174038045,3.644386968849627,1.9479052271980148,1.3980106600532751,Feynman33,None,2.508406616857925
1.747465502681204,1.9740435356294674,1.1974494639028503,1.4823105924343039,1.1821494793467335,4.1321814648080935,0.3617309740143617,2.417516720500464,Feynman33,None,0.27167293628139927
1.431618691800712,1.7913929698109368,1.068609214806843,1.9749548191726605,1.0449177584986744,3.8462967972830944,0.30381573138404294,0.8525316737609296,Feynman33,None,0.5199506108158062
1.4108328999796922,1.700563730054128,1.1988926283408565,1.884127603807478,1.2156870652339062,4.997666733096185,0.2028312845318896,-0.7513124479277905,Feynman33,None,0.15070276194655008
1.2477554506766444,1.0171418411041648,1.3610752555841705,1.4749353714449223,1.0409374713072395,4.99805211175698,0.04404763626594405,-1.2510599541843805,Feynman33,None,-2.1475896204058453
1.0061311948635483,1.7666016495274213,1.564897957475503,1.3800335816421667,1.2626641500845666,3.6704097885063462,0.625645251523628,0.8965637022021637,Feynman33,None,0.46659134326895857
1.7830422435115578,1.5659558758650878,1.823919076000811,1.1929744116525083,1.8391748910494723,4.161916762026863,3.2608652330255836,3.834989059079412,Feynman33,None,3.8143712454242937
1.3774103745999007,1.4818709042572467,1.232900020011682,1.4129942215885427,1.6615835780122294,3.237554906708172,3.3178101375581703,1.8064348655520854,Feynman33,None,3.6558372911827357
1.1473893172007585,1.193546395444765,1.561389327390946,1.738694767020947,1.627012519870336,3.2012078435905966,5.128377671291082,5.366663869896044,Feynman33,None,5.826965918862963
1.7244422435886722,1.9590289989284817,1.8453199912053635,1.6529885850623565,1.2459835624881035,3.1830657654530086,4.311151899079501,3.6460883104492456,Feynman33,None,6.173836308323512
1.120480459462669,1.1757309037963957,1.6470736374782549,1.2106564704321414,1.783460560483436,4.98316871773099,0.4735406350451217,1.1748007214662806,Feynman33,None,-0.02905665411503077
1.7613161644207533,1.3948594762113795,1.117934208414116,1.5094086902869954,1.5284277456994584,3.6149156395943463,1.3885433523995634,-1.2579726236801572,Feynman33,None,1.3835459371466325
1.5574432366538198,1.2357906043459224,1.0561558714171326,1.9668525864539959,1.6343285263673457,4.949143825071981,0.5211636617357255,-1.9658103769051176,Feynman33,None,0.4062940298766366
1.638462716796107,1.14632162593109,1.2077364867216098,1.5165754683385035,1.9824581941680826,3.1173162080166934,12.171251864791703,11.673134194313716,Feynman33,None,12.354248127783828
1.4471113098200459,1.0410160150793262,1.6195203598539245,1.6674242049848438,1.6360505500189575,4.8717004563935,0.7435581726147266,-0.10051276430809497,Feynman33,None,0.3567639933508607
1.969946729809239,1.6048243988390427,1.485710751158571,1.7483038737188172,1.1012184920142263,3.4570452165511494,1.1394135574652453,-0.10535962815480637,Feynman33,None,1.9205450897190262
1.7543208934855121,1.417891167189004,1.1165084779618335,1.6871474493200413,1.105109395123352,4.99959779987802,0.09755763176158493,-1.7389978759340485,Feynman33,None,-0.3610151988063333
1.4068774452155774,1.5992952491504342,1.1625204833204685,1.9075443489500938,1.834066642941528,3.894667425539031,3.763391864387799,4.4811384679531185,Feynman33,None,4.696168014403009
1.396030305111612,1.3875605577746357,1.7878008614063703,1.7832537829680661,1.2018970230924242,4.022741846790855,0.7923153789622018,-1.5409430258101038,Feynman33,None,0.7372526388154744
1.6819533775549593,1.620041708631935,1.560975658860093,1.8764989576284001,1.5786486528094756,4.087845624064922,3.008577410191748,3.14746015089789,Feynman33,None,2.8414861345718014
1.667780358196047,1.3951307115072036,1.8179634628041503,1.527797466206742,1.0753861004238452,4.298480624772507,0.335183045632244,0.6447311521706263,Feynman33,None,0.40979648542497765
1.0325186650350453,1.0380490782813154,1.8528335339212922,1.0449526384253716,1.1515254985250665,3.294931572553318,0.32578234181075405,-0.23206576187782457,Feynman33,None,0.4473530968550991
1.732053892820773,1.278483218243315,1.9239725363885074,1.2686969719902679,1.597779406398026,4.3628664109668085,1.3259331448603882,0.9985464088445908,Feynman33,None,1.2517687364126204
1.927602589576305,1.5195093388563228,1.7170402684714205,1.2244228605723726,1.8501185003058125,4.674992565262623,1.8700683844604544,6.327688701621824,Feynman33,None,2.03984553899732
1.50546241602884,1.1046948711570144,1.6718991758436914,1.2836465000273551,1.138903636697918,4.4148249552886565,0.16308859981881968,0.9301786784765671,Feynman33,None,-0.38652877852228734
1.582978326325942,1.6417903205786795,1.7692462395235795,1.3678153608166603,1.519906671667889,3.464159337062811,3.6233266890703457,3.5303893656169962,Feynman33,None,3.882488062943548
1.592520575436458,1.5508832020552736,1.0185067355534871,1.2033074030968556,1.8575070032707162,3.502229151314458,2.3805849151443557,1.5594999455616079,Feynman33,None,3.1254026927077727
1.024517808153305,1.7705709947012496,1.1037432211011704,1.2729679716299624,1.653783440890867,4.676214124390217,0.30654009651633596,-1.1111074383249733,Feynman33,None,-0.33704093420491066
1.3369120145819786,1.5331811586753705,1.8521854196810421,1.1886531005661083,1.8187666999507839,3.726182291720731,4.0708612015904295,2.240206750047192,Feynman33,None,4.983368694566531
1.452368885796369,1.7045754780181275,1.5917797759437549,1.071083623168021,1.0857933723601196,3.7305929771425097,0.25819930832931093,3.4456711068372097,Feynman33,None,0.17682270392101263
1.0132763850462452,1.687615988338985,1.3423215641977158,1.044496726841348,1.9555706149418164,3.2457478086514095,4.57283855282106,3.087498483784971,Feynman33,None,5.8657410821842495
1.8878817398251622,1.7468672882971015,1.0668608213866995,1.8845247646186842,1.5191815033492204,4.762527176637047,0.7165378489859149,1.0151973768855889,Feynman33,None,0.7334170170662324
1.9366028192575797,1.2931813803259316,1.1730470302113245,1.997709773055337,1.637451895213888,3.6526809781590646,3.6439838617468325,3.66122291267501,Feynman33,None,4.762947394625393
1.582520098828315,1.1779887022753588,1.899020928666723,1.1000511733026337,1.5830472550446135,3.8907541304151287,1.341221189875152,2.228636754530107,Feynman33,None,1.5247072494462155
1.1517935765314653,1.4060491752104096,1.8531488248667622,1.3796787883477553,1.045158254195882,4.7112279279283005,0.11881391033538327,2.0007525538353117,Feynman33,None,-0.1236538053656457
1.0703749427595728,1.613621076484391,1.9673143028706537,1.1499095714096448,1.8637098398391787,3.417374445547566,6.635190989962519,5.706029024500929,Feynman33,None,8.8375694843296
1.289274247385166,1.806941958364603,1.62238482788284,1.220507994218587,1.6342257688364588,3.5317592962695326,2.8400771469308306,4.654212466410286,Feynman33,None,3.0736628052783463
1.4178128456545953,1.1966110384597974,1.0523992973556022,1.018654665403018,1.2526404804755025,3.2292414437805275,0.25622560025284485,-1.1896297480031606,Feynman33,None,0.1264135852201244
1.7002187480289108,1.4137163368044723,1.8069351982146125,1.3228817756609983,1.9315900311992038,3.340318684924826,14.519520386047773,15.220080053814657,Feynman33,None,14.604861774349397
1.2798536957466309,1.7835422439386042,1.5375895311352137,1.9645612164843778,1.3312711610898484,3.9431988666138933,1.4438777704630263,-0.9109150407264943,Feynman33,None,1.4056266814189475
1.8095762962100999,1.8722971257093537,1.8501097930976234,1.9487552007515054,1.2117605749032498,4.5873928433088205,1.037952967328405,-0.9099304299020456,Feynman33,None,1.531459450475648
1.1758970322334923,1.0766903301883308,1.4496007931970893,1.4554765524233058,1.4167453547611533,3.178827322836139,1.450412977712199,0.3315760585528553,Feynman33,None,1.538699202947242
1.9257805137994355,1.866563681330445,1.681740866869667,1.2777557413461524,1.3436067168043297,3.368942650660637,2.4873376830471026,2.73242543668214,Feynman33,None,3.2729351055104114
1.5242321548742488,1.765621788133242,1.0200428492525504,1.4103049304807658,1.8896941075769316,4.697072184475031,0.8700015097591246,0.9357514662985517,Feynman33,None,0.8065603444883885
1.6079013230923658,1.0214549573084135,1.1978574093720278,1.4576180579335416,1.3508728755044865,3.267032006957354,0.8920100809026106,0.2687177605447836,Feynman33,None,0.8658152947778286
1.2427543878040526,1.84921175274177,1.6781487435151792,1.5517138382734408,1.333328244329655,4.310585464021046,0.7306335350254368,-1.5500775879367095,Feynman33,None,0.5034266930084963
1.2695408816298093,1.8743642305919905,1.609940220270158,1.368090907948787,1.4391694012390883,4.016964943619966,1.04862286007677,0.7903912966158912,Feynman33,None,0.738980736466274
1.281381835130429,1.0804934026808455,1.2935016729284197,1.547706729155405,1.9873241402907194,4.73970064837739,1.0575811809340192,2.548712878797544,Feynman33,None,0.9296903171978426
1.9108647652513993,1.8129074116704114,1.0512035091235683,1.5717664455798066,1.6481644949480734,3.787006969814777,2.1630269695326816,3.5930804455765184,Feynman33,None,2.631647217698094
1.1134701268536085,1.003813595601589,1.741158787213387,1.0954206981361676,1.837450628722878,4.741501680732659,0.531862830640819,-0.3625791716958453,Feynman33,None,0.10748654905945457
1.5328308524490253,1.0459381235782068,1.6415958161868234,1.4160603052932492,1.425178310487507,4.10745016294351,0.6798185709354925,0.14201934474384204,Feynman33,None,0.19854520863384348
1.650480861786897,1.4062415232946874,1.7740101320001562,1.446892089137025,1.8798495712254537,3.1925320338333667,18.042332512098525,17.03938819009687,Feynman33,None,16.108611984411635
1.6379007911974532,1.0402356629231169,1.033038047468377,1.7189489076164444,1.7667023298052,4.090120807415646,1.1839706648891866,0.6275521000146914,Feynman33,None,1.3248797243912436
1.3647324588774041,1.0612604663552903,1.0038628319067322,1.1839399959611423,1.6491725849177603,3.5235562023724123,0.6743328253017533,-0.8703233847887182,Feynman33,None,0.2644591551700353
1.2688113138910744,1.0870752365881822,1.6571368640712176,1.2935242818728119,1.2129798686757511,3.7556289630031676,0.36006680498001337,-0.48835595921622715,Feynman33,None,-0.06265452681582342
1.5348819641318303,1.9137936577547814,1.6266521890369965,1.6808200411442697,1.218867989912558,3.3728826617711567,2.07521607296321,3.6238272473004693,Feynman33,None,2.684717481397622
1.388136036147924,1.1485771014608375,1.0967992504182043,1.3165897687939254,1.9342854578771917,3.391861664173182,3.2346659943574267,1.5281167511286582,Feynman33,None,4.176148499871858
1.5185394723835484,1.377062144851227,1.8537718973092099,1.5639045307459587,1.3499892616947589,4.1326884892469575,1.0505206119131445,1.8756459147363662,Feynman33,None,0.8460513503253393
1.5922870561222788,1.1193644631522992,1.767133742196579,1.7886028768044233,1.1309129676605107,4.393011494693178,0.3757295075121766,0.6803377343439196,Feynman33,None,0.3470174057657506
1.6831326555244703,1.6055416654030408,1.4215308370850233,1.538158184768788,1.5087385256124535,3.077485724672828,5.417295537773828,5.252600803944973,Feynman33,None,5.737398826142782
1.769294994702967,1.1433572362337694,1.2594938240867575,1.172120266441983,1.387599211299261,4.899092609069442,0.14048674814242615,0.12366059510999716,Feynman33,None,-0.8724669806712776
1.2312969923590522,1.7368786894750015,1.8549146661478786,1.0747669382131826,1.9846872062547156,4.311857027375325,2.572793867311411,1.6333764583003643,Feynman33,None,3.451136396946232
1.7522538917887993,1.7865311554655392,1.0056336180661483,1.9225294907571695,1.7765472778407667,4.273998636636895,2.1381870917147974,5.32022136427209,Feynman33,None,2.719885771866082
1.7488763390760558,1.3601358893823037,1.7627363430871674,1.0872874908557333,1.3871135803459174,3.1921753592793447,1.9831765192593191,1.9831574866690478,Feynman33,None,2.697545337851299
1.1888478091736312,1.2226368385245443,1.5110033590179581,1.8827839285494892,1.3570956186390568,4.766036113343428,0.38361883297893545,-1.722765432156411,Feynman33,None,0.1835953454287452
1.7170518232260266,1.5606914749518885,1.4057339531479551,1.9516336894378212,1.3505986406565877,3.65604786526359,2.1100473631797407,3.377922910599492,Feynman33,None,2.2960551350806373
1.4751912156010774,1.4084047916506712,1.6799463014155327,1.1332675087040647,1.8058823751608086,4.784377774740527,0.870720859824464,-0.38946886599253117,Feynman33,None,0.6744751025823805
1.2001593935300328,1.8123538884409485,1.7839569494153704,1.2686307428301165,1.0953630662074687,4.81667329894509,0.1387957503734891,-0.09257701946836586,Feynman33,None,-0.06375002499538097
1.9273225897928432,1.6172955813712062,1.4395992228602124,1.856418232424481,1.0224355491519024,4.354877656521056,0.31736216476960954,1.4467506434908324,Feynman33,None,0.5606806224825646
1.326141100756863,1.263212030363717,1.657277027995875,1.2613041998852639,1.8969021257484049,4.368962114418066,1.654566482923677,3.8356660344353863,Feynman33,None,1.6365035304640825
1.4456689200248505,1.3763738529933947,1.9807053037759852,1.5844966165203132,1.0913005439180643,4.186660599891577,0.4362535662103436,-0.35809347151204474,Feynman33,None,0.6099335454314234
1.0066597831392528,1.3705675023414758,1.2116918259456337,1.0249514884938593,1.3282772559751506,4.887351980544181,0.05669872149694844,1.009729857708545,Feynman33,None,-2.843936289544019
1.7106292849678795,1.755337193241152,1.8065814512532583,1.3588970957026352,1.4228136909137885,3.0469810582880177,5.89452373466036,6.012197078342908,Feynman33,None,6.885822518139466
1.0259272424249088,1.0755418973255502,1.1179479353758857,1.9363999936792258,1.0064152753993083,3.708069905785072,0.1369766297073967,2.8552069185196727,Feynman33,None,-0.013413327611894656
1.3782918896552978,1.6559739673840999,1.5354143097257995,1.2596721689930492,1.0648623887865623,3.207986940946154,0.5483950445007776,0.32973583339189166,Feynman33,None,0.8556215609005119
1.648927130293374,1.0440456924495902,1.0984437119380908,1.9500514221236114,1.8753140682305327,3.982029684671706,2.6874482668959545,0.28257483093437097,Feynman33,None,3.961473251945246
1.5538138128643655,1.0139908815774668,1.743224913979978,1.1823251185755592,1.6289514138528174,3.3522333141870604,2.678902406733491,5.346053530295684,Feynman33,None,3.3662406054372833
1.5934970306133296,1.2900466750096231,1.4285822781590067,1.7327686497689794,1.2051840122322752,3.7641080580912556,0.6884090673121693,0.6458469472908217,Feynman33,None,0.5621190498949397
1.0457935239385157,1.2373829835223793,1.4921811414143202,1.3257748148446684,1.5713226373716007,3.378427049170014,1.6164036520397012,2.1273363332042097,Feynman33,None,1.6434027399942377
1.4505269340593712,1.0783118919108028,1.5744892887028237,1.3947783710449249,1.7504194588378046,3.610820509889579,2.9817657042665324,3.7435003498013746,Feynman33,None,3.2355611121471
1.6331333893022264,1.8783522892326576,1.6552334995439684,1.9881607917667035,1.4246672367259445,3.8902090976708408,3.3385010619766025,2.346150094260132,Feynman33,None,3.554631946352355
1.1456818732857754,1.5579399267161853,1.65832124352628,1.4645709392345285,1.408751944926615,4.091467161961131,0.7977935121486381,1.534020439899043,Feynman33,None,0.45570582355204137
1.9756992288093196,1.677758502308723,1.497397772722954,1.3696815952908352,1.0537252031549662,3.299098629692455,0.7537765559832973,0.33138687590317956,Feynman33,None,1.4633318878672454
1.926044410942167,1.300126305802479,1.413697249834559,1.7768168850456547,1.1282015739479925,3.59076873479348,0.793989522283418,1.6932427499004912,Feynman33,None,1.0296153099974215
1.6750498021300588,1.5680512356877205,1.4745185767147935,1.8097361820677027,1.2952337916626653,3.667200227821918,1.5914526190427947,1.973666626432229,Feynman33,None,1.6169535007330056
1.7373146059562445,1.188291608155884,1.2186743879974957,1.8191393201993775,1.658914553962974,3.1789544310398776,5.952169645613523,6.700626851701788,Feynman33,None,7.108726844213804
1.7612469785525078,1.6572777259722653,1.9854616963826914,1.5828030341844588,1.2463369935300097,3.4466327722695334,2.7325318821773568,3.2610846794332815,Feynman33,None,3.8463577967138654
1.495798965555406,1.0581358018795504,1.946644591877212,1.341183624029455,1.9979516725897368,4.040268308367114,4.735097986385213,4.036776989156737,Feynman33,None,6.401452873943315
1.1801015932235306,1.6226429534297326,1.860749092013912,1.0041971536266152,1.6833116647929964,3.240587989272015,3.8243088638453706,1.6891064967824434,Feynman33,None,5.444959566143059
1.854813594302641,1.3530989628991215,1.7562569551348557,1.1573984383201967,1.8129638537812913,4.726327788174582,1.2929032527398496,-0.24662962660365295,Feynman33,None,1.279262851707718
1.047816125108294,1.3960269930139186,1.8191161346042564,1.6424294196082747,1.2922634053839455,3.8232849211316924,0.9098921372048027,0.6894865191286359,Feynman33,None,0.8150429451588419
1.7400260011433635,1.8661953870770351,1.8336890122551308,1.857523326034055,1.4923370128844278,3.139453013726664,13.44754231590851,16.75906770785494,Feynman33,None,13.569421784590043
1.0627613820808157,1.8213248600706105,1.9457250854101331,1.7236606279650504,1.3572501676751592,4.432286988187516,0.9764040074747281,0.4252923611016338,Feynman33,None,0.9567713315001162
1.5762407326323218,1.673596682923859,1.8974479162008815,1.713063565873441,1.4609004588023546,4.428588907715039,1.7407614131708733,0.6379000146046019,Feynman33,None,1.6069667754961146
1.9557383959880066,1.596147123405452,1.3388504585918044,1.0662143145067888,1.731851382266893,4.241130489372562,1.0670569527796483,3.005938408780012,Feynman33,None,0.9015447987742783
1.8913039655877828,1.2363927832986876,1.9671236691656513,1.4990105297595933,1.8811546127179009,4.260456355793976,4.994746076215624,4.828551280339297,Feynman33,None,6.067203442828434
1.4541286210932345,1.667715050148304,1.840474906050932,1.3242949558578458,1.3265485873081768,3.041974081875595,3.3275322126469087,3.101867766617398,Feynman33,None,4.239293004031998
1.4098961521481623,1.6499229705814513,1.3548458327109145,1.5736623770783718,1.5533455137195686,3.553551488022279,2.4714448221631127,3.1537038285207903,Feynman33,None,2.4023903712949184
1.9885576629791202,1.776154002872172,1.2788932278201557,1.803967679365852,1.1193003132492905,4.688749705141792,0.2875787852129271,2.5429216414739253,Feynman33,None,0.4011833728109833
1.064720138153367,1.531555093040177,1.5191521072209917,1.5800361760053856,1.018550815141071,3.3528431791718396,0.40679320020034626,2.2800480408123196,Feynman33,None,0.578134261984355
1.7598609084655905,1.6902141349770707,1.4288288543307157,1.3628197240012927,1.374740324607381,3.8854654559081774,0.9674417096620195,2.799590178425052,Feynman33,None,0.6885583591576734
1.998662450791243,1.051971988045014,1.1732394168191909,1.7007297126640344,1.8416190426224084,3.8052938543858206,3.2803032830650816,2.1158677277028324,Feynman33,None,4.450114053130163
1.149628835005487,1.4079028099499507,1.9573398712567012,1.7502522621128256,1.7420260064985675,3.9137594752901754,4.8570474355509194,5.334824296115806,Feynman33,None,5.487237277210004
1.601834908760981,1.7730414626178048,1.5847566382577218,1.9628424356088483,1.3183153291723828,3.561515243773016,2.901703628822226,4.432382413798757,Feynman33,None,3.378235466915828
1.3372503437005432,1.3925512384239978,1.8156754215072193,1.38359124135725,1.2963577436534544,3.259209263170696,1.7387784093283805,2.66213324338797,Feynman33,None,2.1035316482801676
1.1488261930506543,1.6556613161091092,1.7286755828427145,1.8131489192189,1.5610358608484174,4.128002899650282,2.1794230338045666,2.6366750294591683,Feynman33,None,2.0167704155252437
1.309594749620933,1.4793147236125423,1.126933477642521,1.360995634129016,1.0511365852863594,4.652619314232617,0.05522658812068828,0.5745901949407057,Feynman33,None,-1.4870095307981375
1.2393036955446357,1.9645523048961278,1.017510927716486,1.3253076937737753,1.6240594631255474,3.585684965838567,1.2353335099565004,0.24987814770013062,Feynman33,None,1.3158712864790978
1.6532201398686812,1.6616979058592793,1.5386791205790553,1.5808286153932796,1.4554940747058847,3.3065119043918294,3.932581736631069,3.3970972007361313,Feynman33,None,4.163856673672398
1.5959725918287295,1.7084740044402076,1.8368598711341162,1.7961830359398707,1.0412134496672243,3.5150976663981703,1.1501361197250148,0.22904441618775273,Feynman33,None,2.2046127897193672
1.1448084097981588,1.1910204301374818,1.4950036326256884,1.8770666104813176,1.9158812566918026,4.902233473617493,1.4616661355348224,-1.3133672250042905,Feynman33,None,1.3582187356364406
1.2441101311874636,1.9127493748150228,1.6516991489060442,1.5983691628910939,1.730063622814677,4.586810984038868,1.9112684700485538,-1.5299520432981828,Feynman33,None,1.7503881966876191
1.616420299139301,1.8582447893358502,1.901432494675066,1.238150815299465,1.6097395041794986,3.220944023296801,7.729628838285183,8.694374919658983,Feynman33,None,8.785339184119822
1.9204079736153545,1.0865887460692942,1.5806254970209603,1.033990802489793,1.1858067624311417,3.12133428070395,0.6642283893309718,-1.8343646016741206,Feynman33,None,1.0603109533538562
1.780401991058453,1.4023575461320443,1.8315785669302667,1.1411698019765657,1.5657732870593217,4.49788122702185,0.8687679600250662,2.79797416205556,Feynman33,None,0.7372303588900404
1.7219795546623538,1.8657206070807004,1.158109998508721,1.4993208189722118,1.177676957209028,3.612853259146092,0.573493762540091,-2.6117187060624016,Feynman33,None,0.6145393605426409
1.9979085593487018,1.625682377334887,1.354650431684916,1.6583888985647508,1.5185940704687093,3.626965612713022,3.102661708276308,2.7272840594160233,Feynman33,None,3.3802640808798494
1.6296435340043018,1.2987221548383134,1.7832574270894013,1.678076238386958,1.8254696750149961,4.054000469242717,5.13492101914258,5.576018028820861,Feynman33,None,5.520463004396592
1.5896100726175946,1.3425359554034384,1.8952765559255447,1.153662890517786,1.8813790452033148,3.4197213367152166,8.051473405560303,8.290453476839884,Feynman33,None,9.874231136967989
1.4133859315869979,1.7225346026900212,1.8545346732447956,1.021364640932819,1.5896528261654848,3.9786689515524047,1.3202957233859631,2.687620908904656,Feynman33,None,1.4626512980790385
1.2105112064137646,1.4424818768510204,1.2938580825701083,1.828896273596205,1.1715581880602708,4.216015179642531,0.28679303426962377,-1.6436128606831395,Feynman33,None,0.12887527127505635
1.3755764808388184,1.9592180400388368,1.3588141450649864,1.5803978413202104,1.5461080785241137,4.621477833789182,0.8268817373074322,2.142507442162422,Feynman33,None,0.5458190041449591
1.4126039114510611,1.0836679314896238,1.930337433837975,1.58834832871898,1.147190584981659,4.424232288001566,0.31319103071237775,2.529180046727788,Feynman33,None,0.2893443191217555
1.2324546070247204,1.6502375896438126,1.8705301367018359,1.571214385905196,1.8898804230962125,3.494263991248891,12.58038188078879,10.849842910744849,Feynman33,None,12.82897771571233
1.5646835910555308,1.1144691934709146,1.1022807229630978,1.4860734681403347,1.4291141681723114,3.2516399424374125,1.1234063597113475,0.29189641672793654,Feynman33,None,1.2577115883264227
1.4519136927667464,1.865815158645924,1.4113212590173974,1.1788961724532112,1.433757413493124,4.122167397563528,0.594976615736178,0.6176224005254989,Feynman33,None,0.21862291762436226
1.9923959244025173,1.68577350537024,1.7886147989112569,1.092089632802311,1.0138869966226494,3.370535562278274,0.5313215669615078,0.09620715241175759,Feynman33,None,1.2951407817929115
1.1071640243857692,1.7463750850511524,1.317023146950881,1.9573856635376714,1.639363950096146,4.078733412183502,1.9981173419706477,3.5271318539674548,Feynman33,None,2.1575498184638495
1.5747972369957661,1.8617001131270614,1.9505098054635006,1.0214169085743525,1.6481051183025843,3.468413310793615,4.145968898200877,2.5271817949778006,Feynman33,None,5.743418306324221
1.4977226777370989,1.947009566860583,1.4234356571293367,1.0622470171749674,1.8483902116045705,3.735547827308647,2.9355665689315042,2.9584060636178546,Feynman33,None,3.5729888592488166
1.6679259853519115,1.9312657059425489,1.9314644697092995,1.4774823625772413,1.2551994962028068,4.292142341764232,0.9610221559919537,-0.3697683869750471,Feynman33,None,1.1612122289767566
1.893554766038251,1.4362204657427753,1.7221195479987643,1.067451536737403,1.354186951040528,4.1721626584915015,0.5337941551541199,0.9327651240714618,Feynman33,None,0.38377080469614144
1.7898361499369106,1.190334725563569,1.7356452575568642,1.9150146328127429,1.377629497081183,4.485572654516889,1.0694265838684691,0.1211772273745334,Feynman33,None,0.9542718426641922
1.140288004156547,1.641846622839347,1.2933443459275962,1.4854212201316992,1.912662484749053,4.222629790753675,1.9285660308237291,0.785326375539193,Feynman33,None,2.0549047990695044
1.8336750551396355,1.1509664497579695,1.1053954826953976,1.5113107774851122,1.1089374252354038,3.825986504843573,0.2075338060339385,0.7702280233399801,Feynman33,None,-0.09447111513654781
1.020951863107456,1.5929471425691526,1.0153079838631984,1.358526445774284,1.5793363203674602,3.7161537484112372,0.6297647951650477,1.474993913558045,Feynman33,None,0.33199447170975055
1.149731490498768,1.4146522206878802,1.4274368964551665,1.1122726374855685,1.8649439301215174,3.0487441649439235,6.139912292293186,5.404674015478917,Feynman33,None,6.803798279958838
1.2398015450865603,1.5214576667626325,1.165746611727817,1.6701310556737783,1.073465793145361,4.212146221106392,0.14450343192308696,-1.632972703902964,Feynman33,None,-0.2856590371381703
1.4658892327237596,1.0814682664429678,1.7224861413415262,1.6551984676516311,1.1327020199118896,3.664015677990597,0.6026950497247716,0.8266014466990652,Feynman33,None,0.5644669109129167
1.2156916117906782,1.229184013270926,1.9839941063119926,1.3762422612455305,1.3341216157822926,3.282316008749908,1.8276903924271242,0.7271072716558251,Feynman33,None,2.4174351010886914
1.4052336853240255,1.2388252083536508,1.8690732489993152,1.1823406787723938,1.7209185964878637,4.5483895800537155,0.9940102485136888,0.17303500736788047,Feynman33,None,0.848416852176829
1.8215799795556835,1.7064057719610024,1.4972929280851317,1.8362605858189136,1.6526634482407714,3.7607769932583337,5.637730366488632,4.664667212198359,Feynman33,None,5.899566093683917
1.4744758297897895,1.5740472134477947,1.3726630215417117,1.1128333516725033,1.7791535147083084,4.979568670387009,0.48578491086391906,2.98966705504261,Feynman33,None,0.21780853598544245
1.1788272677135112,1.711226766114917,1.0668181325508843,1.692674498912294,1.456901001542127,3.392151599894457,1.4096327567272307,6.421897288674423,Feynman33,None,1.7360786437961875
1.1388739924036746,1.9318677370149777,1.1601257464061479,1.6532634878735342,1.1553014872099805,4.493755095027994,0.1698144890294571,1.919141930704037,Feynman33,None,-0.19675668177201808
1.998853249199514,1.9429774164689437,1.6065059542809612,1.6204181531784685,1.8916540803730602,4.715579101063298,4.054874773088268,4.399883477938422,Feynman33,None,5.191486499743406
1.830476558716737,1.4911424425778075,1.9946739035762002,1.0338812848631154,1.4528029513034406,4.1953033164279105,0.902786007277514,0.7410586498148142,Feynman33,None,1.0636887489056006
1.97187750186994,1.9898808025188515,1.4967226785034664,1.4237982468171315,1.0815625638704547,3.704443229410545,0.6481540999129953,1.5750389757043357,Feynman33,None,1.260288332573296
1.4193785243354615,1.0072168894936324,1.6389342139229917,1.0729237355480568,1.1315197124808531,3.9600388276434026,0.14635223738443406,0.6767819459959168,Feynman33,None,-0.5528481831139869
1.8246664387177982,1.0364072886945062,1.340710759541117,1.0145561451313565,1.7668811882250521,4.834033613530934,0.34847796925672964,0.3630459300049983,Feynman33,None,-0.1053584740367416
1.0876252735782548,1.5258843511998115,1.5945100933388552,1.3314828100220688,1.1459275765555854,3.4163313307982355,0.5035908465016743,-2.47161404667939,Feynman33,None,0.5050884420377663
1.52024497246635,1.8021617630292157,1.9620342045835168,1.2753196520213461,1.9106892663059871,3.6577234193939434,10.119099011835448,9.036144615153415,Feynman33,None,11.576387774449774
1.4348531453828623,1.180493781490229,1.8394062364600567,1.8263715106889595,1.2355197167665515,3.2262192256588382,2.365224207763273,4.483774507314292,Feynman33,None,3.175822349144292
1.2032328952788767,1.1075488684176167,1.4123786942750132,1.3224053993151101,1.995444284851115,3.5073151945878007,4.460676094934902,7.917722729910794,Feynman33,None,5.568698273323954
1.144667714347853,1.088549983448492,1.7244927231278069,1.8133126910941326,1.1176349545521185,4.066938656286316,0.3405801837067875,-0.9132381093504911,Feynman33,None,0.18391395889973297
1.416065598232612,1.249535208147504,1.1665333839988012,1.5984470325235036,1.7794510280312,4.381103190653746,1.0058134823744975,1.0828239128636676,Feynman33,None,0.7485302298495348
1.354133815947825,1.9273381789370982,1.7216610586756893,1.3320471306907433,1.9609149169478695,3.9112450207724425,6.481352085065387,6.176532812733538,Feynman33,None,7.513667234181556
1.6535287465807902,1.8644500982667742,1.5646126970243848,1.8259259103360783,1.8251169875671296,4.593699875999542,3.7031297166449573,4.645700261988314,Feynman33,None,3.946168123301608
1.1805588002074678,1.6626845562050967,1.8161926287975474,1.1811228626443704,1.6303858724824025,4.458614457540563,0.9014479772631426,0.5795160466568638,Feynman33,None,0.7505975670088305
1.3166882097880745,1.7917101328583624,1.6490016974042736,1.211115375419048,1.8748120357304545,3.051874000970794,14.480216376231558,14.787337256498086,Feynman33,None,13.325938294108607
1.4952830326677025,1.8443866183785471,1.7059478452608179,1.059213365198148,1.8575227604134885,3.378446401194682,7.0809246887640525,7.176845966198768,Feynman33,None,8.608517433432814
1.1176314993834633,1.120048972266055,1.8988572204830212,1.3484637109801128,1.8250326683405544,4.741930114508136,1.0394378879724886,1.2034280045623078,Feynman33,None,0.8601734800203319
1.7186523614524503,1.8885461224248128,1.5455974215414225,1.3201866704629,1.1486577842099646,4.576699348725827,0.25581913039749865,0.9780745678961253,Feynman33,None,0.13402549677186673
1.1967324173228548,1.3674328499765873,1.0239117166778422,1.5667821972688278,1.106155640582016,4.342240048518141,0.08496145575985216,0.825949106958024,Feynman33,None,-1.041107227359578
1.059528176432559,1.1282290376461874,1.7219896025516324,1.1374734867567096,1.2184708740589132,3.3058505477105573,0.4747804362771032,4.465338617205809,Feynman33,None,0.49254472393094917
1.5117109421181205,1.3780305303544331,1.971200515181864,1.429247646643589,1.0780583597964637,4.045351691090148,0.40478338575031225,0.9311163144469159,Feynman33,None,0.6050493141823553
1.05856003818686,1.0310664837543366,1.8214506014591434,1.3170466268448946,1.3425971733923994,3.262790441393819,1.0931720539782523,0.0719925385177218,Feynman33,None,1.3343055917477464
1.6238942786330808,1.8278827068343617,1.8406727777804308,1.1326573112064469,1.656838606115755,4.103804543726671,2.049594548969557,-1.1564470148374744,Feynman33,None,2.2008346317387075
1.3189908055912065,1.9818559806315994,1.3105633626784225,1.8657995264262262,1.2374210351063382,4.5202164855774765,0.42967705625234487,-1.7337031579863154,Feynman33,None,0.4039018560943771
1.1119527549690646,1.2262984819180076,1.8197437826808056,1.807665259036618,1.5437389604016327,4.445624741184097,1.1619865599213353,1.321237228496125,Feynman33,None,0.9437086310609437
1.0570603743553313,1.7438930734832387,1.2524167981915304,1.1896943857377944,1.888689054041516,3.9961580979154,1.4181622403367278,1.1918728096283293,Feynman33,None,1.5303136057611313
1.2369445117672655,1.3519072327030748,1.2862052097954169,1.7689866136681789,1.3895564981244302,3.3094725432608803,1.6610375262152666,0.6806653639959737,Feynman33,None,1.9359760148744356
1.2130605827602166,1.9218937059637802,1.133875401051494,1.34487625049168,1.4509359734330074,4.708474888530024,0.2499949293572625,-1.501878103417343,Feynman33,None,-0.3468457981729765
1.097032881187233,1.1957432843907057,1.9982106077480055,1.3830577579702736,1.4025785523466747,3.817965284987481,1.021441000795989,1.788983273619393,Feynman33,None,1.0969282309784096
1.9065056554521387,1.365542828075286,1.3305871063077497,1.0272540202945997,1.4333411082137557,4.727906555407804,0.20870793849147443,0.22479963926972701,Feynman33,None,-0.321181735830484
1.5440192108965547,1.3268750776385325,1.8371947023670332,1.8460650634867763,1.1367888570927036,3.8187159143681257,0.9333085243241235,0.7138389374740628,Feynman33,None,1.1519261310680469
1.4407068506288878,1.0339850209592683,1.0621585082989888,1.0574184702813652,1.9304051514383804,3.1414740610807312,2.897138672982585,2.095525144510688,Feynman33,None,3.728803644998548
1.3813083795846874,1.4379431933043108,1.5924828553278543,1.2553959498707705,1.2234554416886523,3.807963531214947,0.4406033878959325,2.2126891831303697,Feynman33,None,0.17487272047258132
1.5507299767845764,1.2851189561148977,1.96371688136729,1.3540660189913507,1.2833611125735,3.1313133240159985,2.405593344762888,0.6202579827395509,Feynman33,None,3.3398916042242313
1.97273079987098,1.6429185918912745,1.3414106379393296,1.361720853904929,1.7786876167912966,4.002416964010248,2.7433762029126547,1.4806354726493338,Feynman33,None,2.9583668025577845
1.886996392939619,1.6558573605617528,1.6586711303605828,1.7234115448046303,1.3544364523469778,4.617588372097185,0.9477589804798906,1.4411992155439048,Feynman33,None,0.9576833086026783
1.2379310700475232,1.033062160467427,1.6779822900315722,1.8390149254459978,1.6305500249417144,3.8039984414150325,2.584447312548919,4.039633645172728,Feynman33,None,2.814278255803112
1.1934336488608694,1.3623183021917842,1.8511495066362178,1.8415517411013713,1.9051903868814806,4.072622922284835,6.211464043810519,8.078399444777927,Feynman33,None,7.241287066641229
1.763403156971098,1.673897321303718,1.3106123476731466,1.7763888690708995,1.5384181414570717,4.620682995693768,1.041637544803308,-0.6216008456831661,Feynman33,None,0.8550108489498499
1.440836701100154,1.9993770179156445,1.3219776591751031,1.7385097482341245,1.4382980706383233,3.9006911521009995,1.5782045753448992,2.15121833510934,Feynman33,None,1.4137514945479253
1.1695584318736367,1.572505852014085,1.2398700152568858,1.8411140598554079,1.763539510604562,3.2839929315908036,6.592540490164378,6.122711118662169,Feynman33,None,7.724480354799992
1.3370412357779238,1.7003090477846663,1.33020705417348,1.7085851511098826,1.6348736654743137,4.366822424032548,1.3071237918497247,-1.5079755941644741,Feynman33,None,0.9928249069780587
1.785890048241615,1.8084750427764003,1.38655024900146,1.9643578958436365,1.5721329156881758,3.929223283275266,3.646140098925055,2.677244536752361,Feynman33,None,3.879697255274695
1.6421607700982894,1.0213919656681794,1.807690245642514,1.365307129422062,1.1388699743624477,3.844156720750962,0.39617676398956364,1.0970835356044113,Feynman33,None,0.30053603100766463
1.874515990026459,1.800400460609623,1.583292362589043,1.517174651466221,1.55196854142691,3.974442885872027,2.6403841598061586,2.0446906396795197,Feynman33,None,2.565882279857044
1.4472437857569451,1.7121676682896905,1.315999618678727,1.951191492698109,1.4870471581708795,3.2907627307373906,4.506019167205501,5.048120562077163,Feynman33,None,5.201222565259381
1.2509686779486162,1.2423241368853417,1.833239060566048,1.3048438207538782,1.444981176422123,4.211975516281502,0.6628141145756614,-1.215308087072577,Feynman33,None,0.3845388049801582
1.4930732085917549,1.2521201840148009,1.62075888362304,1.7927133837230542,1.1466818796084135,4.616637955312065,0.28579371409110566,1.2008580325883562,Feynman33,None,0.18544141050733004
1.0233415195608435,1.0353571653289069,1.0125260339631124,1.8311123894826653,1.6545206978680813,4.376498707536068,0.4242090590684357,-2.369563907012633,Feynman33,None,0.07168898944376452
1.3219822329285118,1.2913365978444764,1.9229952350137998,1.1235637627061825,1.6536525278204426,4.846975756295716,0.5792768342452917,-0.0584371108485382,Feynman33,None,0.4689369559076758
1.82071539623499,1.3926386596229943,1.6609460839512398,1.2439541323304593,1.286476428612433,4.802800893891144,0.27088619120848023,-0.6956108668805592,Feynman33,None,0.0567538093915719
1.692152790159665,1.7593088721294003,1.0790310456284147,1.944489095438254,1.7698119983086738,4.428344358113396,1.9835756302785583,2.999233708066596,Feynman33,None,2.255519347371054
1.1462070215015117,1.5234369910397616,1.4003482282364463,1.0789627767068124,1.3022932446143405,3.966593838120331,0.24372052926357476,0.9122171174608839,Feynman33,None,-0.4290556385298311
1.2257735854029712,1.4186352355775742,1.0493256173641845,1.2908754102349422,1.8686693215606982,4.022451001738217,1.012253988892006,0.09973471716879434,Feynman33,None,0.9747728653196627
1.2222290541217704,1.490542133712546,1.984395341393591,1.1968379481108677,1.5314788259924308,3.7550840057365593,1.7135406246871412,0.5652612730550779,Feynman33,None,2.0566016083085525
1.898140379336366,1.7005169314485578,1.7892925260820811,1.7754852400280448,1.4095067087262967,3.2421545651355625,7.411209730445812,10.785068445785992,Feynman33,None,8.606528569014227
1.9894593489719008,1.3431981436854048,1.453985578599518,1.2167784665388848,1.422950839149276,4.9353266631991515,0.2879954719550358,0.649761148629449,Feynman33,None,-0.015331802299328595
1.9389519965611197,1.1874900771116794,1.023388469279657,1.679574331889588,1.790344245443042,3.397052257408701,4.214426873402462,5.049994407844675,Feynman33,None,6.0731959240492515
1.0123998696699608,1.2523448886545059,1.6613127421096268,1.0672920889184343,1.6021487912783146,4.1291803206150774,0.5244612182274606,-0.27259316328401795,Feynman33,None,0.08289721892978492
1.1688615362528512,1.6902869931094864,1.031509415987255,1.5037444124993504,1.5784494057596699,3.1230888840849866,2.34366223058871,0.7836741432929908,Feynman33,None,3.03916028705316
1.9732221224131323,1.4289735009145597,1.4555936072594924,1.3319736006500607,1.6239219335678703,3.799656789856785,2.2173641893601532,3.5115613435689292,Feynman33,None,2.191207744546161
1.440731240205194,1.6538334628677127,1.1467983765114158,1.686991202617357,1.555930352658348,3.9651601559018688,1.2374212129891697,-0.1203605826514611,Feynman33,None,1.0574081637140915
1.972802112114966,1.9022408108979625,1.1722969256698323,1.2682463730378286,1.9558724902826823,3.6228744935430455,5.87945022611616,6.277822576280393,Feynman33,None,7.829858364911963
1.833660882574965,1.594731453804298,1.053723572162935,1.7313183013929372,1.9162725450742832,4.498774600500853,2.0028594480597093,1.3311293890903504,Feynman33,None,2.461391502068699
1.8237068287014897,1.029852003498015,1.5847580437898627,1.1837610466059312,1.9361982766449723,3.4380676210066863,5.97267911686038,6.35716777894235,Feynman33,None,7.717244087996362
1.9769230383694272,1.5397930509041196,1.9194595148964293,1.1448380544111756,1.318205815779741,3.9243745182966765,0.9959198975079447,-0.31705133600006297,Feynman33,None,1.2364639958480257
1.497921351116875,1.5253418841385042,1.2409415607295604,1.602960082359183,1.243461431982344,4.8604452793120725,0.18574334190224498,0.9047808446562154,Feynman33,None,-0.2936800335585864
1.7970936742208299,1.9848062208500838,1.044076196725919,1.6874482261990718,1.1093450323250695,4.275189357960512,0.24170959506778952,1.322191204097938,Feynman33,None,0.2778183899548336
1.6462442446407022,1.2964443345772028,1.8913432548282993,1.25071328224998,1.5601946409059417,3.8485321154920995,1.9349862572591017,1.8293353585676078,Feynman33,None,2.051703963975677
1.7412361092398074,1.404016663617233,1.018480352899108,1.9410300922772294,1.8566952302302635,4.551232767925675,1.5953175713599566,0.2311204983469599,Feynman33,None,1.9395221718308528
1.1076923174492275,1.1162599650300877,1.4965792271448133,1.534302548182584,1.6446928953829458,4.759934685528931,0.5019523858708324,0.9133386648186888,Feynman33,None,-0.18998966663575226
1.816072432686052,1.2985854687860312,1.8854389838829402,1.1351927878813468,1.2173314663306007,4.05999196037026,0.4415851982527396,1.5565995334759841,Feynman33,None,0.48629273063109724
1.3396044507206035,1.4236919980970937,1.158582648476805,1.4005796394174492,1.4001146088137895,4.207091711739988,0.3263130387109843,-1.8954725466582214,Feynman33,None,-0.32603076105752055
1.6522671212579922,1.6228930513375341,1.3076954895332775,1.0093752397089824,1.1319065244710202,4.884273357758161,0.06303291131194057,3.687991979938777,Feynman33,None,-0.9705494040737532
1.2943862044455776,1.5174038549376272,1.2472694213153295,1.2348715370309558,1.436428772445585,4.475855075589196,0.2573121978126438,1.4299443745259974,Feynman33,None,-0.5428362271401542
1.9979003691077935,1.4661802428152364,1.4936835202781253,1.8265793973897964,1.9752377749684045,4.090049110966811,8.450368803434142,10.180491811886055,Feynman33,None,9.942865961115832
1.2528028130912046,1.174491871908261,1.7165969329668478,1.2488634528138491,1.2622435562538827,3.736438569564343,0.47009071851228834,2.2120267621462144,Feynman33,None,0.18550340456652564
1.2648479489540883,1.9524558704462864,1.2563566943397706,1.6948725204226542,1.3707088803859047,3.829774023539005,1.0124221591552343,0.4655833172030709,Feynman33,None,0.8515420449143563
1.3402942715435695,1.8988469460161295,1.1488934690102255,1.4481223182941836,1.9043058643946051,4.334066490750873,1.6889858014975325,2.566930698832669,Feynman33,None,1.7834618150565946
1.219402417707639,1.1266041547711227,1.5006237360117316,1.4392883987638703,1.7414950931385484,4.778930554838322,0.6294616717987305,-0.4682329032075274,Feynman33,None,0.061342279930138785
1.6603689023410335,1.4873764516731196,1.9847505456431715,1.1439747807304386,1.2522076819516195,3.718996427320854,0.8719211468041551,-0.15311572244250782,Feynman33,None,1.1422845459404432
1.1865370569020186,1.0304164670610807,1.2072815750024612,1.6671072008968695,1.1716620504114246,3.2253083364435495,0.4794882739855072,-2.2751843273021466,Feynman33,None,0.478675585009669
1.7201984901946872,1.771764991092633,1.5040826173065367,1.5158508505940869,1.6662061526633245,4.138242904846395,2.484349520822795,1.5284739152612075,Feynman33,None,2.2500361997901295
1.8654777076193274,1.7347170510815806,1.0352054497378749,1.0098425829454158,1.9484737740495532,4.908477112841759,0.5183218997996187,0.7750418490010007,Feynman33,None,0.564001512119273
1.566864512709205,1.120298352718525,1.307512513880455,1.5023775707270524,1.8063445822932989,3.998455467989892,1.8655482172976203,0.39298938918189985,Feynman33,None,1.8136175745033165
1.577434264047159,1.2983784207610867,1.4036931945716615,1.6955034946350114,1.3632573993057466,4.997400037802022,0.31411338150977464,-1.9371517297998033,Feynman33,None,0.034243909552298814
1.1171299226067701,1.9603587035492904,1.730042073639542,1.4023211314244595,1.7902449047810265,3.491936344116006,6.864322589011468,8.364304397187315,Feynman33,None,7.629437708804032
1.2973104845094174,1.7588735096469608,1.6865440043846163,1.6028187704785206,1.725063531364484,3.75433061964661,5.0027431740149035,5.855035250824142,Feynman33,None,5.11322993072785
1.7601215654202187,1.8949437527258923,1.6042653541054306,1.7686227958178153,1.2834740389587735,3.0332371423798965,5.349760049670943,6.997100664713088,Feynman33,None,6.9329046153477085
1.4538718474584327,1.684032958032751,1.4248423740683385,1.7423071473309009,1.66724069486611,4.235801642503345,2.1242717151826125,-0.4737131438194777,Feynman33,None,1.8411554125882594
1.1270769456808911,1.607288044783164,1.3624700230838633,1.1453725370137464,1.1992813847705506,3.1763736180174047,0.5107727244306689,-1.5296281872793567,Feynman33,None,0.6684361715532964
1.4654586426455447,1.576815896637342,1.1076368760789408,1.5594725839593417,1.7627017956586657,3.382079533838793,4.016785893857952,3.2193977657606556,Feynman33,None,4.804113392912075
1.872708350707538,1.3722162791069783,1.338757319874674,1.1176621819793513,1.3844071112902125,3.051850365618975,1.6178036972233762,0.7613066342444855,Feynman33,None,2.11481989216506
1.085548488268143,1.343261445329536,1.614165017189277,1.2145836928148461,1.7147277411428452,4.793548051683723,0.50550942044388,0.8817168383962494,Feynman33,None,0.035189946400250346
1.7151779828216025,1.457407660529392,1.0717402443909578,1.8842338107731282,1.0954255836351474,4.27076985493544,0.21176024151489015,-2.981788776108974,Feynman33,None,0.23659596357326715
1.1841924095095473,1.4033382844618583,1.889727163897493,1.6251092393097897,1.1667102174215884,4.736425737397701,0.2739402231143718,2.5170105651368293,Feynman33,None,0.27266110886492245
1.3493062128883935,1.542336788431589,1.4695967895783604,1.2082539784089597,1.242557517261105,3.321713714222451,0.7275118729167913,2.3607716987444505,Feynman33,None,0.7503548168345151
1.9501749329366587,1.1748912665384572,1.5299292946376577,1.8272320660355312,1.4922051536938012,3.4348682173333356,4.059112695897881,4.293875888653675,Feynman33,None,4.686257401116279
1.3386311578194587,1.1384398646766303,1.6063778549839345,1.8213715766084082,1.1702054232128458,4.595374671078833,0.2627547009538013,1.7923126015976578,Feynman33,None,0.06680311890722725
1.0366575036639394,1.4107197289242126,1.932663079901832,1.6183004104556096,1.080980353418531,3.2191221478372203,0.967911870008558,1.2319181622238524,Feynman33,None,1.561249641732808
1.49342312579326,1.7441937658942086,1.8189161562568381,1.0698789126968653,1.386002048531019,3.9117106999530624,0.8516732365630255,0.25155108489957756,Feynman33,None,0.8240824540080992
1.6474486938501982,1.1221084215114503,1.1520222583476585,1.9380831776241478,1.458974803719339,3.5206906628437693,1.6593389277602626,0.6699381678586882,Feynman33,None,2.122803554616362
1.164761103553623,1.5126389297431246,1.693406822485367,1.319550032369694,1.9933230663261448,3.194338850056199,14.98666794795871,13.879594906244645,Feynman33,None,14.31942462692958
1.0767119389896584,1.7439269359266334,1.8922675689326116,1.7299036295792019,1.8553363535044012,3.179516519547656,22.467162527635605,24.666183866634007,Feynman33,None,19.54867476123643
1.9990191556418364,1.1263375090843017,1.8907466452163693,1.939247778815905,1.8353653631392448,4.818786703883928,3.650756721282568,3.5361001736606976,Feynman33,None,4.7364533921103185
1.225198129699189,1.4822455789304525,1.7668232627325176,1.5813333789546529,1.0986653336206262,4.036292037202528,0.38022702153689175,0.6337538041653236,Feynman33,None,0.33607136745019506
1.029487202207438,1.3777193350253154,1.8018966766476001,1.2092667076274086,1.2992133396053243,4.498746404672151,0.23354607004670258,-0.8228841245968571,Feynman33,None,-0.18251169724517435
1.4920363742694533,1.9910749421710356,1.759366123236486,1.2059406142903568,1.4666221457959594,4.066117194922589,1.2529520922436095,2.5046686032313135,Feynman33,None,1.138861331313167
1.6607535605353396,1.4949906537532343,1.6090387275615143,1.8588459483274735,1.3116427461954614,3.3690809343800874,2.9691676349635867,3.3606786614064124,Feynman33,None,3.4941261877757976
1.9320292846325113,1.339579121289757,1.9351315318835618,1.4190056071699964,1.4121347500409354,3.650213397528582,2.53226843769798,0.7169318749202014,Feynman33,None,3.035704353925327
1.3200650712517188,1.7974489210223743,1.2041930123544797,1.1481981202736646,1.6031628266298448,4.841424534426628,0.28817930694906446,2.3595383998747526,Feynman33,None,-0.24997812009178408
1.4427553078505384,1.2644178636386982,1.7720887810865533,1.972274825183761,1.9119937065228028,3.649121178998426,13.367077001195414,12.04959705078864,Feynman33,None,14.27308050238436
1.9470675230687005,1.722909367471435,1.9790264273395466,1.2931335641854909,1.603182106645649,4.219957913144368,2.6182188215336586,4.353993906284704,Feynman33,None,3.0943659607568343
1.518340279723163,1.6958640362101518,1.1597492908649165,1.4446961199284316,1.2577906637255225,4.227050866220134,0.2857187758351938,-1.2980789926619218,Feynman33,None,-0.11570908349756591
1.8434520162373074,1.860715657890939,1.8766535569301408,1.874836626366632,1.6915720919519381,3.218282341828367,25.918335085394226,27.63025503733284,Feynman33,None,21.95074395797212
1.9048153444513904,1.5134549240280881,1.3316472159070298,1.032103032283255,1.5509730153839254,3.146513866112217,2.349662140291575,1.9283981741505125,Feynman33,None,3.0156371494529126
1.0130965037692143,1.596223265634161,1.7602332400754626,1.0807811904716977,1.3245367400494428,4.112965384617679,0.3282367022653871,3.2193746668458196,Feynman33,None,0.09497400563228879
1.2829179853100832,1.790351815730849,1.2778955882828005,1.791673844315834,1.4320977449692962,3.0683912217384983,3.9118606500354853,3.2070803048438186,Feynman33,None,4.628717112742771
1.8911087446914325,1.6312522860355991,1.9803480883222742,1.623061406119025,1.0912818020706039,3.712731198126086,1.1938109598152882,2.064819970759763,Feynman33,None,2.288597450787883
1.2028601938625232,1.2328382833580336,1.4175692316277724,1.0118865742195484,1.241731175444649,3.581034660447325,0.23872997394307005,-0.5952886589354829,Feynman33,None,-0.3051721271939642
1.6327171422472309,1.4384046695244213,1.7851520774758733,1.5036653353412959,1.5978179129996837,3.508046884432442,4.856608859366337,8.004236941468575,Feynman33,None,5.112043201416617
1.3265488180743572,1.3143916372132514,1.6854188387862745,1.854059465801961,1.5408281635554522,4.9989484048121495,0.7859781451805263,0.9564436027908443,Feynman33,None,0.6933179093231744
1.0736812582518047,1.9319686958996458,1.0959450793086156,1.9826547255841889,1.1745914411120952,4.290601616596665,0.26926158953081136,-1.1864595492662589,Feynman33,None,0.43030840631746503
