epsilon,c,Ef,r,omega,omega_0,target,target_with_noise,equation_name,varied_variable_name,Predicted
1.0,1.0,1.0,1.0,1.0,4.211984472168018,0.014946362418641923,0.019580739229856686,Feynman33,omega_0,0.014612459560672636
1.0,1.0,1.0,1.0,1.0,3.341149093096548,0.04055282019133218,0.043807038416245433,Feynman33,omega_0,0.041583876733490524
1.0,1.0,1.0,1.0,1.0,3.6945445571366466,0.02617766703647737,0.029734397327440775,Feynman33,omega_0,0.02678632972163506
1.0,1.0,1.0,1.0,1.0,4.031626667118416,0.018001983187085516,0.01362106347587915,Feynman33,omega_0,0.01781069228138316
1.0,1.0,1.0,1.0,1.0,3.8874067141845483,0.02103370230896231,0.01949956807044253,Feynman33,omega_0,0.021122087078670807
1.0,1.0,1.0,1.0,1.0,4.836067668268461,0.008357482051993848,0.0066709116392259064,Feynman33,omega_0,0.008958308418502113
1.0,1.0,1.0,1.0,1.0,4.510699355511658,0.011191489563746443,0.009443640641274639,Feynman33,omega_0,0.011119691243037388
1.0,1.0,1.0,1.0,1.0,4.242129318376968,0.01450148512814809,0.013988865608497044,Feynman33,omega_0,0.014167481469285382
1.0,1.0,1.0,1.0,1.0,4.198639119228497,0.015148819105323001,0.019058676970498817,Feynman33,omega_0,0.014817103148129285
1.0,1.0,1.0,1.0,1.0,3.4334599286136394,0.0359877451191543,0.03916348881327418,Feynman33,omega_0,0.03710553153416649
1.0,1.0,1.0,1.0,1.0,3.4059291387780046,0.03727759873346894,0.03779614086332845,Feynman33,omega_0,0.038392897791340745
1.0,1.0,1.0,1.0,1.0,4.324146279021806,0.0133729862443122,0.013359948721320316,Feynman33,omega_0,0.013071546421409862
1.0,1.0,1.0,1.0,1.0,3.995538108466347,0.01870571696348008,0.02090961769790901,Feynman33,omega_0,0.01857171483223741
1.0,1.0,1.0,1.0,1.0,3.109157510273077,0.055765423451531064,0.06335877075876499,Feynman33,omega_0,0.054999700824325495
1.0,1.0,1.0,1.0,1.0,3.2141798176104297,0.04811014966222301,0.04469855588747154,Feynman33,omega_0,0.04852693799328023
1.0,1.0,1.0,1.0,1.0,3.279683539784411,0.04400643319389871,0.04794160459509383,Feynman33,omega_0,0.044828247632450385
1.0,1.0,1.0,1.0,1.0,4.543258574611802,0.010858070091806523,0.008338184715852605,Feynman33,omega_0,0.010843993969233013
1.0,1.0,1.0,1.0,1.0,3.7350463469812993,0.024975302699074216,0.02348258592969732,Feynman33,omega_0,0.02546922069694552
1.0,1.0,1.0,1.0,1.0,4.198814431958816,0.015146137114712804,0.012837363094612076,Feynman33,omega_0,0.014814383836815555
1.0,1.0,1.0,1.0,1.0,4.2583844273268685,0.014268532215290848,0.014521948823030133,Feynman33,omega_0,0.01393722073150196
1.0,1.0,1.0,1.0,1.0,3.260376594312041,0.04516801716726533,0.0324970055526123,Feynman33,omega_0,0.04589215317830529
1.0,1.0,1.0,1.0,1.0,4.113022624883958,0.016533645675592658,0.021258006011530026,Feynman33,omega_0,0.016247779969663676
1.0,1.0,1.0,1.0,1.0,3.5307552470017267,0.03186009843583256,0.03192438093509053,Feynman33,omega_0,0.03287159457687379
1.0,1.0,1.0,1.0,1.0,3.4637756597737788,0.03463231867309076,0.034327521634086554,Feynman33,omega_0,0.035734181198251176
1.0,1.0,1.0,1.0,1.0,4.952288054190623,0.0075687393505549025,0.016747538693420314,Feynman33,omega_0,0.00838823428813735
1.0,1.0,1.0,1.0,1.0,4.216228346403069,0.014882697993747373,0.00978802393445376,Feynman33,omega_0,0.014548376647215618
1.0,1.0,1.0,1.0,1.0,3.8609702549298905,0.021657882693862686,0.03169485393222833,Feynman33,omega_0,0.021810646308154033
1.0,1.0,1.0,1.0,1.0,3.0531219714380367,0.060489467531291086,0.06388077122876151,Feynman33,omega_0,0.0587382329629506
1.0,1.0,1.0,1.0,1.0,4.834301316873197,0.008370249858132901,0.018216593253519025,Feynman33,omega_0,0.008967414077011005
1.0,1.0,1.0,1.0,1.0,3.572487526556496,0.030274501109547505,0.02569752730178002,Feynman33,omega_0,0.031200943050866552
1.0,1.0,1.0,1.0,1.0,4.537031909897536,0.010920853992798062,0.008862892011691922,Feynman33,omega_0,0.010895421613619104
1.0,1.0,1.0,1.0,1.0,4.44361219924751,0.011920261330148537,0.0017098226848785945,Feynman33,omega_0,0.011744143847206644
1.0,1.0,1.0,1.0,1.0,3.5996511789826835,0.029296022300977817,0.028730162667920365,Feynman33,omega_0,0.030158660501132008
1.0,1.0,1.0,1.0,1.0,4.6545809726743945,0.009808725408971562,0.012603353567814743,Feynman33,omega_0,0.010017498402829903
1.0,1.0,1.0,1.0,1.0,4.649679039078501,0.009852165770784162,0.013163612190050902,Feynman33,omega_0,0.010050516702355558
1.0,1.0,1.0,1.0,1.0,3.2792621327741713,0.044031378010785334,0.048138846247997406,Feynman33,omega_0,0.04485123770823316
1.0,1.0,1.0,1.0,1.0,4.627403933933635,0.010052650652177916,0.006195382193745585,Feynman33,omega_0,0.010204187643745179
1.0,1.0,1.0,1.0,1.0,4.90941657461555,0.007848298231138069,0.016278855273764326,Feynman33,omega_0,0.008593188114893851
1.0,1.0,1.0,1.0,1.0,3.7450122869553826,0.024690241685555288,0.0303990167209482,Feynman33,omega_0,0.02515593245504514
1.0,1.0,1.0,1.0,1.0,4.083332805363812,0.017051033760275176,0.01054782937588218,Feynman33,omega_0,0.01679397351056095
1.0,1.0,1.0,1.0,1.0,3.9459726660211176,0.01973003063523584,0.029489197870148955,Feynman33,omega_0,0.01968907862388947
1.0,1.0,1.0,1.0,1.0,3.474157236482011,0.0341831067838458,0.03878473730897097,Feynman33,omega_0,0.03527554350389146
1.0,1.0,1.0,1.0,1.0,3.350104960179963,0.040078791654457116,0.0377814359134775,Feynman33,omega_0,0.041128961119351895
1.0,1.0,1.0,1.0,1.0,3.0995668601745963,0.05653966662344429,0.06115701673509904,Feynman33,omega_0,0.05562521189652046
1.0,1.0,1.0,1.0,1.0,3.237091126513587,0.0466214364207137,0.04517933841413001,Feynman33,omega_0,0.04720437581612993
1.0,1.0,1.0,1.0,1.0,3.3238738697343146,0.04148751958059175,0.046367587075867536,Feynman33,omega_0,0.042474058129630114
1.0,1.0,1.0,1.0,1.0,3.0746892666358736,0.058612938984032664,0.06953789442585583,Feynman33,omega_0,0.05727527195498291
1.0,1.0,1.0,1.0,1.0,3.50161644213848,0.033030122707429416,0.037224426234793544,Feynman33,omega_0,0.034089053613998936
1.0,1.0,1.0,1.0,1.0,3.3258207350847235,0.04138082046423355,0.03823374306352766,Feynman33,omega_0,0.04237289814188949
1.0,1.0,1.0,1.0,1.0,3.377028510132947,0.038695554735222557,0.036340188189511416,Feynman33,omega_0,0.03978811880155099
1.0,1.0,1.0,1.0,1.0,4.062690249397969,0.017422871919572425,0.014639563466326616,Feynman33,omega_0,0.017189715936432422
1.0,1.0,1.0,1.0,1.0,4.048508794203008,0.017684283587482728,0.021356060134031733,Feynman33,omega_0,0.01746936984006173
1.0,1.0,1.0,1.0,1.0,4.492312263097522,0.011385497953950613,0.007716461980201878,Feynman33,omega_0,0.011283030515739444
1.0,1.0,1.0,1.0,1.0,4.73833837176698,0.009102466409589779,0.006518227736857264,Feynman33,omega_0,0.009493242387275877
1.0,1.0,1.0,1.0,1.0,3.6104794095081987,0.02891717689440509,0.026719474170901633,Feynman33,omega_0,0.029752916538129046
1.0,1.0,1.0,1.0,1.0,4.052328970095565,0.017613379409724742,0.01921904387032453,Feynman33,omega_0,0.01739340682838826
1.0,1.0,1.0,1.0,1.0,3.8418513952096767,0.02212396530149651,0.01662017753489543,Feynman33,omega_0,0.022325285777081975
1.0,1.0,1.0,1.0,1.0,3.7199860868840657,0.02541404574131474,0.0317246606581551,Feynman33,omega_0,0.02595069419367962
1.0,1.0,1.0,1.0,1.0,4.646810806432915,0.00987769629253559,0.01693259886969442,Feynman33,omega_0,0.010069967703515637
1.0,1.0,1.0,1.0,1.0,3.773678414015475,0.02389296673580966,0.02357670834037498,Feynman33,omega_0,0.024278079029018688
1.0,1.0,1.0,1.0,1.0,3.952652871391601,0.019587907560792216,0.02025806452453518,Feynman33,omega_0,0.019533490047125575
1.0,1.0,1.0,1.0,1.0,4.1500289485806245,0.01591622899452806,0.020499598350039054,Feynman33,omega_0,0.01560375813930913
1.0,1.0,1.0,1.0,1.0,3.845169481767051,0.022042171638046375,0.023834626357575814,Feynman33,omega_0,0.022234953788934017
1.0,1.0,1.0,1.0,1.0,3.0581230075768784,0.06004758423689248,0.058576159072960494,Feynman33,omega_0,0.05839629646982652
1.0,1.0,1.0,1.0,1.0,3.106353937361773,0.05599034613390822,0.05959650847681445,Feynman33,omega_0,0.05518194513467913
1.0,1.0,1.0,1.0,1.0,4.670614240441898,0.009668317650672139,0.007133005065943803,Feynman33,omega_0,0.009911433809940324
1.0,1.0,1.0,1.0,1.0,4.032932412238575,0.017977154387035257,0.012825902330716654,Feynman33,omega_0,0.017783963108742223
1.0,1.0,1.0,1.0,1.0,4.080562662463068,0.017100345703391775,0.017237843343392505,Feynman33,omega_0,0.016846309568566732
1.0,1.0,1.0,1.0,1.0,4.050942335247734,0.01763907431791298,0.013050010517805192,Feynman33,omega_0,0.017420925672781994
1.0,1.0,1.0,1.0,1.0,3.035799918969613,0.062052483714040534,0.06288147846742301,Feynman33,omega_0,0.059935302206578445
1.0,1.0,1.0,1.0,1.0,3.381797973423181,0.0384568816893286,0.03664151129061979,Feynman33,omega_0,0.039554741510629814
1.0,1.0,1.0,1.0,1.0,3.150664403887059,0.05256638047093386,0.052998700999864846,Feynman33,omega_0,0.05235974685379868
1.0,1.0,1.0,1.0,1.0,4.792630810046611,0.008678721897445616,0.007754847424138246,Feynman33,omega_0,0.00918768526787391
1.0,1.0,1.0,1.0,1.0,4.602542371814707,0.010282533064335938,0.009366152586188056,Feynman33,omega_0,0.010383073211006712
1.0,1.0,1.0,1.0,1.0,4.710791874466178,0.009327446131858,0.008846573375265926,Feynman33,omega_0,0.009657870415704414
1.0,1.0,1.0,1.0,1.0,4.455152962822865,0.01179071620533922,0.009543822136302256,Feynman33,omega_0,0.011630997178761916
1.0,1.0,1.0,1.0,1.0,4.128502444574354,0.01627175806039953,0.014816946323624161,Feynman33,omega_0,0.015973504435268644
1.0,1.0,1.0,1.0,1.0,4.12916132374628,0.016260727958650974,0.010891012638161536,Feynman33,omega_0,0.01596198720653728
1.0,1.0,1.0,1.0,1.0,4.406876515750955,0.012344767699089832,0.011144606346597181,Feynman33,omega_0,0.012121173888708243
1.0,1.0,1.0,1.0,1.0,3.295606281401811,0.043076941745806396,0.042008700704434944,Feynman33,omega_0,0.04396709213946539
1.0,1.0,1.0,1.0,1.0,4.164601956278065,0.015681106848895888,0.02311381601869995,Feynman33,omega_0,0.01536099914903813
1.0,1.0,1.0,1.0,1.0,3.67862760635964,0.026670242855061255,0.025239242357368626,Feynman33,omega_0,0.02732356639206265
1.0,1.0,1.0,1.0,1.0,3.8681677471314044,0.021485647399425444,0.01697930776085914,Feynman33,omega_0,0.021620551379081025
1.0,1.0,1.0,1.0,1.0,3.5574450848616657,0.030834228511976088,0.030913398996430124,Feynman33,omega_0,0.031793350231304425
1.0,1.0,1.0,1.0,1.0,4.021626231799967,0.01819358803193643,0.011528772505203514,Feynman33,omega_0,0.0180172551972509
1.0,1.0,1.0,1.0,1.0,3.2467222687494592,0.04601316535801863,0.0423438495965454,Feynman33,omega_0,0.046657744748665575
1.0,1.0,1.0,1.0,1.0,4.211887265261316,0.01494782469577507,0.018106557746029536,Feynman33,omega_0,0.0146139329852753
1.0,1.0,1.0,1.0,1.0,4.664432530934072,0.009722150347013497,0.011114295349726045,Feynman33,omega_0,0.009951982113801033
1.0,1.0,1.0,1.0,1.0,3.241627372071469,0.046333674269878285,0.048693948493783654,Feynman33,omega_0,0.04694622945916694
1.0,1.0,1.0,1.0,1.0,4.584590326306614,0.01045266214154344,0.002807985300435043,Feynman33,omega_0,0.010517358297853005
1.0,1.0,1.0,1.0,1.0,4.351782141896729,0.013017877838428811,0.00747100700278066,Feynman33,omega_0,0.012737688052628347
1.0,1.0,1.0,1.0,1.0,4.29352902495679,0.013780818778769837,0.02370109871885715,Feynman33,omega_0,0.013461754201324026
1.0,1.0,1.0,1.0,1.0,3.1102607394152555,0.055677230640287685,0.05041405523229688,Feynman33,omega_0,0.05492812348432818
1.0,1.0,1.0,1.0,1.0,3.8417557211171274,0.022126329448351526,0.025391649867304838,Feynman33,omega_0,0.022327896785130124
1.0,1.0,1.0,1.0,1.0,4.135438551891786,0.016156115429774635,0.018140667268586194,Feynman33,omega_0,0.015852898292877733
1.0,1.0,1.0,1.0,1.0,4.5001875933275794,0.01130188705630336,0.012956148240026631,Feynman33,omega_0,0.011212375412214159
1.0,1.0,1.0,1.0,1.0,4.823409265650958,0.008449527163506759,0.004543384960487,Feynman33,omega_0,0.009023955172151541
1.0,1.0,1.0,1.0,1.0,4.020240540844266,0.018220340577476107,0.018782983752034008,Feynman33,omega_0,0.01804613641585279
1.0,1.0,1.0,1.0,1.0,3.8179196731153704,0.02272543899032815,0.017182375680326184,Feynman33,omega_0,0.022989602098879947
1.0,1.0,1.0,1.0,1.0,4.31093798530234,0.013547028858716696,0.015360966372103862,Feynman33,omega_0,0.013237208130382932
1.0,1.0,1.0,1.0,1.0,4.081469354434857,0.017084185636781535,0.013651051279302488,Feynman33,omega_0,0.01682915339000725
1.0,1.0,1.0,1.0,1.0,3.2520037750783146,0.04568389219810279,0.0520860226905038,Feynman33,omega_0,0.046360312044656474
1.0,1.0,1.0,1.0,1.0,3.6772014378852393,0.026714949717008326,0.027059941267922164,Feynman33,omega_0,0.02737225158385987
1.0,1.0,1.0,1.0,1.0,4.9410578678276,0.007640739979970104,-0.0012633911281407454,Feynman33,omega_0,0.008441528477297826
1.0,1.0,1.0,1.0,1.0,3.381875269810622,0.03845302907111537,0.04549419460097841,Feynman33,omega_0,0.03955096949817608
1.0,1.0,1.0,1.0,1.0,3.9591521891418022,0.019450874583827427,0.017593577037284956,Feynman33,omega_0,0.019383625626580414
1.0,1.0,1.0,1.0,1.0,3.5605607858676858,0.030717221667437997,0.033776658839424926,Feynman33,omega_0,0.03166974743110009
1.0,1.0,1.0,1.0,1.0,4.147547976263321,0.015956700227277028,0.010908033332103263,Feynman33,omega_0,0.015645689323021204
1.0,1.0,1.0,1.0,1.0,4.1386031181577305,0.01610369933235752,0.01854911439796767,Feynman33,omega_0,0.015798338434564855
1.0,1.0,1.0,1.0,1.0,3.9089411898842936,0.02054201625391624,0.01385377209466828,Feynman33,omega_0,0.020580590453506874
1.0,1.0,1.0,1.0,1.0,3.172439392672293,0.05098156897220724,0.05423984717461643,Feynman33,omega_0,0.05101787009229045
1.0,1.0,1.0,1.0,1.0,3.797450454826417,0.023256416980452756,0.023267161100507524,Feynman33,omega_0,0.0235758804634838
1.0,1.0,1.0,1.0,1.0,3.2712312575372637,0.044510218285966005,0.05272764791017937,Feynman33,omega_0,0.04529133639586536
1.0,1.0,1.0,1.0,1.0,4.0469880667951985,0.017712609448561623,0.026419252032285345,Feynman33,omega_0,0.017499739089063705
1.0,1.0,1.0,1.0,1.0,3.0890603728071975,0.05740365977105351,0.061354260986198214,Feynman33,omega_0,0.05631721439563631
1.0,1.0,1.0,1.0,1.0,3.403477838197639,0.03739527535290671,0.03706202445519901,Feynman33,omega_0,0.03850948584974394
1.0,1.0,1.0,1.0,1.0,4.943590112264499,0.007624429765278137,-0.007751901141012968,Feynman33,omega_0,0.008429491245624771
1.0,1.0,1.0,1.0,1.0,3.396672379615807,0.037724462204105705,0.04443258508693236,Feynman33,omega_0,0.0388348606269046
1.0,1.0,1.0,1.0,1.0,3.224720554816894,0.047417832593535256,0.049730906073472816,Feynman33,omega_0,0.047914573243851
1.0,1.0,1.0,1.0,1.0,4.735660576284955,0.009124034216976712,0.005808185634561723,Feynman33,omega_0,0.009508941098667265
1.0,1.0,1.0,1.0,1.0,3.5170405788236168,0.032404116947755746,0.04470413747688888,Feynman33,omega_0,0.03343932653718222
1.0,1.0,1.0,1.0,1.0,3.5626964408226596,0.030637344934842877,0.0299494651561407,Feynman33,omega_0,0.03158529594352736
1.0,1.0,1.0,1.0,1.0,3.648539604788019,0.02763392632685178,0.025991558298158017,Feynman33,omega_0,0.028370027350501564
1.0,1.0,1.0,1.0,1.0,3.115130359658,0.05529006959127696,0.053819819332325346,Feynman33,omega_0,0.054613108386315
1.0,1.0,1.0,1.0,1.0,3.1454053008726017,0.05295852904209501,0.06013227198130351,Feynman33,omega_0,0.05268825266222511
1.0,1.0,1.0,1.0,1.0,4.64756880421351,0.009870941146980028,0.009947560179761693,Feynman33,omega_0,0.010064817837410875
1.0,1.0,1.0,1.0,1.0,3.028367890549452,0.06273890060370914,0.06575994238573975,Feynman33,omega_0,0.060454980949179934
1.0,1.0,1.0,1.0,1.0,4.725118590751145,0.009209571597099026,0.015261028403969373,Feynman33,omega_0,0.009571370643405776
1.0,1.0,1.0,1.0,1.0,4.1413832928993894,0.016057827419726684,0.017300108554155723,Feynman33,omega_0,0.015750645637912532
1.0,1.0,1.0,1.0,1.0,4.488469466382365,0.011426579675116228,0.00829305826569526,Feynman33,omega_0,0.011317890964106313
1.0,1.0,1.0,1.0,1.0,4.7495104471273,0.009013173651040032,0.006403798107456961,Feynman33,omega_0,0.009428420067485172
1.0,1.0,1.0,1.0,1.0,4.5307234029850285,0.010984931113007699,0.009743270426519127,Feynman33,omega_0,0.01094814187274448
1.0,1.0,1.0,1.0,1.0,3.318543886227986,0.041781429328860954,0.03309851405634111,Feynman33,omega_0,0.042752102107923046
1.0,1.0,1.0,1.0,1.0,3.9434856478141995,0.01978327595216607,0.02135529273403482,Feynman33,omega_0,0.01974740793979723
1.0,1.0,1.0,1.0,1.0,3.363848865741791,0.039364958200821046,0.041095849481176484,Feynman33,omega_0,0.04043949706019023
1.0,1.0,1.0,1.0,1.0,3.5266798108422632,0.03202053887074856,0.038004644306796495,Feynman33,omega_0,0.03303932515141692
1.0,1.0,1.0,1.0,1.0,4.937328430776066,0.0076648414793156015,0.01401311673731319,Feynman33,omega_0,0.008459280002230483
1.0,1.0,1.0,1.0,1.0,4.688476558493906,0.009514864509467657,0.00751689148002214,Feynman33,omega_0,0.009796622215423895
1.0,1.0,1.0,1.0,1.0,4.730969276795966,0.009161975017191966,0.015226063690796333,Feynman33,omega_0,0.009536598384693973
1.0,1.0,1.0,1.0,1.0,4.611242836547953,0.010201336998744249,0.012288065815120295,Feynman33,omega_0,0.010319556269397432
1.0,1.0,1.0,1.0,1.0,4.114646683229293,0.01650592074478716,0.014637012252852633,Feynman33,omega_0,0.01621867046793907
1.0,1.0,1.0,1.0,1.0,4.364480836266333,0.012858700915155664,0.00880808847442694,Feynman33,omega_0,0.01258991492067322
1.0,1.0,1.0,1.0,1.0,4.643391538497863,0.009908240811768967,0.005379567298912971,Feynman33,omega_0,0.010093283520669162
1.0,1.0,1.0,1.0,1.0,4.862386174412597,0.008170118859958502,0.010100719670371646,Feynman33,omega_0,0.008824573729038776
1.0,1.0,1.0,1.0,1.0,4.2729766784010375,0.014063424524749565,0.01811738881908931,Feynman33,omega_0,0.013736141820963905
1.0,1.0,1.0,1.0,1.0,4.158899983568314,0.015772576471328566,0.014039612874939988,Feynman33,omega_0,0.01545526585583787
1.0,1.0,1.0,1.0,1.0,4.640920226908327,0.009930391395191538,0.014193806647295547,Feynman33,omega_0,0.010110222629037217
1.0,1.0,1.0,1.0,1.0,4.2454045074750315,0.014454163702317415,0.008425082246551687,Feynman33,omega_0,0.014120548998569292
1.0,1.0,1.0,1.0,1.0,3.370699392769091,0.039015192765513046,0.03411654205154271,Feynman33,omega_0,0.04009973315899144
1.0,1.0,1.0,1.0,1.0,4.019566809529704,0.018233365812720073,0.0193696441170163,Feynman33,omega_0,0.018060201529466923
1.0,1.0,1.0,1.0,1.0,3.972125559898778,0.019180950722914192,0.021292015731874593,Feynman33,omega_0,0.019088898882710637
1.0,1.0,1.0,1.0,1.0,4.429783475744071,0.012077865222870203,0.015356961119773005,Feynman33,omega_0,0.011883014012816715
1.0,1.0,1.0,1.0,1.0,3.198711135545828,0.04914963122209392,0.04996493607155034,Feynman33,omega_0,0.04943770445573032
1.0,1.0,1.0,1.0,1.0,3.2206317581490462,0.04768486871551305,0.05093791101203641,Feynman33,omega_0,0.04815132116553272
1.0,1.0,1.0,1.0,1.0,3.9292249280500244,0.020092126059588655,0.018034236485496836,Feynman33,omega_0,0.0200861376720119
1.0,1.0,1.0,1.0,1.0,4.526308207702316,0.01103005984432619,0.004460844912345544,Feynman33,omega_0,0.010985413430071415
1.0,1.0,1.0,1.0,1.0,3.5489687492118946,0.031155425056438684,0.027400783716081924,Feynman33,omega_0,0.03213200475199847
1.0,1.0,1.0,1.0,1.0,3.7121097743312133,0.02564739632247544,0.025384503500556602,Feynman33,omega_0,0.026206385774195432
1.0,1.0,1.0,1.0,1.0,3.87038477557097,0.02143294389726072,0.019814859281902027,Feynman33,omega_0,0.021562395310116146
1.0,1.0,1.0,1.0,1.0,3.0961789004125073,0.05681644894279663,0.059624553330613804,Feynman33,omega_0,0.05584758367765993
1.0,1.0,1.0,1.0,1.0,3.856879740708653,0.021756548053258634,0.0289090600298207,Feynman33,omega_0,0.02191956700159409
1.0,1.0,1.0,1.0,1.0,4.27516161505658,0.01403303470254124,0.00848778646256594,Feynman33,omega_0,0.013706485160220593
1.0,1.0,1.0,1.0,1.0,3.5738724051017536,0.030223620779766796,0.032780596563983674,Feynman33,omega_0,0.031146951957813113
1.0,1.0,1.0,1.0,1.0,4.5486733183070545,0.010803842754400241,0.007490286712860547,Feynman33,omega_0,0.010799757393706765
1.0,1.0,1.0,1.0,1.0,3.0464263584777003,0.0610876031404728,0.06329701590003718,Feynman33,omega_0,0.05919860176422013
1.0,1.0,1.0,1.0,1.0,4.0095638714216095,0.0184281459636939,0.020818548058006016,Feynman33,omega_0,0.01827079646460231
1.0,1.0,1.0,1.0,1.0,3.6926966384127606,0.026234258470456337,0.029782551062642243,Feynman33,omega_0,0.026848127343448318
1.0,1.0,1.0,1.0,1.0,4.285474640825193,0.013890708049872849,0.015227212612467768,Feynman33,omega_0,0.013568071687139015
1.0,1.0,1.0,1.0,1.0,3.356135956785254,0.03976354206135341,0.03195625807418734,Feynman33,omega_0,0.04082512825123138
1.0,1.0,1.0,1.0,1.0,3.6308086079174138,0.028222562087315734,0.028173089046125945,Feynman33,omega_0,0.029005952364369553
1.0,1.0,1.0,1.0,1.0,3.9436198872604047,0.01978039733831824,0.013469307284902407,Feynman33,omega_0,0.01974425393758383
1.0,1.0,1.0,1.0,1.0,4.5502206300948895,0.010788409627830798,0.017721789737763803,Feynman33,omega_0,0.010787198515171246
1.0,1.0,1.0,1.0,1.0,3.0369177855794947,0.06195006966622512,0.06341298455838966,Feynman33,omega_0,0.05985745279176601
1.0,1.0,1.0,1.0,1.0,4.56727902758613,0.010620096706893921,0.015044952934137434,Feynman33,omega_0,0.010651119380801427
1.0,1.0,1.0,1.0,1.0,4.6698088379936085,0.00967531006322079,0.008833496201202669,Feynman33,omega_0,0.009916692574492179
1.0,1.0,1.0,1.0,1.0,3.6168287806236608,0.028697922389676413,0.034513227451727316,Feynman33,omega_0,0.029517554908076546
1.0,1.0,1.0,1.0,1.0,4.811278528176753,0.008538937810556521,0.010197090969753022,Feynman33,omega_0,0.009087758943050191
1.0,1.0,1.0,1.0,1.0,3.790585311854179,0.02343801587683851,0.02572541830931476,Feynman33,omega_0,0.023776298008241745
1.0,1.0,1.0,1.0,1.0,3.7165357429861974,0.02551593587475715,0.025039378948524642,Feynman33,omega_0,0.026062373755175543
1.0,1.0,1.0,1.0,1.0,4.330699243784246,0.013287687673012158,0.019576598609535215,Feynman33,omega_0,0.012990836408922844
1.0,1.0,1.0,1.0,1.0,3.9610348977745895,0.01941140601336268,0.008580814272024557,Feynman33,omega_0,0.019340490277064068
1.0,1.0,1.0,1.0,1.0,3.7555684946040833,0.02439278037484791,0.025215600633979048,Feynman33,omega_0,0.02482866701978736
1.0,1.0,1.0,1.0,1.0,3.096603303944773,0.05678168234053661,0.055118937797459966,Feynman33,omega_0,0.05581968726750034
1.0,1.0,1.0,1.0,1.0,4.281411176727998,0.013946567815589676,0.015687195956357845,Feynman33,omega_0,0.013622300701389048
1.0,1.0,1.0,1.0,1.0,4.961762560096948,0.007508658828664913,0.010346254423961617,Feynman33,omega_0,0.008343431461748707
1.0,1.0,1.0,1.0,1.0,3.9561122630680616,0.01951481743668584,0.014033673787301488,Feynman33,omega_0,0.0194535367952024
1.0,1.0,1.0,1.0,1.0,3.777367707160848,0.02379274263749607,0.026355537551375922,Feynman33,omega_0,0.02416758268355051
1.0,1.0,1.0,1.0,1.0,4.696711384297375,0.009445154910270879,0.009133806019918247,Feynman33,omega_0,0.009744831361194554
1.0,1.0,1.0,1.0,1.0,3.2431770162235694,0.04623588941810769,0.045125098313552235,Feynman33,omega_0,0.046858322560295665
1.0,1.0,1.0,1.0,1.0,4.89590549092169,0.007939090574308787,0.010691845446772008,Feynman33,omega_0,0.008658816632339143
1.0,1.0,1.0,1.0,1.0,3.042161865269619,0.06147250121095161,0.06242900153644403,Feynman33,omega_0,0.05949335184045581
1.0,1.0,1.0,1.0,1.0,3.2981163757598377,0.0429327031818442,0.03863385491263074,Feynman33,omega_0,0.04383266946760202
1.0,1.0,1.0,1.0,1.0,3.543376957696422,0.03136964488030287,0.03370514181586562,Feynman33,omega_0,0.03235733452394393
1.0,1.0,1.0,1.0,1.0,3.2471660289754016,0.045985383241751616,0.04444947995741474,Feynman33,omega_0,0.04663269067292165
1.0,1.0,1.0,1.0,1.0,4.429836285112195,0.012077258373860448,0.018579819824158947,Feynman33,omega_0,0.01188247676285778
1.0,1.0,1.0,1.0,1.0,3.5795689452050716,0.03001546847101803,0.03265095273594033,Feynman33,omega_0,0.030925833721795117
1.0,1.0,1.0,1.0,1.0,3.330163095956321,0.0411440899577796,0.043965926047573975,Feynman33,omega_0,0.04214803685776963
1.0,1.0,1.0,1.0,1.0,4.812362385867464,0.00853090076496454,0.004334779939395663,Feynman33,omega_0,0.009082021031240721
1.0,1.0,1.0,1.0,1.0,3.4860371624714155,0.033678104685267336,0.0344409981795323,Feynman33,omega_0,0.03475750601913803
1.0,1.0,1.0,1.0,1.0,3.049741732597502,0.060790493287369365,0.05858299222603316,Feynman33,omega_0,0.05897027919728945
1.0,1.0,1.0,1.0,1.0,3.471497026839864,0.0342975053062291,0.028660173099801185,Feynman33,omega_0,0.03539253696823516
1.0,1.0,1.0,1.0,1.0,3.6006536424050424,0.029260685681828512,0.029542138223046084,Feynman33,omega_0,0.030120865591888788
1.0,1.0,1.0,1.0,1.0,4.050190894250247,0.017653018641016236,0.011318119139445264,Feynman33,omega_0,0.017435864278264632
1.0,1.0,1.0,1.0,1.0,3.901022488663263,0.020721110551100975,0.025675445400859163,Feynman33,omega_0,0.020777711539363777
1.0,1.0,1.0,1.0,1.0,4.6562775703346,0.009793746665015354,0.005784277915937254,Feynman33,omega_0,0.010006135842271224
1.0,1.0,1.0,1.0,1.0,4.18796367660055,0.01531327306837347,0.028792647919926466,Feynman33,omega_0,0.01498426238769035
1.0,1.0,1.0,1.0,1.0,3.241329412434139,0.04635250615203789,0.03872833619083593,Feynman33,omega_0,0.04696314816063829
1.0,1.0,1.0,1.0,1.0,3.8469691307246823,0.021997968981551128,0.021414498740828576,Feynman33,omega_0,0.022186139148612873
1.0,1.0,1.0,1.0,1.0,4.046744606038585,0.017717149604971533,0.017975620517743377,Feynman33,omega_0,0.017504607943148398
1.0,1.0,1.0,1.0,1.0,4.745637059705011,0.009044006058764707,0.018196018439387972,Feynman33,omega_0,0.00945077247398346
1.0,1.0,1.0,1.0,1.0,4.268230685003096,0.014129722601278243,0.010210433922175497,Feynman33,omega_0,0.013800963571890647
1.0,1.0,1.0,1.0,1.0,3.929152847495133,0.02009370258550061,0.030681796494109063,Feynman33,omega_0,0.020087868325111568
1.0,1.0,1.0,1.0,1.0,4.190857411458464,0.0152684733594357,0.013922909651511809,Feynman33,omega_0,0.014938645167827364
1.0,1.0,1.0,1.0,1.0,4.800213280214914,0.00862153786667407,0.002185444145639619,Feynman33,omega_0,0.009146772889334917
1.0,1.0,1.0,1.0,1.0,4.342342250592902,0.013137821509676084,0.022480349744769243,Feynman33,omega_0,0.012849816725275041
1.0,1.0,1.0,1.0,1.0,4.330382957464779,0.01329178889139241,0.011247607042135472,Feynman33,omega_0,0.012994709657165806
1.0,1.0,1.0,1.0,1.0,3.1516146004491237,0.05249592381306088,0.04552567416369485,Feynman33,omega_0,0.05230057747578261
1.0,1.0,1.0,1.0,1.0,4.082898012889643,0.017058761687532682,0.02532223601757593,Feynman33,omega_0,0.016802172310185885
1.0,1.0,1.0,1.0,1.0,3.2870250559941807,0.04357473156829748,0.03909093509103721,Feynman33,omega_0,0.04442937655149159
1.0,1.0,1.0,1.0,1.0,4.837072687265921,0.00835022838161508,0.011228935685613874,Feynman33,omega_0,0.008953135181184721
1.0,1.0,1.0,1.0,1.0,3.1784558443561064,0.05055445722105269,0.04574406754536038,Feynman33,omega_0,0.050652269734189105
1.0,1.0,1.0,1.0,1.0,4.445018092526851,0.011904384366483682,0.01239898978243742,Feynman33,omega_0,0.011730227856546557
1.0,1.0,1.0,1.0,1.0,3.363331880812993,0.039391515324621325,0.04707126450975938,Feynman33,omega_0,0.040465242661290084
1.0,1.0,1.0,1.0,1.0,4.915830580251841,0.00780565524956397,0.011843022947601513,Feynman33,omega_0,0.008562232900019518
1.0,1.0,1.0,1.0,1.0,4.895393974526538,0.007942553823790811,0.017250762970013475,Feynman33,omega_0,0.00866131331577008
1.0,1.0,1.0,1.0,1.0,3.2827634879897056,0.04382466360790791,0.04630752694888329,Feynman33,omega_0,0.04466053177964376
1.0,1.0,1.0,1.0,1.0,4.207547876930574,0.01501328646642323,0.0021643329230422777,Feynman33,omega_0,0.014679963760977875
1.0,1.0,1.0,1.0,1.0,4.893574001320548,0.007954891502207205,0.0026861048848167415,Feynman33,omega_0,0.008670204012137032
1.0,1.0,1.0,1.0,1.0,3.36887602236986,0.03910790069901425,0.033080236263894156,Feynman33,omega_0,0.04018991442331008
1.0,1.0,1.0,1.0,1.0,3.806633160018934,0.023016291473852955,0.020492175807186132,Feynman33,omega_0,0.02331078795972598
1.0,1.0,1.0,1.0,1.0,4.630929374194865,0.010020579683446414,0.01494230264395056,Feynman33,omega_0,0.010179461181984397
1.0,1.0,1.0,1.0,1.0,4.7517424174361,0.0089954672159926,0.007393195395698802,Feynman33,omega_0,0.009415597509168018
1.0,1.0,1.0,1.0,1.0,4.965377732234497,0.007485892477822954,0.005433937756668174,Feynman33,omega_0,0.00832636815105057
1.0,1.0,1.0,1.0,1.0,4.282188349164075,0.013935862232463342,0.011964037321543237,Feynman33,omega_0,0.013611898094529234
1.0,1.0,1.0,1.0,1.0,3.5149398769099864,0.032488484432415206,0.029804449107760485,Feynman33,omega_0,0.03352711478075832
1.0,1.0,1.0,1.0,1.0,3.785012426397351,0.02358675493798535,0.027819329552369237,Feynman33,omega_0,0.023940401478742875
1.0,1.0,1.0,1.0,1.0,4.826219484209385,0.008428982825318558,0.004575544367016205,Feynman33,omega_0,0.009009301406274697
1.0,1.0,1.0,1.0,1.0,4.287591312677742,0.013861722493736064,0.009841693250317855,Feynman33,omega_0,0.013539981185232551
1.0,1.0,1.0,1.0,1.0,4.861543200288258,0.008176037476097308,0.012514711106934237,Feynman33,omega_0,0.008828804162727646
1.0,1.0,1.0,1.0,1.0,4.597930345221162,0.01032590502515592,0.010371709749160745,Feynman33,omega_0,0.010417152488027707
1.0,1.0,1.0,1.0,1.0,4.153789944761962,0.015855124377425096,0.020807415422388394,Feynman33,omega_0,0.015540529041973413
1.0,1.0,1.0,1.0,1.0,4.919618143967153,0.007780611043955505,0.0093788704920852,Feynman33,omega_0,0.008544008740808635
1.0,1.0,1.0,1.0,1.0,3.8029754224630987,0.023111562154935334,0.024625158897789445,Feynman33,omega_0,0.02341597433978355
1.0,1.0,1.0,1.0,1.0,4.204236516644114,0.015063483876390142,0.017567350146282273,Feynman33,omega_0,0.014730689428335367
1.0,1.0,1.0,1.0,1.0,3.630323265376674,0.02823889717635375,0.025661849907072418,Feynman33,omega_0,0.029023562280487282
1.0,1.0,1.0,1.0,1.0,4.959261838424267,0.007524458055141141,0.014125390530417824,Feynman33,omega_0,0.008355244413275544
1.0,1.0,1.0,1.0,1.0,3.9672075364457062,0.019282713605415603,0.021407231065623703,Feynman33,omega_0,0.019199935845194777
1.0,1.0,1.0,1.0,1.0,3.10219674982377,0.056326000712101094,0.060619955836486425,Feynman33,omega_0,0.05545310336944114
1.0,1.0,1.0,1.0,1.0,4.157470006332162,0.015795621548544136,0.012855713336695575,Feynman33,omega_0,0.015479050896006308
1.0,1.0,1.0,1.0,1.0,3.1585783319147964,0.05198322389695943,0.057862659697934145,Feynman33,omega_0,0.05186865506802513
1.0,1.0,1.0,1.0,1.0,3.9205499130481956,0.020282993919761846,0.018759257037053348,Feynman33,omega_0,0.02029577426691263
1.0,1.0,1.0,1.0,1.0,3.177017337176843,0.050656161556788946,0.0501162915629806,Feynman33,omega_0,0.050739480860465196
1.0,1.0,1.0,1.0,1.0,3.821954088903503,0.022622603279802356,0.021514523370709603,Feynman33,omega_0,0.02287602587970863
1.0,1.0,1.0,1.0,1.0,3.326851537545764,0.04132446810928927,0.047315545697031045,Feynman33,omega_0,0.0423194237539013
1.0,1.0,1.0,1.0,1.0,3.838896433167305,0.022197131606224055,0.022711792571536448,Feynman33,omega_0,0.02240609356355406
1.0,1.0,1.0,1.0,1.0,3.104878786541516,0.056109158093080175,0.057352664100040224,Feynman33,omega_0,0.05527803755037541
1.0,1.0,1.0,1.0,1.0,4.518490636141252,0.011110540587958491,0.0074262076920901966,Feynman33,omega_0,0.011052171465920094
1.0,1.0,1.0,1.0,1.0,4.089541276476168,0.016941167014907305,0.016376682998177773,Feynman33,omega_0,0.016677536985519405
1.0,1.0,1.0,1.0,1.0,3.825169744477063,0.022541059433178978,0.02585237428759953,Feynman33,omega_0,0.022785961951148997
1.0,1.0,1.0,1.0,1.0,3.115851670884345,0.05523301385626476,0.050570710101326466,Feynman33,omega_0,0.05456657497760497
1.0,1.0,1.0,1.0,1.0,3.9291614596981996,0.02009351421354397,0.024002653713235168,Feynman33,omega_0,0.02008766153637995
1.0,1.0,1.0,1.0,1.0,4.371367599985983,0.012773403795115185,0.005122725203360654,Feynman33,omega_0,0.012511222646267767
1.0,1.0,1.0,1.0,1.0,4.515033043275606,0.0111463723714953,0.011172697765855133,Feynman33,omega_0,0.011082012738715319
1.0,1.0,1.0,1.0,1.0,3.2776468928951115,0.044127157632011846,0.04662499337058358,Feynman33,omega_0,0.04493945331196452
1.0,1.0,1.0,1.0,1.0,4.193404917634263,0.015229170894245908,0.011837474967018547,Feynman33,omega_0,0.014898674877489148
1.0,1.0,1.0,1.0,1.0,3.600675840789392,0.02925990380600565,0.03041294091296713,Feynman33,omega_0,0.03012002920388119
1.0,1.0,1.0,1.0,1.0,4.6464102025903635,0.009881268760594964,0.0018884423709328389,Feynman33,omega_0,0.010072692181523788
1.0,1.0,1.0,1.0,1.0,3.9121256498775296,0.020470547362862235,0.01682800123872625,Feynman33,omega_0,0.02050197003007584
1.0,1.0,1.0,1.0,1.0,3.1747818302185062,0.050814733026873914,0.04992067956789802,Feynman33,omega_0,0.05087526321757294
1.0,1.0,1.0,1.0,1.0,3.202587954808778,0.048886446118703346,0.052558462152251115,Feynman33,omega_0,0.04920808621983037
1.0,1.0,1.0,1.0,1.0,3.0597044991503495,0.05990870447126467,0.056882410668943346,Feynman33,omega_0,0.058288505622030834
1.0,1.0,1.0,1.0,1.0,4.648472636617521,0.009862893964426163,0.010879850484377458,Feynman33,omega_0,0.010058686079826984
1.0,1.0,1.0,1.0,1.0,3.9190661674296656,0.02031586890510079,0.013685940536031047,Feynman33,omega_0,0.02033190324222333
1.0,1.0,1.0,1.0,1.0,4.060174191286948,0.017468892755219696,0.009960429896036968,Feynman33,omega_0,0.017238865715505147
1.0,1.0,1.0,1.0,1.0,4.773126117516892,0.0088280315294498,0.009203315507760641,Feynman33,omega_0,0.009294806446575396
1.0,1.0,1.0,1.0,1.0,3.811235167355069,0.02289713184269824,0.02862401295200201,Feynman33,omega_0,0.02317921081081136
1.0,1.0,1.0,1.0,1.0,3.4507848126018996,0.03520505715253944,0.0420071781306676,Feynman33,omega_0,0.03631595189905499
1.0,1.0,1.0,1.0,1.0,4.4828399386794135,0.01148710106401887,0.018104899986879204,Feynman33,omega_0,0.011369419940038726
1.0,1.0,1.0,1.0,1.0,3.1741685797139887,0.05085834336394497,0.04895045721015476,Feynman33,omega_0,0.050912565102236476
1.0,1.0,1.0,1.0,1.0,4.307358468566386,0.013594687499074864,0.016676905972324935,Feynman33,omega_0,0.013282797482268063
1.0,1.0,1.0,1.0,1.0,4.54199710990688,0.01087075265861351,0.012676973576678902,Feynman33,omega_0,0.010854364288241273
1.0,1.0,1.0,1.0,1.0,3.812276846191561,0.022870268262177626,0.01932811997765226,Feynman33,omega_0,0.02314954573429374
1.0,1.0,1.0,1.0,1.0,4.660017793650729,0.009760827164008579,0.004365530075143589,Feynman33,omega_0,0.009981204073226752
1.0,1.0,1.0,1.0,1.0,3.0358703054037384,0.062046028841068614,0.06109142468395384,Feynman33,omega_0,0.05993039798212705
1.0,1.0,1.0,1.0,1.0,3.2567182594091704,0.04539250090230496,0.03999221569232615,Feynman33,omega_0,0.04609619926968533
1.0,1.0,1.0,1.0,1.0,4.412825600711998,0.012274741319847182,0.007202020865909065,Feynman33,omega_0,0.012058330770750142
1.0,1.0,1.0,1.0,1.0,4.634475491026572,0.009988450735459157,0.005278887267315611,Feynman33,omega_0,0.010154745577021859
1.0,1.0,1.0,1.0,1.0,3.001474149523684,0.06530532687895288,0.05831485890860059,Feynman33,omega_0,0.062366261046245874
1.0,1.0,1.0,1.0,1.0,3.7510405724245097,0.02451981223119452,0.01717556963099116,Feynman33,omega_0,0.024968468056074684
1.0,1.0,1.0,1.0,1.0,4.413345450271564,0.012268646056782444,0.008439478231823665,Feynman33,omega_0,0.012052872703468534
1.0,1.0,1.0,1.0,1.0,4.74187905559401,0.009074047241576016,0.014014397366807714,Feynman33,omega_0,0.009472581876357722
1.0,1.0,1.0,1.0,1.0,3.0977171619686645,0.05669056552824044,0.054303269772607354,Feynman33,omega_0,0.05574652734132634
1.0,1.0,1.0,1.0,1.0,4.941213056417923,0.007639739144477452,0.00437119763758823,Feynman33,omega_0,0.008440790414954522
1.0,1.0,1.0,1.0,1.0,4.177931254698022,0.015469883829137488,0.022046507112381805,Feynman33,omega_0,0.015144193640158298
1.0,1.0,1.0,1.0,1.0,4.656645084657896,0.009790505796181539,0.010263834256878051,Feynman33,omega_0,0.010003678899529874
1.0,1.0,1.0,1.0,1.0,4.900305957502999,0.007909375455495301,0.009576371864749324,Feynman33,omega_0,0.008637375620743083
1.0,1.0,1.0,1.0,1.0,4.443016750915154,0.011926993877327737,0.01772081215392654,Feynman33,omega_0,0.011750048951231551
1.0,1.0,1.0,1.0,1.0,4.255883845617269,0.014304058770174767,0.02036292944397303,Feynman33,omega_0,0.013972209332334857
1.0,1.0,1.0,1.0,1.0,3.004944397772572,0.06496672304581873,0.06342351215043435,Feynman33,omega_0,0.06211691574399701
1.0,1.0,1.0,1.0,1.0,3.5160351673595645,0.03244446108257217,0.03579855187259621,Feynman33,omega_0,0.03348131511512978
1.0,1.0,1.0,1.0,1.0,3.5952319008084173,0.029452448214546602,0.030159003849256814,Feynman33,omega_0,0.030325841849696757
1.0,1.0,1.0,1.0,1.0,4.84372098896016,0.008302443990928596,0.0033940730089242503,Feynman33,omega_0,0.008919051709937256
1.0,1.0,1.0,1.0,1.0,3.7025325291392974,0.02593481368434426,0.02132350261864066,Feynman33,omega_0,0.026520922834763525
1.0,1.0,1.0,1.0,1.0,3.3181220056941454,0.04180480597837954,0.03544108998209973,Feynman33,omega_0,0.04277417858754077
1.0,1.0,1.0,1.0,1.0,4.65195039083665,0.009832007206263283,-0.0009318986803244032,Feynman33,omega_0,0.01003518238447699
1.0,1.0,1.0,1.0,1.0,3.6592517021043864,0.027285842781616776,0.02191892887085488,Feynman33,omega_0,0.0279927836038755
1.0,1.0,1.0,1.0,1.0,4.082187714204652,0.01707139594901831,0.015456588254577566,Feynman33,omega_0,0.01681557884317638
1.0,1.0,1.0,1.0,1.0,3.1175450034770376,0.05509936605721115,0.05633388350531457,Feynman33,omega_0,0.05445746401752477
1.0,1.0,1.0,1.0,1.0,3.906512592946252,0.02059673378553825,0.01817109276756062,Feynman33,omega_0,0.020640799988442496
1.0,1.0,1.0,1.0,1.0,3.801801963771102,0.02314223230770162,0.0224890709802485,Feynman33,omega_0,0.02344983397335744
1.0,1.0,1.0,1.0,1.0,4.049024027862502,0.017674699577162743,0.02286342984763491,Feynman33,omega_0,0.017459097331343217
1.0,1.0,1.0,1.0,1.0,4.073631795204502,0.0172245163640492,0.024760398245858913,Feynman33,omega_0,0.01697829659388464
1.0,1.0,1.0,1.0,1.0,4.081119162497659,0.017090424853844873,0.006300767872568955,Feynman33,omega_0,0.01683577661017071
1.0,1.0,1.0,1.0,1.0,3.4841537524335577,0.03375753093525797,0.02647932574618568,Feynman33,omega_0,0.03483915268204848
1.0,1.0,1.0,1.0,1.0,3.8312877713103366,0.022386941773800302,0.025622994869827248,Feynman33,omega_0,0.02261573754448366
1.0,1.0,1.0,1.0,1.0,4.596009871663339,0.010344033416627879,0.01267623060282361,Feynman33,omega_0,0.010431428056427295
1.0,1.0,1.0,1.0,1.0,3.349988315434328,0.04008492014403858,0.03366293903218377,Feynman33,omega_0,0.04113485741575565
1.0,1.0,1.0,1.0,1.0,3.30763647774672,0.042391201549819936,0.04429190299535196,Feynman33,omega_0,0.04332611938407992
1.0,1.0,1.0,1.0,1.0,3.5756132156614573,0.03015981743286469,0.030182276564406498,Feynman33,omega_0,0.031079215129806693
1.0,1.0,1.0,1.0,1.0,3.3030450164187206,0.04265127088040999,0.042005320302779606,Feynman33,omega_0,0.04356977719937952
1.0,1.0,1.0,1.0,1.0,3.682882151625701,0.026537435992353964,0.024658349388367782,Feynman33,omega_0,0.027178866251310437
1.0,1.0,1.0,1.0,1.0,3.8621657300788783,0.02162915428315036,0.025412118846129476,Feynman33,omega_0,0.021778934973534964
1.0,1.0,1.0,1.0,1.0,3.0931217436686937,0.0570676916908106,0.061071362539902294,Feynman33,omega_0,0.05604887467863287
1.0,1.0,1.0,1.0,1.0,4.812181659161318,0.008532240230867186,0.010231261507863484,Feynman33,omega_0,0.009082977276300863
1.0,1.0,1.0,1.0,1.0,3.30710062131739,0.042421449270417716,0.043228767345533756,Feynman33,omega_0,0.04335449398864867
1.0,1.0,1.0,1.0,1.0,3.4875504819710565,0.033614457684256756,0.026002533954273318,Feynman33,omega_0,0.03469203403091251
1.0,1.0,1.0,1.0,1.0,4.342366184891184,0.013137515638124998,0.012766102168129406,Feynman33,omega_0,0.012849529945187782
1.0,1.0,1.0,1.0,1.0,4.791106156005647,0.008690277936174188,0.003784181014658928,Feynman33,omega_0,0.009195959796124512
1.0,1.0,1.0,1.0,1.0,4.726028582119375,0.009202148177883111,0.003561972723355177,Feynman33,omega_0,0.009565941666331075
1.0,1.0,1.0,1.0,1.0,4.061034666956333,0.017453136640758395,0.02045454570036875,Feynman33,omega_0,0.017222034284524755
1.0,1.0,1.0,1.0,1.0,3.9447518304274647,0.019756145167643076,0.013200905376765704,Feynman33,omega_0,0.019717684034115064
1.0,1.0,1.0,1.0,1.0,4.188470150569564,0.015305420043996853,0.018064465812147015,Feynman33,omega_0,0.014976261751477097
1.0,1.0,1.0,1.0,1.0,4.746328054943983,0.009038495956692573,0.013697360615606127,Feynman33,omega_0,0.00944677553863479
1.0,1.0,1.0,1.0,1.0,4.744816130382095,0.009050557782263486,0.005473763085606213,Feynman33,omega_0,0.009455526307556882
1.0,1.0,1.0,1.0,1.0,3.2377804606067517,0.04657756129051433,0.0435073103322992,Feynman33,omega_0,0.04716506888184067
1.0,1.0,1.0,1.0,1.0,4.256800716923121,0.014291019523589328,0.017379555277772032,Feynman33,omega_0,0.013959362129116833
1.0,1.0,1.0,1.0,1.0,3.4978061973746115,0.03318712679898922,0.030210955575516382,Feynman33,omega_0,0.03425140131766193
1.0,1.0,1.0,1.0,1.0,3.7449696302938484,0.024691453001167037,0.027095654283413765,Feynman33,omega_0,0.025157264434263724
1.0,1.0,1.0,1.0,1.0,4.343156265447519,0.013127423746385798,0.024534891509524072,Feynman33,omega_0,0.012840070343065467
1.0,1.0,1.0,1.0,1.0,4.224376232634334,0.014761425422604838,0.02224721380362505,Feynman33,omega_0,0.01442667340317404
1.0,1.0,1.0,1.0,1.0,3.7302595592341845,0.025113705235583688,0.032773023733182104,Feynman33,omega_0,0.025621200136519855
1.0,1.0,1.0,1.0,1.0,4.251818817498926,0.014362050835980914,0.01329946857575298,Feynman33,omega_0,0.014029422686424015
1.0,1.0,1.0,1.0,1.0,3.9815280559680732,0.01898828088106205,0.017465461820688005,Feynman33,omega_0,0.018878941147512325
1.0,1.0,1.0,1.0,1.0,4.830022909072282,0.008401277757192955,0.0007689999487178068,Feynman33,omega_0,0.008989542093229214
1.0,1.0,1.0,1.0,1.0,3.392545193689611,0.03792589445394751,0.04008184347583792,Feynman33,omega_0,0.039033402691568166
1.0,1.0,1.0,1.0,1.0,3.2938274619495687,0.04317953240770212,0.04884883410251064,Feynman33,omega_0,0.044062571943159545
1.0,1.0,1.0,1.0,1.0,4.016497193570302,0.01829286000987142,0.018470597131518655,Feynman33,omega_0,0.01812447409413884
1.0,1.0,1.0,1.0,1.0,3.3834732337435374,0.03837349296738801,0.05023204158444449,Feynman33,omega_0,0.039473062852953954
1.0,1.0,1.0,1.0,1.0,3.6564944288535797,0.02737490464136719,0.029900199782943143,Feynman33,omega_0,0.02808938845923498
1.0,1.0,1.0,1.0,1.0,4.015149949889687,0.018319049370875397,0.01160858731900461,Feynman33,omega_0,0.018152781610334193
1.0,1.0,1.0,1.0,1.0,4.450435356039711,0.011843455495434273,0.01125261699686182,Feynman33,omega_0,0.01167695068725944
1.0,1.0,1.0,1.0,1.0,3.85949484725195,0.02169340482549546,0.02328282428080789,Feynman33,omega_0,0.021849858775438373
1.0,1.0,1.0,1.0,1.0,4.62307071903334,0.01009224758172269,-0.0022232001195931026,Feynman33,omega_0,0.01023479346929567
1.0,1.0,1.0,1.0,1.0,4.887553648489165,0.007995876240262082,0.011414231165336724,Feynman33,omega_0,0.008699699578310027
1.0,1.0,1.0,1.0,1.0,4.467781260397369,0.011650993343093682,0.00701671775751262,Feynman33,omega_0,0.01150998722187319
1.0,1.0,1.0,1.0,1.0,4.662217440345075,0.009741532192053474,0.0006526724338934368,Feynman33,omega_0,0.0099666164869492
1.0,1.0,1.0,1.0,1.0,4.3185807766761,0.013445975139085726,0.016668524174742017,Feynman33,omega_0,0.013140861659178769
1.0,1.0,1.0,1.0,1.0,4.5466335325791105,0.010824230495424195,0.012359281852086982,Feynman33,omega_0,0.010816369116053912
1.0,1.0,1.0,1.0,1.0,3.728856533216041,0.025154455751019673,0.02191512264050715,Feynman33,omega_0,0.025665931458346128
1.0,1.0,1.0,1.0,1.0,4.554972764906228,0.010741184723213979,0.01137553473045352,Feynman33,omega_0,0.010748853676987717
1.0,1.0,1.0,1.0,1.0,3.4828172687846597,0.03381403688191078,0.03914642506054999,Feynman33,omega_0,0.03489719969767577
1.0,1.0,1.0,1.0,1.0,3.356633330280488,0.0397376846066476,0.035244236892825506,Feynman33,omega_0,0.040800161297344734
1.0,1.0,1.0,1.0,1.0,4.199110731180188,0.015141605598241232,0.01974490828114349,Feynman33,omega_0,0.014809789765052818
1.0,1.0,1.0,1.0,1.0,4.301728480393821,0.01367007612088742,0.01301759319483814,Feynman33,omega_0,0.013355107466649767
1.0,1.0,1.0,1.0,1.0,3.2926425566639654,0.04324804262969742,0.0477967822726967,Feynman33,omega_0,0.044126273749873976
1.0,1.0,1.0,1.0,1.0,3.480520017040936,0.03391144481128913,0.03603135333605531,Feynman33,omega_0,0.0349971887649337
1.0,1.0,1.0,1.0,1.0,4.444720401970524,0.011907744001183256,0.010992435569998937,Feynman33,omega_0,0.011733171407987717
1.0,1.0,1.0,1.0,1.0,3.9921438347547014,0.01877368369494976,0.02676609944168562,Feynman33,omega_0,0.01864553471085911
1.0,1.0,1.0,1.0,1.0,3.0365224461334366,0.06198626424725791,0.0594315905619313,Feynman33,omega_0,0.05988497520272546
1.0,1.0,1.0,1.0,1.0,4.020501928791565,0.01821529033948739,0.009651500626453126,Feynman33,omega_0,0.01804068359926114
1.0,1.0,1.0,1.0,1.0,4.5756596381882035,0.010538620250077015,0.015528609710561499,Feynman33,omega_0,0.010585829325335666
1.0,1.0,1.0,1.0,1.0,4.823058122843593,0.008452098657373449,-0.005569289571115306,Feynman33,omega_0,0.009025789477844248
1.0,1.0,1.0,1.0,1.0,3.684886625320762,0.0264751564752362,0.02008366264035115,Feynman33,omega_0,0.027110971138490012
1.0,1.0,1.0,1.0,1.0,3.861819092958908,0.021637479332678414,0.028031970097907304,Feynman33,omega_0,0.02178812427501324
1.0,1.0,1.0,1.0,1.0,4.235679330181103,0.014595251439469305,0.020316901921956104,Feynman33,omega_0,0.014260709657853955
1.0,1.0,1.0,1.0,1.0,4.0279957500544885,0.018071253698242893,0.025234708090502374,Feynman33,omega_0,0.01788531132342904
1.0,1.0,1.0,1.0,1.0,4.550007629233578,0.010790532479086852,0.011511043121673462,Feynman33,omega_0,0.010788925197677957
1.0,1.0,1.0,1.0,1.0,4.318152168611045,0.01345161697720416,0.013553737944006243,Feynman33,omega_0,0.013146229145930777
1.0,1.0,1.0,1.0,1.0,3.0467651680322017,0.061057155516129065,0.05719063653716865,Feynman33,omega_0,0.05917523552891429
1.0,1.0,1.0,1.0,1.0,3.209341018185516,0.048432275632936374,0.04415166381287199,Feynman33,omega_0,0.048810284310104604
1.0,1.0,1.0,1.0,1.0,4.721795134220674,0.009236747540999145,0.023759324536794038,Feynman33,omega_0,0.009591263599875728
1.0,1.0,1.0,1.0,1.0,4.882328227172507,0.008031665303942507,0.005307186738955294,Feynman33,omega_0,0.008725411560098071
1.0,1.0,1.0,1.0,1.0,3.2943402367527037,0.04314992703587883,0.035950876161968306,Feynman33,omega_0,0.044035029627021445
1.0,1.0,1.0,1.0,1.0,4.836773626228746,0.008352386008742852,0.01643783342215006,Feynman33,omega_0,0.008954673987821377
1.0,1.0,1.0,1.0,1.0,3.291490194514586,0.04331480402343271,0.05211970456947905,Feynman33,omega_0,0.04418830345356854
1.0,1.0,1.0,1.0,1.0,3.195021259540116,0.04940180480170764,0.04536929942984082,Feynman33,omega_0,0.0496570973490259
1.0,1.0,1.0,1.0,1.0,3.934948650117648,0.019967436811918298,0.020603175447374597,Feynman33,omega_0,0.019949308410286734
1.0,1.0,1.0,1.0,1.0,4.621572329665829,0.010105985643832614,0.007690374828017177,Feynman33,omega_0,0.010245432041281735
1.0,1.0,1.0,1.0,1.0,4.913492020013578,0.007821169066936386,0.006378526592162728,Feynman33,omega_0,0.008573505258539962
1.0,1.0,1.0,1.0,1.0,4.054505866001368,0.017573136097162836,0.02109517700715076,Feynman33,omega_0,0.0173503284247473
1.0,1.0,1.0,1.0,1.0,4.269371700903401,0.014113747437739908,0.008654161498954285,Feynman33,omega_0,0.013785328781998615
1.0,1.0,1.0,1.0,1.0,4.739968726774828,0.009089366502903689,0.015279365028992516,Feynman33,omega_0,0.009483715344453279
1.0,1.0,1.0,1.0,1.0,3.5129461608734056,0.03256881342636064,0.027903751280687693,Feynman33,omega_0,0.03361063626318427
1.0,1.0,1.0,1.0,1.0,3.784601299994077,0.02359777513150312,0.02939888658204692,Feynman33,omega_0,0.02395255809606302
1.0,1.0,1.0,1.0,1.0,4.999373306296585,0.0072760043375440665,0.005162915394680426,Feynman33,omega_0,0.008166439383881818
1.0,1.0,1.0,1.0,1.0,3.8438499223069247,0.022074653944157602,0.024036827429036227,Feynman33,omega_0,0.022270826271708864
1.0,1.0,1.0,1.0,1.0,4.525876425352321,0.011034485742901104,0.016263007515559338,Feynman33,omega_0,0.010989075038276255
1.0,1.0,1.0,1.0,1.0,4.12228036888293,0.016376388040528583,0.01578452710518707,Feynman33,omega_0,0.01608289628893702
1.0,1.0,1.0,1.0,1.0,4.051933559826699,0.017620701693488363,0.011724417671453397,Feynman33,omega_0,0.01740124779214647
1.0,1.0,1.0,1.0,1.0,3.5933036037080406,0.02952103490849143,0.02515387004717402,Feynman33,omega_0,0.030399078781559462
1.0,1.0,1.0,1.0,1.0,4.320864794470883,0.013415960600352984,0.017569415443014505,Feynman33,omega_0,0.013112329798303983
1.0,1.0,1.0,1.0,1.0,3.1547207695836947,0.052266441351478364,0.04933496802268899,Feynman33,omega_0,0.052107546338379225
1.0,1.0,1.0,1.0,1.0,4.410604426074831,0.012300827826208333,0.014389476237314092,Feynman33,omega_0,0.012081711864680949
1.0,1.0,1.0,1.0,1.0,3.9409320181207086,0.019838136817636152,0.012220310171234525,Feynman33,omega_0,0.019807528584422987
1.0,1.0,1.0,1.0,1.0,4.762530383488933,0.008910500962444383,0.007000505589013743,Feynman33,omega_0,0.009354201737027152
1.0,1.0,1.0,1.0,1.0,3.5531369595686817,0.030996949501284354,0.04293138623951652,Feynman33,omega_0,0.031965034912584976
1.0,1.0,1.0,1.0,1.0,3.45735985804031,0.034913685449546344,0.03628191688399238,Feynman33,omega_0,0.036020404757059234
1.0,1.0,1.0,1.0,1.0,3.287031462670255,0.04357435719818231,0.04656782207416262,Feynman33,omega_0,0.04442902983123036
1.0,1.0,1.0,1.0,1.0,4.786215728505815,0.008727475850435847,0.00764868488554156,Feynman33,omega_0,0.009222611857995123
1.0,1.0,1.0,1.0,1.0,4.848684433497126,0.008266994021235754,0.013589374142738812,Feynman33,omega_0,0.008893758147791439
1.0,1.0,1.0,1.0,1.0,4.379307562082877,0.012675947079103701,0.018409422218734053,Feynman33,omega_0,0.012421741643705655
1.0,1.0,1.0,1.0,1.0,3.8973011746452437,0.02080595707166688,0.030539031997764397,Feynman33,omega_0,0.020871147361650223
1.0,1.0,1.0,1.0,1.0,4.014834946702512,0.01832517962882321,0.024735454590169962,Feynman33,omega_0,0.01815940896014066
1.0,1.0,1.0,1.0,1.0,3.2622149291260225,0.04505574645446885,0.04948397144614477,Feynman33,omega_0,0.04578991498777924
1.0,1.0,1.0,1.0,1.0,4.537607435370041,0.010915031743171837,0.008763078010930618,Feynman33,omega_0,0.010890642962362567
1.0,1.0,1.0,1.0,1.0,4.292459696952312,0.01379534466516333,0.013054273771873123,Feynman33,omega_0,0.013475780020872272
1.0,1.0,1.0,1.0,1.0,4.286665104144955,0.013874396514776604,0.008480871166912232,Feynman33,omega_0,0.013552259715191146
1.0,1.0,1.0,1.0,1.0,4.872184613013653,0.00810171754698728,0.008995765926325144,Feynman33,omega_0,0.00877563706731509
1.0,1.0,1.0,1.0,1.0,3.714052595535822,0.025589584996598448,0.02242465911397278,Feynman33,omega_0,0.02614306584902622
1.0,1.0,1.0,1.0,1.0,3.940077115934936,0.01985654612308077,0.02281886052619629,Feynman33,omega_0,0.019827707677775513
1.0,1.0,1.0,1.0,1.0,4.259900523535778,0.01424704684901239,0.020531815570838725,Feynman33,omega_0,0.013916083332030002
1.0,1.0,1.0,1.0,1.0,4.111404755788247,0.01656132353693443,0.008886791228918308,Feynman33,omega_0,0.016276856891275136
1.0,1.0,1.0,1.0,1.0,3.4312177951496867,0.036090648443781514,0.035036404623773186,Feynman33,omega_0,0.03720887034752921
1.0,1.0,1.0,1.0,1.0,4.705287238606015,0.00937324177231168,0.006398604952667987,Feynman33,omega_0,0.009691631845906276
1.0,1.0,1.0,1.0,1.0,4.13170980230859,0.01621815354651922,0.018146146127147496,Feynman33,omega_0,0.015917559522597734
1.0,1.0,1.0,1.0,1.0,3.9086922443602514,0.020547616649561982,0.015261127148045455,Feynman33,omega_0,0.02058675230686123
1.0,1.0,1.0,1.0,1.0,3.328770170207861,0.04121983926792802,0.042620756365556414,Feynman33,omega_0,0.04222005131435733
1.0,1.0,1.0,1.0,1.0,4.252005979045907,0.014359374253676529,0.018310692315511898,Feynman33,omega_0,0.014026779347296925
1.0,1.0,1.0,1.0,1.0,4.0980695780928,0.01679170354415455,0.019799440049447455,Feynman33,omega_0,0.016519518898526726
1.0,1.0,1.0,1.0,1.0,4.314812284806496,0.013495683031823209,0.014983571922753878,Feynman33,omega_0,0.013188199477622077
1.0,1.0,1.0,1.0,1.0,4.517267819063307,0.011123196265763127,0.02232271765345513,Feynman33,omega_0,0.011062702937814299
1.0,1.0,1.0,1.0,1.0,4.099871330581949,0.01676034045384721,0.01991260570001493,Feynman33,omega_0,0.01648641826072428
1.0,1.0,1.0,1.0,1.0,4.366272228139539,0.012836444284806315,0.01455292796583262,Feynman33,omega_0,0.01256934814948977
1.0,1.0,1.0,1.0,1.0,3.4341639632413736,0.03595551022162604,0.03892885731478535,Feynman33,omega_0,0.03707313767451236
1.0,1.0,1.0,1.0,1.0,3.031144332827115,0.06248134104620774,0.060668529456133005,Feynman33,omega_0,0.0602604119068832
1.0,1.0,1.0,1.0,1.0,3.7900224570866916,0.023452984273696256,0.028515651503950804,Feynman33,omega_0,0.02379281472419828
1.0,1.0,1.0,1.0,1.0,3.1185372603144144,0.055021242968828016,0.05971642973082423,Feynman33,omega_0,0.054393611818029264
1.0,1.0,1.0,1.0,1.0,3.2637529656663915,0.04496208846409251,0.04700154752071739,Feynman33,omega_0,0.045704529757107405
1.0,1.0,1.0,1.0,1.0,3.62164314196304,0.028533079187530817,0.027388425062780275,Feynman33,omega_0,0.029340346333244973
1.0,1.0,1.0,1.0,1.0,4.293668511678206,0.013778925398753934,0.006934641343998844,Feynman33,omega_0,0.013459926633702783
1.0,1.0,1.0,1.0,1.0,3.8147272755773773,0.022807232087833168,0.02052154851658058,Feynman33,omega_0,0.02307993317510824
1.0,1.0,1.0,1.0,1.0,4.834947912363818,0.008365573188247283,0.015167906269378847,Feynman33,omega_0,0.008964078823585596
1.0,1.0,1.0,1.0,1.0,4.196854252126864,0.015176158778834685,0.01055864799711563,Feynman33,omega_0,0.014844835837011785
1.0,1.0,1.0,1.0,1.0,3.318751975482894,0.04176990510700453,0.0417458026452148,Feynman33,omega_0,0.0427412167706574
1.0,1.0,1.0,1.0,1.0,4.380368354654214,0.012662997909231909,0.015027637402262834,Feynman33,omega_0,0.012409887012191131
1.0,1.0,1.0,1.0,1.0,3.618059490408946,0.02865566828039399,0.021915929052363566,Feynman33,omega_0,0.02947215194556926
1.0,1.0,1.0,1.0,1.0,3.3605083404283977,0.03953696131239273,0.04619403171513355,Feynman33,omega_0,0.040606113742746315
1.0,1.0,1.0,1.0,1.0,3.6146254313378225,0.0287737679511303,0.02951288873742931,Feynman33,omega_0,0.029599016495838307
1.0,1.0,1.0,1.0,1.0,3.8177024924438125,0.022730991627434582,0.020335277676158482,Feynman33,omega_0,0.022995734497795736
1.0,1.0,1.0,1.0,1.0,4.093426909735095,0.01687286120791217,0.011540207401155354,Feynman33,omega_0,0.016605265994837512
1.0,1.0,1.0,1.0,1.0,3.478967925126636,0.03397745840146724,0.0379955700300792,Feynman33,omega_0,0.03506489724232864
1.0,1.0,1.0,1.0,1.0,4.425289085273887,0.012129653061171761,0.012526891681044539,Feynman33,omega_0,0.01192893395616289
1.0,1.0,1.0,1.0,1.0,3.7871021668382667,0.023530840428710904,0.022621962072683736,Feynman33,omega_0,0.0238787167355986
1.0,1.0,1.0,1.0,1.0,4.1327290661723035,0.016201165382236246,0.011932615923185348,Feynman33,omega_0,0.015899843885022216
1.0,1.0,1.0,1.0,1.0,4.840060543485135,0.008328710511239394,0.006401981957123644,Feynman33,omega_0,0.008937788087602821
1.0,1.0,1.0,1.0,1.0,4.694346800986324,0.009465105503373553,0.004296587704083959,Feynman33,omega_0,0.009759631078717372
1.0,1.0,1.0,1.0,1.0,4.426610816451045,0.012114393997120753,0.008974228594483939,Feynman33,omega_0,0.011915389152567396
1.0,1.0,1.0,1.0,1.0,3.1070951578312593,0.05593076773813238,0.05192864071654594,Feynman33,omega_0,0.05513371388800027
1.0,1.0,1.0,1.0,1.0,4.966542207815096,0.007478577782358472,0.01368771976460284,Feynman33,omega_0,0.008320875245656861
1.0,1.0,1.0,1.0,1.0,3.3515510710672487,0.04000291221037957,0.040423509409204125,Feynman33,omega_0,0.04105592418108426
1.0,1.0,1.0,1.0,1.0,4.550767551024188,0.010782961210182102,0.008407897692311556,Feynman33,omega_0,0.010782768071429657
1.0,1.0,1.0,1.0,1.0,4.408091133751628,0.012330429586305135,0.009185947115705419,Feynman33,omega_0,0.012108286064115471
1.0,1.0,1.0,1.0,1.0,3.012916170499888,0.06419734345696641,0.07035826127044426,Feynman33,omega_0,0.061547188226012475
1.0,1.0,1.0,1.0,1.0,3.8087719528216013,0.02296081428182853,0.017094515204371826,Feynman33,omega_0,0.023249531505915966
1.0,1.0,1.0,1.0,1.0,4.9634963109518075,0.007497729754658631,0.005098704494379385,Feynman33,omega_0,0.008335246299674132
1.0,1.0,1.0,1.0,1.0,4.65589274416917,0.009797141646312317,0.00898701679250339,Feynman33,omega_0,0.010008710195956136
1.0,1.0,1.0,1.0,1.0,4.434753093097475,0.012020926062425791,0.018570624743273645,Feynman33,omega_0,0.011832690170126477
1.0,1.0,1.0,1.0,1.0,3.484992328401599,0.03372213755732908,0.031046506573524018,Feynman33,omega_0,0.03480277768470282
1.0,1.0,1.0,1.0,1.0,4.817630105278081,0.008491974991159695,0.010429779384326836,Feynman33,omega_0,0.009054238827452349
1.0,1.0,1.0,1.0,1.0,4.781498690049996,0.008763545333031045,0.011252597290575934,Feynman33,omega_0,0.009248482111980988
1.0,1.0,1.0,1.0,1.0,3.189613887133402,0.0497743423751887,0.047127917068242264,Feynman33,omega_0,0.049980105209978226
1.0,1.0,1.0,1.0,1.0,4.828800731126959,0.008410167862197107,0.010178002297582013,Feynman33,omega_0,0.00899588235441147
1.0,1.0,1.0,1.0,1.0,4.774398613939495,0.00881819219672439,0.0196283390645058,Feynman33,omega_0,0.009287731858161766
1.0,1.0,1.0,1.0,1.0,4.93645234596201,0.007670517071670975,0.01141419848786419,Feynman33,omega_0,0.008463454220411084
1.0,1.0,1.0,1.0,1.0,4.051973097214913,0.01761996935921618,0.007270409369190149,Feynman33,omega_0,0.0174004635432855
1.0,1.0,1.0,1.0,1.0,3.299118722190433,0.04287527674082062,0.051699295466993644,Feynman33,omega_0,0.04377909192116752
1.0,1.0,1.0,1.0,1.0,3.406140874414871,0.03726745630357378,0.039681069675748845,Feynman33,omega_0,0.03838284242727362
1.0,1.0,1.0,1.0,1.0,4.121899224180347,0.01638282496196917,0.023149034193776036,Feynman33,omega_0,0.016089634411816038
1.0,1.0,1.0,1.0,1.0,3.909933004539381,0.020519723107055684,0.020468387288996248,Feynman33,omega_0,0.020556063850356472
1.0,1.0,1.0,1.0,1.0,3.906681212710481,0.020592928737706014,0.015881449655548874,Feynman33,omega_0,0.02063661257109656
1.0,1.0,1.0,1.0,1.0,4.092852711267229,0.016882933116503483,0.019557034100472884,Feynman33,omega_0,0.016615916741475827
1.0,1.0,1.0,1.0,1.0,4.587898775613716,0.010421042926946428,0.023585838096801145,Feynman33,omega_0,0.0104922772128461
1.0,1.0,1.0,1.0,1.0,4.074641363489716,0.017206358532269952,0.020787120332407254,Feynman33,omega_0,0.016958978013177837
1.0,1.0,1.0,1.0,1.0,3.835473641631693,0.022282265250571975,0.029458921490388215,Feynman33,omega_0,0.022500121797907096
1.0,1.0,1.0,1.0,1.0,4.552459309350928,0.010766129910337605,0.007867866969742326,Feynman33,omega_0,0.010769092271981999
1.0,1.0,1.0,1.0,1.0,4.371776259685989,0.012768364769439506,0.01296017884559615,Feynman33,omega_0,0.012506584731021753
1.0,1.0,1.0,1.0,1.0,3.1327228392723256,0.05391966794325586,0.050695503010673715,Feynman33,omega_0,0.05348756993954926
1.0,1.0,1.0,1.0,1.0,4.837957696867008,0.008343847443241745,0.010776254142768504,Feynman33,omega_0,0.008948584271751967
1.0,1.0,1.0,1.0,1.0,4.428201648793475,0.012096060355772303,0.02364349446798751,Feynman33,omega_0,0.011899131400473252
1.0,1.0,1.0,1.0,1.0,4.836175430480491,0.008356703903927912,0.0010560525291866988,Feynman33,omega_0,0.00895775345665703
1.0,1.0,1.0,1.0,1.0,3.6930974658009195,0.02622197019710215,0.021675469130394615,Feynman33,omega_0,0.02683471021305608
1.0,1.0,1.0,1.0,1.0,4.381991154705341,0.0126432205868689,0.00793384363365052,Feynman33,omega_0,0.012391797237143709
1.0,1.0,1.0,1.0,1.0,4.931286967574126,0.007704088140731487,0.007360280863597406,Feynman33,omega_0,0.008488099478597171
1.0,1.0,1.0,1.0,1.0,4.574133026390362,0.010553403087350933,0.0028341610018114277,Feynman33,omega_0,0.01059764719584882
1.0,1.0,1.0,1.0,1.0,4.999523336498943,0.007275094602004337,0.003050466387013991,Feynman33,omega_0,0.008165734609325851
1.0,1.0,1.0,1.0,1.0,3.6418696018526955,0.027853513215163765,0.026959159219108162,Feynman33,omega_0,0.02860755863016333
1.0,1.0,1.0,1.0,1.0,4.047275501292975,0.017707251146462048,0.018461068218246543,Feynman33,omega_0,0.017493993274718293
1.0,1.0,1.0,1.0,1.0,3.8006558265463246,0.023172238181190387,0.019022336224190094,Feynman33,omega_0,0.023482958910017216
1.0,1.0,1.0,1.0,1.0,4.161530374737968,0.015730296801642098,0.014260556083403294,Feynman33,omega_0,0.015411665368751066
1.0,1.0,1.0,1.0,1.0,4.315819744675343,0.013482371533840208,0.009157935559147031,Feynman33,omega_0,0.013175512268583774
1.0,1.0,1.0,1.0,1.0,3.807846355137723,0.022984802124879734,0.014700530908712258,Feynman33,omega_0,0.023276018692322955
1.0,1.0,1.0,1.0,1.0,3.4565745572741537,0.034948324303928,0.03239331296021612,Feynman33,omega_0,0.03605558556810128
1.0,1.0,1.0,1.0,1.0,4.223323311620501,0.01477702656754713,0.01317215978563314,Feynman33,omega_0,0.014442302683822137
1.0,1.0,1.0,1.0,1.0,4.182579923854062,0.015397065414547372,0.020768309021411715,Feynman33,omega_0,0.015069742698206032
1.0,1.0,1.0,1.0,1.0,3.4738442074555422,0.034196542954320786,0.028371178234625583,Feynman33,omega_0,0.035289291325282954
1.0,1.0,1.0,1.0,1.0,3.8965778233323816,0.02082250063541094,0.027443026842809283,Feynman33,omega_0,0.02088936913160786
1.0,1.0,1.0,1.0,1.0,3.073762229245526,0.058692057538294505,0.05970587681644477,Feynman33,omega_0,0.05733753221728059
1.0,1.0,1.0,1.0,1.0,3.3387162407841666,0.04068282019597934,0.04344158125616429,Feynman33,omega_0,0.04170822721148896
1.0,1.0,1.0,1.0,1.0,4.086184942191472,0.01700045002024066,0.01609566935101778,Feynman33,omega_0,0.016740335915919155
1.0,1.0,1.0,1.0,1.0,4.340767753599488,0.0131579627805263,0.012806054282624098,Feynman33,omega_0,0.012868710202845567
1.0,1.0,1.0,1.0,1.0,4.918936778791071,0.00778510890196566,0.00480013362994604,Feynman33,omega_0,0.0085472842642259
1.0,1.0,1.0,1.0,1.0,3.769326203990839,0.024011888829322293,0.022467514623421312,Feynman33,omega_0,0.024409153102143585
1.0,1.0,1.0,1.0,1.0,3.575514295412116,0.030163438425001608,0.03066438294367555,Feynman33,omega_0,0.031083060325931725
1.0,1.0,1.0,1.0,1.0,3.3007169587111242,0.04278391265725122,0.04181832018913447,Feynman33,omega_0,0.043693781838030014
1.0,1.0,1.0,1.0,1.0,3.745972057812795,0.02466300710552056,0.016872756964431863,Feynman33,omega_0,0.025125983379704477
1.0,1.0,1.0,1.0,1.0,4.674842647829127,0.009631711502789589,0.007676524008509192,Feynman33,omega_0,0.009883942679849874
1.0,1.0,1.0,1.0,1.0,4.752434861196562,0.008989982910046747,0.009018977452475327,Feynman33,omega_0,0.009411627938881471
1.0,1.0,1.0,1.0,1.0,3.465479875625139,0.03455806461943689,0.03441829817886799,Feynman33,omega_0,0.035658510658837364
1.0,1.0,1.0,1.0,1.0,4.855025498384573,0.008221981928511778,0.008405112537180178,Feynman33,omega_0,0.008861626407165195
1.0,1.0,1.0,1.0,1.0,4.25080960266165,0.014376494408494554,0.012128331829463908,Feynman33,omega_0,0.014043691353258995
1.0,1.0,1.0,1.0,1.0,3.525848753279459,0.032053381546471436,0.03174451748772257,Feynman33,omega_0,0.033073629658349146
1.0,1.0,1.0,1.0,1.0,3.6640693492215664,0.027131109802213928,0.023078466316964058,Feynman33,omega_0,0.027824814382854796
1.0,1.0,1.0,1.0,1.0,3.080772296376969,0.058097142334265155,0.06161899911864991,Feynman33,omega_0,0.056868114398610094
1.0,1.0,1.0,1.0,1.0,4.102881138904391,0.016708113828521852,0.014332693111554334,Feynman33,omega_0,0.016431343453760922
1.0,1.0,1.0,1.0,1.0,3.9536206983607958,0.019567424420176182,0.01842982231109562,Feynman33,omega_0,0.019511079210972546
1.0,1.0,1.0,1.0,1.0,4.5341429874197035,0.010950138801107259,0.011768328328665633,Feynman33,omega_0,0.01091948682718752
1.0,1.0,1.0,1.0,1.0,4.753790430782345,0.008979258704186515,0.013889183948603792,Feynman33,omega_0,0.009403868434723675
1.0,1.0,1.0,1.0,1.0,3.755545831230676,0.024393414120566687,0.026046183566280978,Feynman33,omega_0,0.024829364615970864
1.0,1.0,1.0,1.0,1.0,4.371333908143556,0.012773819348344316,0.01119157223300989,Feynman33,omega_0,0.012511605175747368
1.0,1.0,1.0,1.0,1.0,3.532765500744664,0.0317813354230425,0.02549897731274198,Feynman33,omega_0,0.03278916250428989
1.0,1.0,1.0,1.0,1.0,3.9396294901164044,0.019866193842239484,0.020070705653369145,Feynman33,omega_0,0.0198382838354181
1.0,1.0,1.0,1.0,1.0,4.380330171572151,0.012663463722861599,0.01818654098056275,Feynman33,omega_0,0.012410313310275612
1.0,1.0,1.0,1.0,1.0,3.949665279676446,0.019651308578707543,0.01736086902301027,Feynman33,omega_0,0.01960287880180343
1.0,1.0,1.0,1.0,1.0,4.627734890115964,0.010049634437362872,0.01788030302944338,Feynman33,omega_0,0.010201859796925165
1.0,1.0,1.0,1.0,1.0,4.2135981437342185,0.014922114457831285,0.01293353780319964,Feynman33,omega_0,0.014588036771338988
1.0,1.0,1.0,1.0,1.0,4.834888623886751,0.008366001870361389,0.008864264818361547,Feynman33,omega_0,0.008964384547056576
1.0,1.0,1.0,1.0,1.0,4.035621334838998,0.01792616075165369,0.024036754999074025,Feynman33,omega_0,0.01772909456121537
1.0,1.0,1.0,1.0,1.0,3.8231489376755894,0.022592260267297038,0.026250249392487025,Feynman33,omega_0,0.022842512763463066
1.0,1.0,1.0,1.0,1.0,4.786292740050037,0.008726888525627894,-0.00011320695186780964,Feynman33,omega_0,0.009222190832773163
1.0,1.0,1.0,1.0,1.0,3.640952424854251,0.027883881024259972,0.020172320381982467,Feynman33,omega_0,0.028640379973043455
1.0,1.0,1.0,1.0,1.0,3.3911276897312286,0.03799539288384858,0.026789696142597283,Feynman33,omega_0,0.03910180569046154
1.0,1.0,1.0,1.0,1.0,4.270098895603,0.014103578020051417,0.01993226801394226,Feynman33,omega_0,0.013775381105351148
1.0,1.0,1.0,1.0,1.0,4.109618344930657,0.016591952857664048,0.02022010325817515,Feynman33,omega_0,0.016309053928335947
1.0,1.0,1.0,1.0,1.0,3.4107442183455428,0.03704781459093206,0.03814607860309215,Feynman33,omega_0,0.038164823266092655
1.0,1.0,1.0,1.0,1.0,4.911551934791494,0.007834068936962755,0.00937349561252333,Feynman33,omega_0,0.008582868958678599
1.0,1.0,1.0,1.0,1.0,4.224145423072335,0.014764843548621126,0.01623254273929117,Feynman33,omega_0,0.014430096998979609
1.0,1.0,1.0,1.0,1.0,4.6931663667057295,0.009475085020081028,0.0055931341679401215,Feynman33,omega_0,0.009767040827225106
1.0,1.0,1.0,1.0,1.0,3.82737788858862,0.02248528005117019,0.016917208830175483,Feynman33,omega_0,0.022724353406791267
1.0,1.0,1.0,1.0,1.0,4.483734049002295,0.011477461762429399,0.0079485217231555,Feynman33,omega_0,0.011361199120586777
1.0,1.0,1.0,1.0,1.0,3.3812717413075326,0.03848312328227419,0.043871659410432445,Feynman33,omega_0,0.03958042994578586
1.0,1.0,1.0,1.0,1.0,4.699388103497081,0.009422634708925686,0.00041850242723655284,Feynman33,omega_0,0.009728146919873972
1.0,1.0,1.0,1.0,1.0,4.897363890100231,0.007929226847771951,0.0039042384078035617,Feynman33,omega_0,0.008651703287662082
1.0,1.0,1.0,1.0,1.0,3.3984362709457683,0.037638788407839976,0.040923948624285875,Feynman33,omega_0,0.038750287762630425
1.0,1.0,1.0,1.0,1.0,4.973277705064072,0.00743644476309726,0.009909993450680353,Feynman33,omega_0,0.008289131797115466
1.0,1.0,1.0,1.0,1.0,4.77685582117886,0.008799231417589702,-0.0024397661761940605,Feynman33,omega_0,0.00927410549764641
1.0,1.0,1.0,1.0,1.0,3.1722187630949614,0.050997318881567985,0.045089898617397296,Feynman33,omega_0,0.05103131935244
1.0,1.0,1.0,1.0,1.0,3.6925492090336185,0.026238780089921022,0.01986339649172208,Feynman33,omega_0,0.026853064113198894
1.0,1.0,1.0,1.0,1.0,4.078906837988001,0.017129907572179533,0.017773423555632693,Feynman33,omega_0,0.016877706353626926
1.0,1.0,1.0,1.0,1.0,4.535597219639776,0.010935384977002216,0.016668990359092268,Feynman33,omega_0,0.010907356507075576
1.0,1.0,1.0,1.0,1.0,4.200831477752387,0.015115322838741268,0.009592837003166784,Feynman33,omega_0,0.014783156656911694
1.0,1.0,1.0,1.0,1.0,4.349099469229277,0.013051822794211488,0.02007951288024592,Feynman33,omega_0,0.012769354161804743
1.0,1.0,1.0,1.0,1.0,4.964291835213606,0.0074927217045441365,0.010800453666711554,Feynman33,omega_0,0.008331491820273124
1.0,1.0,1.0,1.0,1.0,3.2738426118096697,0.044353792239842364,0.050919732668343404,Feynman33,omega_0,0.04514782076672722
1.0,1.0,1.0,1.0,1.0,3.612414017264178,0.028850147107559117,0.02712905390676987,Feynman33,omega_0,0.02968100405436394
1.0,1.0,1.0,1.0,1.0,3.632558837537445,0.028163754409033227,0.02962196918655754,Feynman33,omega_0,0.02894253814784215
1.0,1.0,1.0,1.0,1.0,3.7782631715861155,0.02376849667434999,0.024808615418308023,Feynman33,omega_0,0.024140847641066256
1.0,1.0,1.0,1.0,1.0,4.93492454621511,0.007680427385383061,-0.002573119487162658,Feynman33,omega_0,0.008470737562079349
1.0,1.0,1.0,1.0,1.0,3.393922657576896,0.03785851394330809,0.03215626699532087,Feynman33,omega_0,0.038967036098688596
1.0,1.0,1.0,1.0,1.0,4.397037927908819,0.012461688108526209,0.019290529281156682,Feynman33,omega_0,0.012226658834196514
1.0,1.0,1.0,1.0,1.0,4.07860492980287,0.017135304584692063,0.012960615693089712,Feynman33,omega_0,0.0168834401268027
1.0,1.0,1.0,1.0,1.0,3.1567461180814496,0.05211749813100023,0.05055164561525376,Feynman33,omega_0,0.05198200526831346
1.0,1.0,1.0,1.0,1.0,4.270030697841324,0.014104531334657321,0.0133682956315177,Feynman33,omega_0,0.013776313465506725
1.0,1.0,1.0,1.0,1.0,4.669388175748313,0.00967896474118967,0.0072457094447835185,Feynman33,omega_0,0.009919442097965862
1.0,1.0,1.0,1.0,1.0,3.1846867947424142,0.05011691446192394,0.05436198693947514,Feynman33,omega_0,0.05027597614958105
1.0,1.0,1.0,1.0,1.0,3.761719528267695,0.02422154518416237,0.019421884637475458,Feynman33,omega_0,0.02464012806583386
1.0,1.0,1.0,1.0,1.0,3.211885101414614,0.0482625708305681,0.03689242306864551,Feynman33,omega_0,0.04866113421219116
1.0,1.0,1.0,1.0,1.0,3.2769508572586696,0.044168512560031695,0.04252165022443693,Feynman33,omega_0,0.044977513646471574
1.0,1.0,1.0,1.0,1.0,3.5180326543152916,0.0323643703856415,0.03440830780972437,Feynman33,omega_0,0.03339794439994479
1.0,1.0,1.0,1.0,1.0,4.574994719777057,0.01054505572617634,0.0073397705657199785,Feynman33,omega_0,0.010590972517312168
1.0,1.0,1.0,1.0,1.0,4.442247964029982,0.01193569341200539,0.012946606806076797,Feynman33,omega_0,0.011757682906147966
1.0,1.0,1.0,1.0,1.0,3.722906244134241,0.02532821504896168,0.023801084054462424,Feynman33,omega_0,0.025856576646196366
1.0,1.0,1.0,1.0,1.0,3.7288995235817857,0.025153205862706394,0.02576397123715597,Feynman33,omega_0,0.02566455958678227
1.0,1.0,1.0,1.0,1.0,4.430545210783582,0.012069115613092712,0.004074741159349415,Feynman33,omega_0,0.011875269773876918
1.0,1.0,1.0,1.0,1.0,3.8753845865329755,0.021314687444152724,0.02613505585421336,Feynman33,omega_0,0.02143192851132665
1.0,1.0,1.0,1.0,1.0,4.322623733382174,0.01339290385826324,0.015852934857233533,Feynman33,omega_0,0.013090438565754979
1.0,1.0,1.0,1.0,1.0,3.271075297878082,0.04451958283713439,0.044597249706368414,Feynman33,omega_0,0.045299920236540794
1.0,1.0,1.0,1.0,1.0,3.4442637797191837,0.03549709472920949,0.03324045346863531,Feynman33,omega_0,0.03661129949772818
1.0,1.0,1.0,1.0,1.0,3.610908726126166,0.028902284993580434,0.0248773133346872,Feynman33,omega_0,0.0297369430328106
1.0,1.0,1.0,1.0,1.0,4.214291600534077,0.014911709452571526,0.01531345458463002,Feynman33,omega_0,0.014577562557519453
1.0,1.0,1.0,1.0,1.0,3.363943475183481,0.03936010065120587,0.04708220368201906,Feynman33,omega_0,0.04043478715011165
1.0,1.0,1.0,1.0,1.0,4.8292580573082535,0.008406839890049634,0.00388007931390944,Feynman33,omega_0,0.008993508889814452
1.0,1.0,1.0,1.0,1.0,4.514103640252567,0.011156028841401608,0.016051497885739785,Feynman33,omega_0,0.011090067336635994
1.0,1.0,1.0,1.0,1.0,3.5374975709549203,0.031596903792378325,0.034908982330448264,Feynman33,omega_0,0.03259590811528573
1.0,1.0,1.0,1.0,1.0,4.634288328406343,0.009990143236752227,0.0166385875190865,Feynman33,omega_0,0.010156046173178584
1.0,1.0,1.0,1.0,1.0,4.587671446641289,0.010423211669996399,0.00595238931700822,Feynman33,omega_0,0.010493995699791666
1.0,1.0,1.0,1.0,1.0,4.494261854895926,0.01136472697988904,0.013643692365885706,Feynman33,omega_0,0.011265441213695028
1.0,1.0,1.0,1.0,1.0,4.866357455836978,0.00814230858890445,-0.001626159222911967,Feynman33,omega_0,0.008804687981105478
1.0,1.0,1.0,1.0,1.0,4.4245241516127924,0.012138495121970872,0.01353767199426219,Feynman33,omega_0,0.011936788269468476
1.0,1.0,1.0,1.0,1.0,3.9155000855992874,0.02039515810174544,0.020516260295229294,Feynman33,omega_0,0.020419064843817284
1.0,1.0,1.0,1.0,1.0,3.5313867549559825,0.031835328874761454,0.033903780460087976,Feynman33,omega_0,0.03284567755178146
1.0,1.0,1.0,1.0,1.0,3.3551574262507735,0.03981447642376626,0.046307864469828555,Feynman33,omega_0,0.04087428812198116
1.0,1.0,1.0,1.0,1.0,3.2146531457151815,0.048078786287736236,0.05007590052455486,Feynman33,omega_0,0.04849929693635666
1.0,1.0,1.0,1.0,1.0,3.579051271678847,0.030034308998284284,0.028026583953826886,Feynman33,omega_0,0.030945863626175546
1.0,1.0,1.0,1.0,1.0,3.029245609562418,0.06265733174595564,0.06216202531843045,Feynman33,omega_0,0.06039341636777117
1.0,1.0,1.0,1.0,1.0,4.21936589152346,0.01483585042321836,0.024259375873684576,Feynman33,omega_0,0.014501305279733326
1.0,1.0,1.0,1.0,1.0,4.696488791539578,0.009447030719243266,0.012531478466877948,Feynman33,omega_0,0.009746222107082564
1.0,1.0,1.0,1.0,1.0,3.2865788052237703,0.043600818032746465,0.041304947942099164,Feynman33,omega_0,0.044453532841350805
1.0,1.0,1.0,1.0,1.0,3.7537596931457644,0.024443426389456104,0.01657517639242572,Feynman33,omega_0,0.02488441107815014
1.0,1.0,1.0,1.0,1.0,3.5934163351289214,0.029517019641253826,0.030471717373021803,Feynman33,omega_0,0.030394792383193796
1.0,1.0,1.0,1.0,1.0,4.526352436513028,0.011029606612277646,0.011624486363575595,Feynman33,omega_0,0.010985038528155478
1.0,1.0,1.0,1.0,1.0,4.136549061057924,0.016137697042063134,0.016043407054002444,Feynman33,omega_0,0.01583371899392998
1.0,1.0,1.0,1.0,1.0,4.6229998986117,0.010092896371783245,0.0067658817259051785,Feynman33,omega_0,0.010235295651912021
1.0,1.0,1.0,1.0,1.0,4.168834126889497,0.015613648756080045,0.02651490870753278,Feynman33,omega_0,0.015291623553753792
1.0,1.0,1.0,1.0,1.0,3.6626328836462774,0.027177129403346382,0.030634635799967017,Feynman33,omega_0,0.027874787882648484
1.0,1.0,1.0,1.0,1.0,4.056917067765144,0.017528696966328382,0.02466748003932469,Feynman33,omega_0,0.01730278952018825
1.0,1.0,1.0,1.0,1.0,4.603331089005753,0.010275138920939626,0.00666057445787503,Feynman33,omega_0,0.010377273813201107
1.0,1.0,1.0,1.0,1.0,4.511055795124023,0.011187770049208413,0.011495881179381233,Feynman33,omega_0,0.011116580594305788
1.0,1.0,1.0,1.0,1.0,3.4171788808559236,0.03674354486422817,0.040540681806264155,Feynman33,omega_0,0.03786197139376909
1.0,1.0,1.0,1.0,1.0,4.217903631240341,0.014857660615124526,0.01860163429491127,Feynman33,omega_0,0.014523210729364985
1.0,1.0,1.0,1.0,1.0,3.940749082071967,0.019842074310771524,0.023060263164300654,Feynman33,omega_0,0.019811844409669353
1.0,1.0,1.0,1.0,1.0,4.495813060882524,0.011348234575081826,0.019127124027661112,Feynman33,omega_0,0.011251492434515238
1.0,1.0,1.0,1.0,1.0,4.263062226417551,0.0142023721355583,0.01000905972732961,Feynman33,omega_0,0.01387218712167737
1.0,1.0,1.0,1.0,1.0,3.61343222340044,0.028814947766077435,0.02935865430606464,Feynman33,omega_0,0.029643225974769188
1.0,1.0,1.0,1.0,1.0,4.0098076558883005,0.018423367700651772,0.025644757215279743,Feynman33,omega_0,0.018265624444325033
1.0,1.0,1.0,1.0,1.0,4.844644053748581,0.008295836782712307,0.003952188350687819,Feynman33,omega_0,0.00891433810644507
1.0,1.0,1.0,1.0,1.0,3.2656648186869095,0.04484601245369089,0.047901812387561,Feynman33,omega_0,0.04559858469357787
1.0,1.0,1.0,1.0,1.0,4.725484197963871,0.009206588182800832,0.01401656486257369,Feynman33,omega_0,0.009569188523366315
1.0,1.0,1.0,1.0,1.0,3.4797846896368045,0.033942699430381786,0.02735963979227731,Feynman33,omega_0,0.03502925131887965
1.0,1.0,1.0,1.0,1.0,3.561237821120468,0.0306918709273567,0.030788579500105495,Feynman33,omega_0,0.031642951092864774
1.0,1.0,1.0,1.0,1.0,4.6053263462300515,0.010256463519255207,0.014733081442680894,Feynman33,omega_0,0.010362639860717034
1.0,1.0,1.0,1.0,1.0,3.959531665018866,0.01944291119006285,0.021499368592484712,Feynman33,omega_0,0.019374921338434898
1.0,1.0,1.0,1.0,1.0,4.573611165509286,0.010558462491290648,0.018403331552560798,Feynman33,omega_0,0.010601694708687558
1.0,1.0,1.0,1.0,1.0,4.281012681912111,0.013952061128987897,0.00850822449391522,Feynman33,omega_0,0.013627640302574465
1.0,1.0,1.0,1.0,1.0,3.493830484739002,0.033351961307381814,0.03343256544660897,Feynman33,omega_0,0.034421582525000896
1.0,1.0,1.0,1.0,1.0,4.619083943824518,0.010128852712589585,0.009585695734877322,Feynman33,omega_0,0.010263162879835785
1.0,1.0,1.0,1.0,1.0,3.103987341496021,0.0561811130393606,0.04724549236463344,Feynman33,omega_0,0.05533617427227705
1.0,1.0,1.0,1.0,1.0,4.850978593679652,0.008250673129543406,0.008782851227177015,Feynman33,omega_0,0.008882109860662773
1.0,1.0,1.0,1.0,1.0,3.2401689579023674,0.046425943119810145,0.04805983047059634,Feynman33,omega_0,0.047029091062779145
1.0,1.0,1.0,1.0,1.0,3.4840992084386206,0.03375983468225354,0.03018729016780026,Feynman33,omega_0,0.03484151988612139
1.0,1.0,1.0,1.0,1.0,4.457871964751711,0.011760454483412551,0.014593793357864995,Feynman33,omega_0,0.011604697564882364
1.0,1.0,1.0,1.0,1.0,3.996326619723641,0.01868997245931761,0.024806433946271744,Feynman33,omega_0,0.018554621853630885
1.0,1.0,1.0,1.0,1.0,4.0621401045186785,0.01743292142084666,0.016845047344236915,Feynman33,omega_0,0.01720044561435938
1.0,1.0,1.0,1.0,1.0,3.52900195013346,0.03192899622088509,0.03420837724279033,Feynman33,omega_0,0.032943653206245926
1.0,1.0,1.0,1.0,1.0,4.428930189640825,0.012087675940536646,0.020688445721291183,Feynman33,omega_0,0.011891702248529538
1.0,1.0,1.0,1.0,1.0,3.117277657225508,0.05512043915346097,0.05566116567288897,Feynman33,omega_0,0.05447467855148632
1.0,1.0,1.0,1.0,1.0,4.406082973505282,0.012354146542342844,0.010294197298573953,Feynman33,omega_0,0.012129609762868322
1.0,1.0,1.0,1.0,1.0,4.871364059345979,0.008107417937287299,0.009623126457907319,Feynman33,omega_0,0.008779718887125906
1.0,1.0,1.0,1.0,1.0,3.697461427810394,0.026088654270782326,0.02505030506673944,Feynman33,omega_0,0.026689089987471062
1.0,1.0,1.0,1.0,1.0,4.309204200244846,0.013570086528754419,0.013616099527009881,Feynman33,omega_0,0.013259252685693928
1.0,1.0,1.0,1.0,1.0,4.368937455025207,0.012803420916087369,0.015232564731446742,Feynman33,omega_0,0.012538875698191582
1.0,1.0,1.0,1.0,1.0,3.7594162361204777,0.02428548622868771,0.021381756758931763,Feynman33,omega_0,0.024710542373196236
1.0,1.0,1.0,1.0,1.0,3.93572722978167,0.019950551514938176,0.015619767696240098,Feynman33,omega_0,0.019930786916501433
1.0,1.0,1.0,1.0,1.0,3.98841301511628,0.01884875040838033,0.021573213154496416,Feynman33,omega_0,0.01872712519808219
1.0,1.0,1.0,1.0,1.0,3.981185075882785,0.018995265841235755,0.01404253152336873,Feynman33,omega_0,0.01888654642184158
1.0,1.0,1.0,1.0,1.0,4.79167129290647,0.008685992247789077,0.012514120196186267,Feynman33,omega_0,0.009192890811142376
1.0,1.0,1.0,1.0,1.0,3.2101516630023306,0.048378118593657544,0.046688571073642215,Feynman33,omega_0,0.04876271687836205
1.0,1.0,1.0,1.0,1.0,3.4379776478780064,0.035781533480485565,0.04192422367440923,Feynman33,omega_0,0.03689811748291767
1.0,1.0,1.0,1.0,1.0,3.439788853862148,0.035699282730921,0.04346499166980393,Feynman33,omega_0,0.03681526453726366
1.0,1.0,1.0,1.0,1.0,4.470618256564224,0.01161989207580459,0.012080765937016904,Feynman33,omega_0,0.011483197571290673
1.0,1.0,1.0,1.0,1.0,4.038074565977009,0.017879796417195615,0.0182325253628671,Feynman33,omega_0,0.017679240309819332
1.0,1.0,1.0,1.0,1.0,3.8510992902846306,0.021896948551533284,0.026881514301958866,Feynman33,omega_0,0.022074585792360747
1.0,1.0,1.0,1.0,1.0,4.422722466634778,0.012159353436874708,0.01315483918985075,Feynman33,omega_0,0.011955332758323741
1.0,1.0,1.0,1.0,1.0,4.365470469019191,0.012846399488722975,0.01686821788878628,Feynman33,omega_0,0.012578544576372835
1.0,1.0,1.0,1.0,1.0,4.215443677426594,0.014894443327052862,0.019502624048141036,Feynman33,omega_0,0.01456018931699531
1.0,1.0,1.0,1.0,1.0,4.950448738987693,0.007580473105546922,0.0048213521793085395,Feynman33,omega_0,0.008396947830199876
1.0,1.0,1.0,1.0,1.0,4.044636938014135,0.017756515882528297,0.01590940209026721,Feynman33,omega_0,0.017546837790719604
1.0,1.0,1.0,1.0,1.0,3.489333480390043,0.03353966453261172,0.0409975090892006,Feynman33,omega_0,0.03461504441001089
1.0,1.0,1.0,1.0,1.0,3.913960305205569,0.020429515098778737,0.015197147332089173,Feynman33,omega_0,0.020456843425218977
1.0,1.0,1.0,1.0,1.0,3.8185282306153394,0.02270988921270905,0.027594769472558487,Feynman33,omega_0,0.022972428633366734
1.0,1.0,1.0,1.0,1.0,4.767909302836383,0.008868514554908362,0.012413843183318497,Feynman33,omega_0,0.00932394002993972
1.0,1.0,1.0,1.0,1.0,3.6069235307133445,0.029040896427414597,0.027278771778271114,Feynman33,omega_0,0.02988555136717558
1.0,1.0,1.0,1.0,1.0,4.819602472951898,0.008477457829759318,0.008212971546147932,Feynman33,omega_0,0.00904388059306017
1.0,1.0,1.0,1.0,1.0,4.374433398925246,0.01273566177087088,0.011522851122102567,Feynman33,omega_0,0.012476514714202538
1.0,1.0,1.0,1.0,1.0,4.625895836811887,0.010066409372509858,0.00832742379284948,Feynman33,omega_0,0.010214812571225602
1.0,1.0,1.0,1.0,1.0,4.591180341838334,0.010389799772773378,0.007419237124532857,Feynman33,omega_0,0.010467550030307528
1.0,1.0,1.0,1.0,1.0,4.173898034791142,0.015533414716619183,0.014804355495114075,Feynman33,omega_0,0.015209272535541518
1.0,1.0,1.0,1.0,1.0,4.865830221039879,0.008145993855934631,0.007709656500633161,Feynman33,omega_0,0.008807323917348247
1.0,1.0,1.0,1.0,1.0,4.427657128281316,0.012102331768324683,0.021171271049471575,Feynman33,omega_0,0.011904690716564534
1.0,1.0,1.0,1.0,1.0,4.0275845348531405,0.018079120095309032,0.017654588234966413,Feynman33,omega_0,0.017893789396331263
1.0,1.0,1.0,1.0,1.0,4.669984393565914,0.009673785366113472,0.010598528529259578,Feynman33,omega_0,0.009915545694197928
1.0,1.0,1.0,1.0,1.0,3.186198421944714,0.05001149498623814,0.043992845357673775,Feynman33,omega_0,0.050185045562003254
1.0,1.0,1.0,1.0,1.0,3.968105093009887,0.019264090629982307,0.02604858848482838,Feynman33,omega_0,0.01917960855557449
1.0,1.0,1.0,1.0,1.0,4.413266156668472,0.0122695755313106,0.01660849444348411,Feynman33,omega_0,0.0120537048871554
1.0,1.0,1.0,1.0,1.0,3.575077195181085,0.03017944516062477,0.031027812978288608,Feynman33,omega_0,0.031100056767248887
1.0,1.0,1.0,1.0,1.0,4.219493882699171,0.014833943310836055,0.015172515404175586,Feynman33,omega_0,0.014499390580361126
1.0,1.0,1.0,1.0,1.0,4.165614263912368,0.015664937835008108,0.01038113177006927,Feynman33,omega_0,0.015344359192458242
1.0,1.0,1.0,1.0,1.0,4.711902693307355,0.009318238954688628,0.008496284566684784,Feynman33,omega_0,0.009651093437823688
1.0,1.0,1.0,1.0,1.0,3.92269829037397,0.020235512141006797,0.022527039636243043,Feynman33,omega_0,0.020243603451910102
1.0,1.0,1.0,1.0,1.0,4.725949127966059,0.0092027960387507,0.0006919394824891813,Feynman33,omega_0,0.00956641538219572
1.0,1.0,1.0,1.0,1.0,3.277716418023486,0.04412302950819321,0.04515131775889999,Feynman33,omega_0,0.044935653111694424
1.0,1.0,1.0,1.0,1.0,3.300251048539084,0.0428105210581966,0.044328736371799494,Feynman33,omega_0,0.04371863591518969
1.0,1.0,1.0,1.0,1.0,4.972634803758138,0.007440453413715623,0.0030108745707759935,Feynman33,omega_0,0.008292159775141096
1.0,1.0,1.0,1.0,1.0,3.544728407578562,0.03131770027662717,0.03265127598576977,Feynman33,omega_0,0.03230273542042289
1.0,1.0,1.0,1.0,1.0,4.814514534422136,0.00851497035595405,0.00983546058179834,Feynman33,omega_0,0.009070649585804698
1.0,1.0,1.0,1.0,1.0,3.8098001718206884,0.022934204081998005,0.01955404130517329,Feynman33,omega_0,0.02322014798198435
1.0,1.0,1.0,1.0,1.0,3.8611695762886766,0.02165308945476994,0.0249127183017034,Feynman33,omega_0,0.021805355275393585
1.0,1.0,1.0,1.0,1.0,3.034228754367472,0.06219679276236157,0.05892432075225879,Feynman33,omega_0,0.060044859554762055
1.0,1.0,1.0,1.0,1.0,4.225898679613847,0.01473890410189963,0.015583617324353566,Feynman33,omega_0,0.014404125813645856
1.0,1.0,1.0,1.0,1.0,3.9806839241075114,0.019005477895727894,0.0229656514075125,Feynman33,omega_0,0.018897666270402506
1.0,1.0,1.0,1.0,1.0,3.633458478544153,0.028133586992476714,0.024446238219157233,Feynman33,omega_0,0.028909997324529684
1.0,1.0,1.0,1.0,1.0,4.5385884183272385,0.010905116747811434,0.01024822700875202,Feynman33,omega_0,0.010882509641028446
1.0,1.0,1.0,1.0,1.0,4.671499678582488,0.009660637732118497,0.006118529878940001,Feynman33,omega_0,0.009905660768380573
1.0,1.0,1.0,1.0,1.0,4.841907909359125,0.008315441162686347,0.011555128335493686,Feynman33,omega_0,0.008928323230688805
1.0,1.0,1.0,1.0,1.0,4.546864617521543,0.01082191835457978,0.005056147241497694,Feynman33,omega_0,0.01081448400723072
1.0,1.0,1.0,1.0,1.0,4.337522487978367,0.013199600057161172,0.013765499444173164,Feynman33,omega_0,0.01290782620497304
1.0,1.0,1.0,1.0,1.0,4.001193707788699,0.01859315983068842,0.018898191033183936,Feynman33,omega_0,0.01844958008243664
1.0,1.0,1.0,1.0,1.0,4.315209816104802,0.013490428495621338,0.005432329765545196,Feynman33,omega_0,0.013183190464423506
1.0,1.0,1.0,1.0,1.0,3.933457215390323,0.01999983257696099,0.01597371550168368,Feynman33,omega_0,0.01998484863214659
1.0,1.0,1.0,1.0,1.0,4.354963864187586,0.01297776263674164,0.015379645258682968,Feynman33,omega_0,0.012700334851609516
1.0,1.0,1.0,1.0,1.0,4.612771169276666,0.010187157653537863,0.008239382652189254,Feynman33,omega_0,0.01030850180698006
1.0,1.0,1.0,1.0,1.0,3.1290589890334153,0.05420146755871701,0.05535209185282012,Feynman33,omega_0,0.05372036610497274
1.0,1.0,1.0,1.0,1.0,4.495174169702723,0.011355023597274316,0.012076316160726951,Feynman33,omega_0,0.0112572325251403
1.0,1.0,1.0,1.0,1.0,4.669149013266851,0.009681043341076383,-0.0007358439372270858,Feynman33,omega_0,0.009921006185167622
1.0,1.0,1.0,1.0,1.0,4.080022340203284,0.01710998511975234,0.01988003881831748,Feynman33,omega_0,0.016856545505240145
1.0,1.0,1.0,1.0,1.0,3.981180342654026,0.01899536225854509,0.024507762289620576,Feynman33,omega_0,0.018886651405162387
1.0,1.0,1.0,1.0,1.0,4.843299991654477,0.008305459651584775,-0.007600236871081368,Feynman33,omega_0,0.008921203008233571
1.0,1.0,1.0,1.0,1.0,4.817197286546215,0.008495164847083488,0.005368613595664776,Feynman33,omega_0,0.009056515039414553
1.0,1.0,1.0,1.0,1.0,3.4919807215888596,0.03342900771233907,0.03023731649067754,Feynman33,omega_0,0.03450103525198305
1.0,1.0,1.0,1.0,1.0,3.4734096826708782,0.034215205222826214,0.04248004162641259,Feynman33,omega_0,0.035308383429757666
1.0,1.0,1.0,1.0,1.0,4.527655605309955,0.0110162630127659,0.01054791482922594,Feynman33,omega_0,0.010974006319032198
1.0,1.0,1.0,1.0,1.0,4.380108644260378,0.012666166667256852,0.004757692696415457,Feynman33,omega_0,0.01241278717025411
1.0,1.0,1.0,1.0,1.0,4.533900702612852,0.010952599327882902,0.01367604500591465,Feynman33,omega_0,0.010921511041930043
1.0,1.0,1.0,1.0,1.0,4.310487190742457,0.01355301922676481,0.013446517743209296,Feynman33,omega_0,0.013242933128166516
1.0,1.0,1.0,1.0,1.0,3.6099181300613483,0.02893666094176421,0.03299611761046606,Feynman33,omega_0,0.029773812973078174
1.0,1.0,1.0,1.0,1.0,4.964720659843902,0.007490023880783228,0.006826695992424999,Feynman33,omega_0,0.008329468297846558
1.0,1.0,1.0,1.0,1.0,3.3958977293041426,0.03776216603684639,0.03802918601326228,Feynman33,omega_0,0.03887205568775799
1.0,1.0,1.0,1.0,1.0,4.59173448595253,0.010384535545062338,0.01696031831559127,Feynman33,omega_0,0.010463389124473792
1.0,1.0,1.0,1.0,1.0,3.6580677368398735,0.02732404058720541,0.037084978204254535,Feynman33,omega_0,0.028034223347743272
1.0,1.0,1.0,1.0,1.0,4.34804406241337,0.013065207932369165,0.022484329987330152,Feynman33,omega_0,0.012781855336103065
1.0,1.0,1.0,1.0,1.0,3.7369733051411944,0.02491986077069432,0.023697493026954414,Feynman33,omega_0,0.02540831604239231
1.0,1.0,1.0,1.0,1.0,3.8490543668220267,0.02194689213286056,0.02793278448242884,Feynman33,omega_0,0.022129735397770404
1.0,1.0,1.0,1.0,1.0,4.411884807744373,0.01228578189222273,0.014958206014872247,Feynman33,omega_0,0.012068222051058173
1.0,1.0,1.0,1.0,1.0,3.4534385496791673,0.03508708680928686,0.03290876431360164,Feynman33,omega_0,0.03619639589444532
1.0,1.0,1.0,1.0,1.0,4.92810577074715,0.007724855688107066,0.016935061103828832,Feynman33,omega_0,0.008503308164204783
1.0,1.0,1.0,1.0,1.0,4.902927069739829,0.007891742422383163,0.01672793599452543,Feynman33,omega_0,0.008624635494122228
1.0,1.0,1.0,1.0,1.0,4.264973628709926,0.014175449959131961,0.01537808426962493,Feynman33,omega_0,0.013845770163901462
1.0,1.0,1.0,1.0,1.0,3.2294418466716217,0.04711185408861138,0.04867249540653203,Feynman33,omega_0,0.04764244639388354
1.0,1.0,1.0,1.0,1.0,4.751614467744318,0.00899648106731208,0.003846380361305136,Feynman33,omega_0,0.009416331444562538
1.0,1.0,1.0,1.0,1.0,3.558093685167256,0.03080982443588473,0.025875865824504254,Feynman33,omega_0,0.031767580800344315
1.0,1.0,1.0,1.0,1.0,4.552787597256318,0.01076286761697046,0.016424261870775947,Feynman33,omega_0,0.010766443469108893
1.0,1.0,1.0,1.0,1.0,4.409221187050953,0.012317108608870387,0.008057051489605881,Feynman33,omega_0,0.012096321937709995
1.0,1.0,1.0,1.0,1.0,3.425884838550121,0.03633691308162703,0.042680700077070886,Feynman33,omega_0,0.03745573176611491
1.0,1.0,1.0,1.0,1.0,4.442196140525273,0.01193628013110139,0.015258894066809048,Feynman33,omega_0,0.011758197906214508
1.0,1.0,1.0,1.0,1.0,3.8631432731234563,0.02160569885583329,0.015610674051160775,Feynman33,omega_0,0.02175304524677358
1.0,1.0,1.0,1.0,1.0,3.0932806795859884,0.05705459514964002,0.05960996391020036,Feynman33,omega_0,0.05603839514651391
1.0,1.0,1.0,1.0,1.0,3.2979076936416627,0.04294467131184218,0.04121540335655967,Feynman33,omega_0,0.04384383121312994
1.0,1.0,1.0,1.0,1.0,4.568394130858007,0.010609209913414895,0.00832145618619846,Feynman33,omega_0,0.010642373432447614
1.0,1.0,1.0,1.0,1.0,4.896683807352774,0.00793382459134399,0.005114958483048637,Feynman33,omega_0,0.008655019471143765
1.0,1.0,1.0,1.0,1.0,4.845653886955185,0.008288616085291392,0.012553573600968232,Feynman33,omega_0,0.008909186528967609
1.0,1.0,1.0,1.0,1.0,3.9006987007686367,0.020728475538698006,0.008153052660819546,Feynman33,omega_0,0.020785820911776387
1.0,1.0,1.0,1.0,1.0,3.274015224993259,0.04434347700138681,0.04631896825337377,Feynman33,omega_0,0.04513834821477525
1.0,1.0,1.0,1.0,1.0,3.662401580037386,0.027184548859241025,0.030184145300045838,Feynman33,omega_0,0.027882843438632125
1.0,1.0,1.0,1.0,1.0,4.831996469573992,0.008386947103048537,0.010412689708047172,Feynman33,omega_0,0.008979321933481145
1.0,1.0,1.0,1.0,1.0,4.350990502714124,0.013027883162357753,0.013027195954460212,Feynman33,omega_0,0.012747016141400596
1.0,1.0,1.0,1.0,1.0,4.797841988501686,0.008639370032360505,0.013182825689428393,Feynman33,omega_0,0.009159525284878229
1.0,1.0,1.0,1.0,1.0,3.7380957703618956,0.024887637413962747,0.022404921934306134,Feynman33,omega_0,0.025372911528337684
1.0,1.0,1.0,1.0,1.0,3.6836845324605476,0.026512483530347544,0.02001931322288899,Feynman33,omega_0,0.027151666793975463
1.0,1.0,1.0,1.0,1.0,3.4172651428772425,0.0367394874988174,0.03137677651993012,Feynman33,omega_0,0.03785792642759793
1.0,1.0,1.0,1.0,1.0,4.212516730852363,0.014938358891057784,0.011148922677880585,Feynman33,omega_0,0.014604396235817227
1.0,1.0,1.0,1.0,1.0,4.132026716493934,0.01621286909648188,0.008056905655900925,Feynman33,omega_0,0.01591204804200035
1.0,1.0,1.0,1.0,1.0,3.821505795635545,0.022634000943385912,0.022650280619986408,Feynman33,omega_0,0.022888614220820502
1.0,1.0,1.0,1.0,1.0,4.441146624306654,0.011948170055053352,0.007926451273906825,Feynman33,omega_0,0.011768638420224452
1.0,1.0,1.0,1.0,1.0,3.11207909678353,0.05553225802638421,0.05990757065483399,Feynman33,omega_0,0.05481031779926476
1.0,1.0,1.0,1.0,1.0,4.749651444605975,0.00901205380462783,0.01661519299101456,Feynman33,omega_0,0.009427608804088342
1.0,1.0,1.0,1.0,1.0,4.94157426141865,0.007637410316628082,0.00799457725938542,Feynman33,omega_0,0.008439072742401292
1.0,1.0,1.0,1.0,1.0,3.5711636960511344,0.030323240243133612,0.027853942328908015,Feynman33,omega_0,0.031252640329865716
1.0,1.0,1.0,1.0,1.0,4.611387118520083,0.01019999733621752,0.0035367042858362877,Feynman33,omega_0,0.010318511369230619
1.0,1.0,1.0,1.0,1.0,4.0274554181420115,0.018081590944805385,0.014152999791335372,Feynman33,omega_0,0.01789645255350185
1.0,1.0,1.0,1.0,1.0,4.116321738284889,0.016477386799626893,0.009162404339818495,Feynman33,omega_0,0.016188729308536032
1.0,1.0,1.0,1.0,1.0,3.416747951000109,0.03676382233983327,0.03646243499055084,Feynman33,omega_0,0.03788218433605645
1.0,1.0,1.0,1.0,1.0,4.055266809684028,0.017559096311705963,0.01977034401015162,Feynman33,omega_0,0.01733530579427951
1.0,1.0,1.0,1.0,1.0,4.8735177915239305,0.008092466717544322,0.004927718234377567,Feynman33,omega_0,0.008769011383423524
1.0,1.0,1.0,1.0,1.0,3.2902186893272845,0.043388620222829584,0.045778034333653905,Feynman33,omega_0,0.04425683511355927
1.0,1.0,1.0,1.0,1.0,4.380496218556878,0.012661438194066338,0.015263861060604293,Feynman33,omega_0,0.012408459686952714
1.0,1.0,1.0,1.0,1.0,3.6466557239301816,0.027695723356055614,0.03399221784283885,Feynman33,omega_0,0.02843691020302147
1.0,1.0,1.0,1.0,1.0,3.918459663098335,0.02032932649790172,0.01129748458295795,Feynman33,omega_0,0.020346694602597016
1.0,1.0,1.0,1.0,1.0,4.4609179870521505,0.011726669484413097,0.020124543916894715,Feynman33,omega_0,0.011575395148144011
1.0,1.0,1.0,1.0,1.0,4.890072284143871,0.007978697825674818,0.00470995120161142,Feynman33,omega_0,0.008687343724592428
1.0,1.0,1.0,1.0,1.0,3.6182061105050893,0.028650639619645254,0.0284094010854056,Feynman33,omega_0,0.02946674758420063
1.0,1.0,1.0,1.0,1.0,3.7878432528517942,0.023511051788695017,0.02637129853749261,Feynman33,omega_0,0.023856884307440526
1.0,1.0,1.0,1.0,1.0,3.738049803516077,0.024888955977030662,0.02657607842757692,Feynman33,omega_0,0.025374360350926148
1.0,1.0,1.0,1.0,1.0,4.343358102691832,0.013124847200612643,0.007915716172758025,Feynman33,omega_0,0.012837655969553628
1.0,1.0,1.0,1.0,1.0,4.678932425330208,0.00959647167594026,0.006489853222966042,Feynman33,omega_0,0.009857539191684967
1.0,1.0,1.0,1.0,1.0,3.7300317547988513,0.025120316059243666,0.025390101853504786,Feynman33,omega_0,0.025628457277161756
1.0,1.0,1.0,1.0,1.0,3.9653283550413585,0.019321777714401585,0.020888043296828817,Feynman33,omega_0,0.019242585145026837
1.0,1.0,1.0,1.0,1.0,4.782556394663922,0.008755441125152402,0.00518257662126443,Feynman33,omega_0,0.009242667089531574
1.0,1.0,1.0,1.0,1.0,4.651779060257171,0.009833525973573854,0.017908714964810994,Feynman33,omega_0,0.010036336954961771
1.0,1.0,1.0,1.0,1.0,4.387269356423718,0.01257916351169071,0.008432620986637723,Feynman33,omega_0,0.012333338143701971
1.0,1.0,1.0,1.0,1.0,4.5124107018268536,0.011173645573654651,0.013021816322032274,Feynman33,omega_0,0.011104775404546931
1.0,1.0,1.0,1.0,1.0,4.315335385228592,0.01348876927040546,0.012378401925597726,Feynman33,omega_0,0.013181609013620485
1.0,1.0,1.0,1.0,1.0,3.114878640284923,0.05530999829701397,0.052790830731775845,Feynman33,omega_0,0.05462935514392667
1.0,1.0,1.0,1.0,1.0,4.247748812521771,0.014420411910934102,0.02367006305859226,Feynman33,omega_0,0.01408712331549077
1.0,1.0,1.0,1.0,1.0,4.494576874131589,0.011361375251732466,0.0064946381204834015,Feynman33,omega_0,0.011262605179689071
1.0,1.0,1.0,1.0,1.0,3.589946383594458,0.029640930792142545,0.026893705364464105,Feynman33,omega_0,0.030527006921950865
1.0,1.0,1.0,1.0,1.0,3.393682498437652,0.03787025068883845,0.046450793143411176,Feynman33,omega_0,0.03897859964181462
1.0,1.0,1.0,1.0,1.0,3.3548711668615905,0.03982939245630568,0.045415700283720335,Feynman33,omega_0,0.04088867938281327
1.0,1.0,1.0,1.0,1.0,3.1214277009517004,0.05479447458699069,0.05559808891760169,Feynman33,omega_0,0.054207966103718155
1.0,1.0,1.0,1.0,1.0,4.2121274283446635,0.014944212266727324,0.025089535190331053,Feynman33,omega_0,0.014610293142040518
1.0,1.0,1.0,1.0,1.0,4.20903348553637,0.014990834621062004,0.018880934212180314,Feynman33,omega_0,0.014657301388234555
1.0,1.0,1.0,1.0,1.0,4.732429470412798,0.009150144435776743,0.009471752714944054,Feynman33,omega_0,0.009527968681867503
1.0,1.0,1.0,1.0,1.0,3.147167466983439,0.05282671762715824,0.04855931089181884,Feynman33,omega_0,0.052577988075593884
1.0,1.0,1.0,1.0,1.0,4.555152346241295,0.010739405233261326,0.015215958392684772,Feynman33,omega_0,0.010747411301436085
1.0,1.0,1.0,1.0,1.0,4.402027605374676,0.012402217525827068,0.020127907495781423,Feynman33,omega_0,0.012172918047391722
1.0,1.0,1.0,1.0,1.0,4.531525714499205,0.01097675553969053,0.008658049390614113,Feynman33,omega_0,0.010941402206441462
1.0,1.0,1.0,1.0,1.0,3.8331825191673485,0.022339482593636068,0.028682191547553415,Feynman33,omega_0,0.022563318396469554
1.0,1.0,1.0,1.0,1.0,3.7932513403778674,0.023367280554081177,0.027352351761527074,Feynman33,omega_0,0.023698239867060475
1.0,1.0,1.0,1.0,1.0,3.5095112591553397,0.03270780207742049,0.03858340465333064,Feynman33,omega_0,0.033754999601739666
1.0,1.0,1.0,1.0,1.0,4.77084729702511,0.008845686689276445,0.006324727900183014,Feynman33,omega_0,0.009307506777649873
1.0,1.0,1.0,1.0,1.0,4.7118017731399595,0.009319074972052773,0.012199743670355302,Feynman33,omega_0,0.009651708644909043
1.0,1.0,1.0,1.0,1.0,3.584603581351832,0.029833015043668577,0.022878264701818606,Feynman33,omega_0,0.030731700855049577
1.0,1.0,1.0,1.0,1.0,4.462618220218177,0.011707864608070972,0.020048746796520342,Feynman33,omega_0,0.011559112413384632
1.0,1.0,1.0,1.0,1.0,4.49158132556396,0.011393297721624382,0.010771751236183659,Feynman33,omega_0,0.011289641806198696
1.0,1.0,1.0,1.0,1.0,4.001104796943394,0.01859492268272853,0.016762346250643448,Feynman33,omega_0,0.01845149180276222
1.0,1.0,1.0,1.0,1.0,4.759771298672073,0.008932134911629367,0.005138663442976771,Feynman33,omega_0,0.009369813775493056
1.0,1.0,1.0,1.0,1.0,3.234410062335442,0.04679258374979266,0.04368242334075625,Feynman33,omega_0,0.047357522797299725
1.0,1.0,1.0,1.0,1.0,4.616553524534052,0.0101521730365904,0.019498868947591577,Feynman33,omega_0,0.010281274704809287
1.0,1.0,1.0,1.0,1.0,3.153766680524191,0.052336792696006586,0.056633011701130775,Feynman33,omega_0,0.052166773805913384
1.0,1.0,1.0,1.0,1.0,3.3849773667037386,0.038298818219723176,0.03135463299267749,Feynman33,omega_0,0.039399857855462884
1.0,1.0,1.0,1.0,1.0,4.0750784777110844,0.017198504222171552,0.014080832527763933,Feynman33,omega_0,0.016950623477500707
1.0,1.0,1.0,1.0,1.0,3.064767793506355,0.059466816936541156,0.06094183411371826,Feynman33,omega_0,0.05794450189989905
1.0,1.0,1.0,1.0,1.0,4.930771775244745,0.007707446649561402,0.0056154544499908005,Feynman33,omega_0,0.00849056089522354
1.0,1.0,1.0,1.0,1.0,4.084972285478684,0.017021933723235728,0.015339293516966892,Feynman33,omega_0,0.016763110624798377
1.0,1.0,1.0,1.0,1.0,3.5092849666402026,0.03271698512836509,0.03666306834557289,Feynman33,omega_0,0.03376453109212883
1.0,1.0,1.0,1.0,1.0,4.274425084028427,0.014043269676510853,0.014433347809634735,Feynman33,omega_0,0.013716469228461089
1.0,1.0,1.0,1.0,1.0,3.3857116137466408,0.038262432645153124,0.04095523793133039,Feynman33,omega_0,0.03936416732820273
1.0,1.0,1.0,1.0,1.0,3.436965479537455,0.0358276031503786,0.032451528836073204,Feynman33,omega_0,0.03694449391831222
1.0,1.0,1.0,1.0,1.0,3.5824759670581963,0.029909946773114485,0.029187930405824097,Feynman33,omega_0,0.03081359282593107
1.0,1.0,1.0,1.0,1.0,4.425806353004414,0.012123678442455155,0.01428360139844798,Feynman33,omega_0,0.011923629089252308
1.0,1.0,1.0,1.0,1.0,3.0461886446796873,0.061108977218694474,0.06398069004604104,Feynman33,omega_0,0.05921500037000329
1.0,1.0,1.0,1.0,1.0,3.7077925132046916,0.025776456545157554,0.029526603531282544,Feynman33,omega_0,0.026347679434656195
1.0,1.0,1.0,1.0,1.0,4.703733797449276,0.009386216858938161,0.014348399260895511,Feynman33,omega_0,0.009701213704287977
1.0,1.0,1.0,1.0,1.0,4.19324860397629,0.015231578787361873,0.01839419766806231,Feynman33,omega_0,0.014901122350270052
1.0,1.0,1.0,1.0,1.0,3.4333555675457226,0.03599252651622623,0.04596682403939605,Feynman33,omega_0,0.03711033559436577
1.0,1.0,1.0,1.0,1.0,3.6155801137094024,0.028740873868036323,0.030109096325313393,Feynman33,omega_0,0.029563692463182866
1.0,1.0,1.0,1.0,1.0,4.844659236807107,0.00829572815927521,0.006608031084153114,Feynman33,omega_0,0.00891426061194578
1.0,1.0,1.0,1.0,1.0,4.008169635786985,0.018455503638006555,0.025699354289582643,Feynman33,omega_0,0.01830041404516636
1.0,1.0,1.0,1.0,1.0,4.101114917634047,0.01673873655566923,0.018145327185834167,Feynman33,omega_0,0.01646362930652391
1.0,1.0,1.0,1.0,1.0,3.616704470334575,0.02870219474556672,0.01994184431982332,Feynman33,omega_0,0.02952214484764267
1.0,1.0,1.0,1.0,1.0,3.499188586544614,0.0331300550130709,0.03178605325547295,Feynman33,omega_0,0.03419241537317212
1.0,1.0,1.0,1.0,1.0,4.044886780379247,0.0177518436371768,0.014509157610066888,Feynman33,omega_0,0.01754182441400107
1.0,1.0,1.0,1.0,1.0,3.0114786551266697,0.0643352186256324,0.06792018478860859,Feynman33,omega_0,0.061649609867753856
1.0,1.0,1.0,1.0,1.0,3.763419274421678,0.024174495817995564,0.02690245123395911,Feynman33,omega_0,0.024588306788423997
1.0,1.0,1.0,1.0,1.0,4.18527969104055,0.015354974169077678,0.01600999880153408,Feynman33,omega_0,0.015026777824167298
1.0,1.0,1.0,1.0,1.0,4.566005719095124,0.010632545310201844,0.01289707748172235,Feynman33,omega_0,0.010661128327541198
1.0,1.0,1.0,1.0,1.0,4.993201755165686,0.0073135512079042925,0.0002683781768225502,Feynman33,omega_0,0.008195432291764643
1.0,1.0,1.0,1.0,1.0,4.959705585759428,0.007521651463431451,0.010414809747486816,Feynman33,omega_0,0.008353147620874695
1.0,1.0,1.0,1.0,1.0,4.544429800059467,0.010846311490419685,0.0128789410705872,Feynman33,omega_0,0.01083438741396972
1.0,1.0,1.0,1.0,1.0,4.605479061153945,0.010255035888495289,-0.003921463551765992,Feynman33,omega_0,0.01036152197704319
1.0,1.0,1.0,1.0,1.0,3.1195622469295854,0.05494069128929425,0.05399770042511512,Feynman33,omega_0,0.05432771896286599
1.0,1.0,1.0,1.0,1.0,3.4974601302050945,0.03320143368831032,0.04527930099364821,Feynman33,omega_0,0.03426618298384329
1.0,1.0,1.0,1.0,1.0,4.680329307753807,0.00958447262180054,0.013151796380082808,Feynman33,omega_0,0.009848562519366843
1.0,1.0,1.0,1.0,1.0,4.439698477071877,0.01196460061757318,0.012339635221708884,Feynman33,omega_0,0.011783078541027635
1.0,1.0,1.0,1.0,1.0,4.488618920814736,0.011424978426665311,0.010838987807514827,Feynman33,omega_0,0.011316530424784579
1.0,1.0,1.0,1.0,1.0,3.0137176547217766,0.06412063528247085,0.06281359685661503,Feynman33,omega_0,0.06149014328118632
1.0,1.0,1.0,1.0,1.0,3.799187833035954,0.023210742308331856,0.01518136648442968,Feynman33,omega_0,0.023525463460151403
1.0,1.0,1.0,1.0,1.0,3.396589731551787,0.03772848257429953,0.033856443280249865,Feynman33,omega_0,0.03883882745309954
1.0,1.0,1.0,1.0,1.0,3.3526724256381177,0.039944198955666414,0.03663830917250798,Feynman33,omega_0,0.040999369249200446
1.0,1.0,1.0,1.0,1.0,4.09363359215617,0.016869237690309367,0.010628256922314578,Feynman33,omega_0,0.01660143472915767
1.0,1.0,1.0,1.0,1.0,4.82792731137671,0.00841652837234262,0.00525351120732164,Feynman33,omega_0,0.009000418645753506
1.0,1.0,1.0,1.0,1.0,4.468570689327761,0.011642328492003624,0.017942636635422834,Feynman33,omega_0,0.011502518216914597
1.0,1.0,1.0,1.0,1.0,4.311501922508979,0.013539539707711249,0.018891488209179436,Feynman33,omega_0,0.013230052885275288
1.0,1.0,1.0,1.0,1.0,3.758547810295228,0.024309649893866546,0.020531047846137084,Feynman33,omega_0,0.02473714868642279
1.0,1.0,1.0,1.0,1.0,3.2886228608887844,0.0434814915355868,0.045177951395051964,Feynman33,omega_0,0.0443429789452061
1.0,1.0,1.0,1.0,1.0,3.813658350180613,0.02283470259652847,0.022213116908753865,Feynman33,omega_0,0.02311027003052063
1.0,1.0,1.0,1.0,1.0,3.2876818433639086,0.043536373906830586,0.038651251406069564,Feynman33,omega_0,0.04439384446910143
1.0,1.0,1.0,1.0,1.0,4.13933202230036,0.01609165665795204,0.021220456807086938,Feynman33,omega_0,0.01578581270969614
1.0,1.0,1.0,1.0,1.0,3.330747448429767,0.041112364775498504,0.039257197936811955,Feynman33,omega_0,0.042117858254047486
1.0,1.0,1.0,1.0,1.0,3.066808415095406,0.05928990302145405,0.06051763321452774,Feynman33,omega_0,0.057806333406544584
1.0,1.0,1.0,1.0,1.0,3.834612215432765,0.022303756270050906,0.020453225423382064,Feynman33,omega_0,0.02252385855250153
1.0,1.0,1.0,1.0,1.0,3.495682248661767,0.033275057396495895,0.027082026867456158,Feynman33,omega_0,0.03434221773985302
1.0,1.0,1.0,1.0,1.0,4.923906203548198,0.007752379550653841,0.004066294989735457,Feynman33,omega_0,0.008523423191132893
1.0,1.0,1.0,1.0,1.0,4.592207146844281,0.010380048046636505,0.017519660544076412,Feynman33,omega_0,0.010459843389783856
1.0,1.0,1.0,1.0,1.0,4.757693041978957,0.008948474246832453,0.006539276860855961,Feynman33,omega_0,0.009381614045893941
1.0,1.0,1.0,1.0,1.0,3.8483306247081437,0.021964602804882702,0.01839827518649258,Feynman33,omega_0,0.022149292850530355
1.0,1.0,1.0,1.0,1.0,4.8742275814783,0.008087546967661946,0.00599395455578344,Feynman33,omega_0,0.008765486935086516
1.0,1.0,1.0,1.0,1.0,3.2696474012520103,0.04460543720818198,0.05107194938919823,Feynman33,omega_0,0.04537857590119295
1.0,1.0,1.0,1.0,1.0,3.8312825235423835,0.022387073395912355,0.01905570674481012,Feynman33,omega_0,0.022615882922772022
1.0,1.0,1.0,1.0,1.0,4.738113865050705,0.00910427218629348,0.0061248972208685455,Feynman33,omega_0,0.00949455613294361
1.0,1.0,1.0,1.0,1.0,4.929128553076935,0.00771817105494929,0.019452996857678533,Feynman33,omega_0,0.008498415819033928
1.0,1.0,1.0,1.0,1.0,4.36646338778695,0.012834072151251544,0.012445174381238735,Feynman33,omega_0,0.012567157515361053
1.0,1.0,1.0,1.0,1.0,3.6141107427970036,0.02879152163924221,0.018305544101480838,Feynman33,omega_0,0.02961807803948229
1.0,1.0,1.0,1.0,1.0,3.878946229704616,0.02123095053268175,0.023113961248218094,Feynman33,omega_0,0.02133956758894662
1.0,1.0,1.0,1.0,1.0,3.5112594381388496,0.03263697043080416,0.027999652095732228,Feynman33,omega_0,0.03368145254157648
1.0,1.0,1.0,1.0,1.0,4.991147926683996,0.007326100538827063,0.008374256433187158,Feynman33,omega_0,0.008205082375783415
1.0,1.0,1.0,1.0,1.0,3.5021405567559354,0.03300860004431239,0.02470385314766759,Feynman33,omega_0,0.03406677940146962
1.0,1.0,1.0,1.0,1.0,4.013744222996167,0.018346426204524556,0.017624506186850696,Feynman33,omega_0,0.01818238213621013
1.0,1.0,1.0,1.0,1.0,4.100230466839538,0.01675409783093637,0.02407882588890129,Feynman33,omega_0,0.016479832212118697
1.0,1.0,1.0,1.0,1.0,4.174221295637148,0.015528310597445492,0.021560854698991334,Feynman33,omega_0,0.015204039832734871
1.0,1.0,1.0,1.0,1.0,3.7974661800309795,0.023256003063306527,0.0296035625456521,Feynman33,omega_0,0.023575423585463925
1.0,1.0,1.0,1.0,1.0,3.6442945835702583,0.027773423771446558,0.02309549951600883,Feynman33,omega_0,0.02852096554817286
1.0,1.0,1.0,1.0,1.0,4.181299689879371,0.015417076139120165,0.018566929819065305,Feynman33,omega_0,0.015090186820758819
1.0,1.0,1.0,1.0,1.0,4.889467245850133,0.007982820255199441,0.005331543723073069,Feynman33,omega_0,0.008690309740919375
1.0,1.0,1.0,1.0,1.0,3.063739314444101,0.05955623748512936,0.05663405159202704,Feynman33,omega_0,0.05801424207887335
1.0,1.0,1.0,1.0,1.0,3.6669212680978944,0.02704003635015847,0.02998466971535239,Feynman33,omega_0,0.027725873472468743
1.0,1.0,1.0,1.0,1.0,3.745510977800329,0.02467608601455025,0.029662638970549063,Feynman33,omega_0,0.025140366247244552
1.0,1.0,1.0,1.0,1.0,3.301222747205744,0.042755050609571466,0.037867145584095444,Feynman33,omega_0,0.0436668145094004
1.0,1.0,1.0,1.0,1.0,4.250395258052991,0.014382429696698847,0.005730037496572674,Feynman33,omega_0,0.014049556957324004
1.0,1.0,1.0,1.0,1.0,4.638038265339251,0.009956301639570338,0.011762815306596112,Feynman33,omega_0,0.010130069796738096
1.0,1.0,1.0,1.0,1.0,3.4888582692889947,0.03355957798573722,0.03562245000770537,Feynman33,omega_0,0.03463554813800154
1.0,1.0,1.0,1.0,1.0,4.5302956367680745,0.010989293202216506,0.012561287089831397,Feynman33,omega_0,0.010951739399838316
1.0,1.0,1.0,1.0,1.0,4.6662503815475285,0.009706280646458856,0.01866256972964316,Feynman33,omega_0,0.009940013625907665
1.0,1.0,1.0,1.0,1.0,3.276168424639939,0.044215059696516075,0.046433027511776456,Feynman33,omega_0,0.04502033187710709
1.0,1.0,1.0,1.0,1.0,3.9593531911690265,0.01944665599309421,0.019250896470537706,Feynman33,omega_0,0.019379014481914102
1.0,1.0,1.0,1.0,1.0,3.390738064668664,0.038014524080736294,0.03505127798807397,Feynman33,omega_0,0.03912062649319031
1.0,1.0,1.0,1.0,1.0,4.700730396081517,0.009411367015334132,0.005314357214148753,Feynman33,omega_0,0.009719807538582394
1.0,1.0,1.0,1.0,1.0,4.788488764958117,0.008710161600778223,0.010221483352480904,Feynman33,omega_0,0.00921020298347557
1.0,1.0,1.0,1.0,1.0,4.882127962515331,0.008033040935882441,0.009629254732419478,Feynman33,omega_0,0.008726399096525303
1.0,1.0,1.0,1.0,1.0,4.825856813947959,0.008431630614721826,-0.0009882134979477212,Feynman33,omega_0,0.00901118992111385
1.0,1.0,1.0,1.0,1.0,4.561566809435278,0.010676086924270613,0.011474018151534876,Feynman33,omega_0,0.010696206537918286
1.0,1.0,1.0,1.0,1.0,3.5548271267656393,0.030932980997863832,0.027199424729727112,Feynman33,omega_0,0.03189757176072098
1.0,1.0,1.0,1.0,1.0,3.6160794887628223,0.028723686648423865,0.022468480295921134,Feynman33,omega_0,0.029545232108695408
1.0,1.0,1.0,1.0,1.0,4.434570015865066,0.01202301764042123,0.009578294970386788,Feynman33,omega_0,0.011834535697312448
1.0,1.0,1.0,1.0,1.0,4.891094946343014,0.007971736013800582,0.006088338806995712,Feynman33,omega_0,0.008682333512048803
1.0,1.0,1.0,1.0,1.0,4.904663759601906,0.007880086457189432,0.006499098420822261,Feynman33,omega_0,0.008616206584751178
1.0,1.0,1.0,1.0,1.0,4.435497284446588,0.012012428727116128,0.013793622205274332,Feynman33,omega_0,0.011825194846979284
1.0,1.0,1.0,1.0,1.0,3.822905111122517,0.02259844801756339,0.025132145764625233,Feynman33,omega_0,0.022849347012058034
1.0,1.0,1.0,1.0,1.0,4.285234310148591,0.013894003961053501,0.007422999925859108,Feynman33,omega_0,0.013571267943663702
1.0,1.0,1.0,1.0,1.0,4.176770147624029,0.01548813974589676,0.0065584188926049326,Feynman33,omega_0,0.015162882664601817
1.0,1.0,1.0,1.0,1.0,3.4019772507354196,0.03746754537882041,0.039591308276830994,Feynman33,omega_0,0.03858101579084084
1.0,1.0,1.0,1.0,1.0,4.8680560408232525,0.00813045009865136,0.0035714953753162937,Feynman33,omega_0,0.00879620430730408
1.0,1.0,1.0,1.0,1.0,4.942321709493215,0.007632594071235814,0.007187092202483672,Feynman33,omega_0,0.008435519145000046
1.0,1.0,1.0,1.0,1.0,3.7351918586370148,0.02497111062074727,0.03191410674826542,Feynman33,omega_0,0.02546461604405855
1.0,1.0,1.0,1.0,1.0,4.740950800788978,0.009081487009116897,0.009589613750452338,Feynman33,omega_0,0.009477987802493407
1.0,1.0,1.0,1.0,1.0,3.2844456123844026,0.04372579306280027,0.04761879539688551,Feynman33,omega_0,0.04456916493167509
1.0,1.0,1.0,1.0,1.0,3.22167339765257,0.047616658553106435,0.05252173755786488,Feynman33,omega_0,0.04809091352578017
1.0,1.0,1.0,1.0,1.0,3.5074745713243294,0.03279056981599663,0.03356163096810201,Feynman33,omega_0,0.033840877950059585
1.0,1.0,1.0,1.0,1.0,3.756010170736347,0.024380433760143948,0.029639408279477964,Feynman33,omega_0,0.02481507618448089
1.0,1.0,1.0,1.0,1.0,4.10368266064778,0.01669424042796105,0.023163765128573235,Feynman33,omega_0,0.016416723050129194
1.0,1.0,1.0,1.0,1.0,3.771975549783854,0.023939407596369276,0.02658166433150015,Feynman33,omega_0,0.024329270293238423
1.0,1.0,1.0,1.0,1.0,3.0622277776709064,0.05968796899660282,0.056975112036336414,Feynman33,omega_0,0.05811686315598244
1.0,1.0,1.0,1.0,1.0,3.520415866246208,0.03226914201632376,0.028375708680287524,Feynman33,omega_0,0.033298734938597724
1.0,1.0,1.0,1.0,1.0,4.456331682254902,0.011777585333919338,0.01279645398392011,Feynman33,omega_0,0.011619579364588961
1.0,1.0,1.0,1.0,1.0,3.3785306982270447,0.0386201796375776,0.03853145177663522,Feynman33,omega_0,0.039714480400884405
1.0,1.0,1.0,1.0,1.0,3.151595507690101,0.05249733834682047,0.05547042025122478,Feynman33,omega_0,0.0523017658411713
1.0,1.0,1.0,1.0,1.0,3.6753198045139817,0.02677407983401596,0.0293595322109283,Feynman33,omega_0,0.027436623690974587
1.0,1.0,1.0,1.0,1.0,4.971732162741618,0.007446086202951671,0.005147981565243192,Feynman33,omega_0,0.00829641173702382
1.0,1.0,1.0,1.0,1.0,4.035267691555641,0.017932856899900523,0.01673826037789688,Feynman33,omega_0,0.017736297366434502
1.0,1.0,1.0,1.0,1.0,3.6714001629270516,0.02689778822706559,0.033538674391409166,Feynman33,omega_0,0.027571225199778802
1.0,1.0,1.0,1.0,1.0,4.758311962771749,0.008943604329293045,0.0023610736795136294,Feynman33,omega_0,0.009378096162382586
1.0,1.0,1.0,1.0,1.0,4.2397354177049955,0.014536197213382222,0.02015929634423122,Feynman33,omega_0,0.014201958507017212
1.0,1.0,1.0,1.0,1.0,4.204490786342027,0.015059621850439103,0.016746871059138906,Feynman33,omega_0,0.014726783949517782
1.0,1.0,1.0,1.0,1.0,4.595497452162183,0.010348877208147766,0.01027336379034489,Feynman33,omega_0,0.01043524552704886
1.0,1.0,1.0,1.0,1.0,3.792896757890124,0.023376672756532955,0.015417093018506016,Feynman33,omega_0,0.023708604948009342
1.0,1.0,1.0,1.0,1.0,3.3417245133792908,0.04052214980354904,0.043947371480192406,Feynman33,omega_0,0.04155451363540509
1.0,1.0,1.0,1.0,1.0,3.344189649747233,0.040391089516969486,0.04754380943030178,Feynman33,omega_0,0.04142892955779837
1.0,1.0,1.0,1.0,1.0,4.069283854444083,0.017302994876524477,0.019177394116824873,Feynman33,omega_0,0.017061860441477502
1.0,1.0,1.0,1.0,1.0,3.1568803742655023,0.05210764412947885,0.05404659873832748,Feynman33,omega_0,0.051973692413503095
1.0,1.0,1.0,1.0,1.0,3.7114057325030934,0.025668386938165668,0.023176867933378607,Feynman33,omega_0,0.026229372132262573
1.0,1.0,1.0,1.0,1.0,4.028688806449429,0.018058005580389416,0.0153407439221294,Feynman33,omega_0,0.01787103502500135
1.0,1.0,1.0,1.0,1.0,4.602088838448585,0.01028678793394508,0.019056966836341616,Feynman33,omega_0,0.010386411789515248
1.0,1.0,1.0,1.0,1.0,3.8363712728291812,0.022259898888385664,0.025460775270858944,Feynman33,omega_0,0.022475418377542515
1.0,1.0,1.0,1.0,1.0,3.2963170692815567,0.043036034927533134,0.04679679685407892,Feynman33,omega_0,0.04392899074216056
1.0,1.0,1.0,1.0,1.0,3.2598334768594075,0.04520125457780925,0.03955644164172736,Feynman33,omega_0,0.045922396306424126
1.0,1.0,1.0,1.0,1.0,3.909918763803805,0.020520042981066505,0.014574111926232643,Feynman33,omega_0,0.020556415754102476
1.0,1.0,1.0,1.0,1.0,3.2083802667451087,0.048496560977317776,0.06145339308811387,Feynman33,omega_0,0.0488667111042521
1.0,1.0,1.0,1.0,1.0,3.3933399020250143,0.03788700162562882,0.03801038934641922,Feynman33,omega_0,0.0389951008903012
1.0,1.0,1.0,1.0,1.0,4.93587719217669,0.007674246004742364,0.010475376205320044,Feynman33,omega_0,0.008466195506165706
1.0,1.0,1.0,1.0,1.0,3.745494996990029,0.024676539480862885,0.02895319111114319,Feynman33,omega_0,0.0251408649115438
1.0,1.0,1.0,1.0,1.0,3.706862855733477,0.02580435542802716,0.03078789213796418,Feynman33,omega_0,0.0263782109762737
1.0,1.0,1.0,1.0,1.0,4.417479067994144,0.012220314949496464,0.01085614400735797,Feynman33,omega_0,0.012009662199195302
1.0,1.0,1.0,1.0,1.0,4.931014730817007,0.007705862606462804,0.014296231489403297,Feynman33,omega_0,0.008489400057925556
1.0,1.0,1.0,1.0,1.0,4.072759149113147,0.017240231085503807,0.013840433793137957,Feynman33,omega_0,0.0169950207277529
1.0,1.0,1.0,1.0,1.0,3.750009736884359,0.024548849675282723,0.03763928152617135,Feynman33,omega_0,0.025000415857317857
1.0,1.0,1.0,1.0,1.0,4.998814003483599,0.007279397035787036,0.006286329967872056,Feynman33,omega_0,0.008169066742574923
1.0,1.0,1.0,1.0,1.0,4.11206926910022,0.016549948220973238,0.016020739867037802,Feynman33,omega_0,0.01626490454721699
1.0,1.0,1.0,1.0,1.0,3.3535907398113833,0.03989619837258755,0.05293425293193447,Feynman33,omega_0,0.04095310652459196
1.0,1.0,1.0,1.0,1.0,4.737789534148555,0.009106881677527502,0.005229375299302315,Feynman33,omega_0,0.009496454804929172
1.0,1.0,1.0,1.0,1.0,4.997464763749859,0.007287589653267683,0.011312531913768499,Feynman33,omega_0,0.008175404940435744
1.0,1.0,1.0,1.0,1.0,4.327302172104698,0.013331820561906503,0.024527194129785407,Feynman33,omega_0,0.013032555208494286
1.0,1.0,1.0,1.0,1.0,4.448084973859916,0.011869842164683569,0.01879700094456855,Feynman33,omega_0,0.011699998958446286
1.0,1.0,1.0,1.0,1.0,4.191541259499275,0.015257910496952902,0.01293490772356912,Feynman33,omega_0,0.014927898268577842
1.0,1.0,1.0,1.0,1.0,4.382931128868323,0.012631782814160674,0.02317405345300144,Feynman33,omega_0,0.012381344183946734
1.0,1.0,1.0,1.0,1.0,3.4095716527076565,0.03710360523850263,0.03750488729052475,Feynman33,omega_0,0.038220249384998135
1.0,1.0,1.0,1.0,1.0,3.2436954605686603,0.04620323350062039,0.04075589530093728,Feynman33,omega_0,0.04682894442117283
1.0,1.0,1.0,1.0,1.0,4.088935768605303,0.016951842757842703,0.024110921406418174,Feynman33,omega_0,0.01668884080439246
1.0,1.0,1.0,1.0,1.0,3.1236416183888265,0.054621588386544996,0.0583787835200314,Feynman33,omega_0,0.05406612936605998
1.0,1.0,1.0,1.0,1.0,4.493611201201187,0.011371653729699414,0.00027958269406546526,Feynman33,omega_0,0.011271304228250689
1.0,1.0,1.0,1.0,1.0,3.9880423922640107,0.018856228329380647,0.018536431786191947,Feynman33,omega_0,0.018735256338065727
1.0,1.0,1.0,1.0,1.0,3.4076890755921507,0.03719340185218467,0.038162967359187595,Feynman33,omega_0,0.038309391195374125
1.0,1.0,1.0,1.0,1.0,3.857899196810245,0.02173190505388428,0.020880101253347196,Feynman33,omega_0,0.021892361114806504
1.0,1.0,1.0,1.0,1.0,3.3129472711397563,0.0420929000146078,0.04817673862977071,Feynman33,omega_0,0.043045787122896015
1.0,1.0,1.0,1.0,1.0,3.866373757079533,0.021528414589701547,0.018887847721821005,Feynman33,omega_0,0.02166774765569464
1.0,1.0,1.0,1.0,1.0,3.987034397177074,0.018876585278571438,0.007770593856714655,Feynman33,omega_0,0.018757394555410062
1.0,1.0,1.0,1.0,1.0,3.143288064607339,0.05311745521927241,0.045978327253235474,Feynman33,omega_0,0.0528209917475941
1.0,1.0,1.0,1.0,1.0,4.583985308413711,0.010458457451865308,0.001848489545620972,Feynman33,omega_0,0.010521961419343109
1.0,1.0,1.0,1.0,1.0,3.3620839345173317,0.03945571535316883,0.03611372732885744,Feynman33,omega_0,0.040527450511335425
1.0,1.0,1.0,1.0,1.0,4.585399367922329,0.010444918871672908,0.012433965970730189,Feynman33,omega_0,0.010511210917908445
1.0,1.0,1.0,1.0,1.0,4.526809092876374,0.011024928427970518,0.014795894065959311,Feynman33,omega_0,0.010981169541823568
1.0,1.0,1.0,1.0,1.0,4.300645114556832,0.013684643534759008,-0.0021675760870902352,Feynman33,omega_0,0.013369107263364651
1.0,1.0,1.0,1.0,1.0,4.442695987956075,0.011930622633200315,0.014812002687026503,Feynman33,omega_0,0.01175323273713897
1.0,1.0,1.0,1.0,1.0,4.137442029523986,0.016122905940035518,0.017042626349218725,Feynman33,omega_0,0.015818322800631265
1.0,1.0,1.0,1.0,1.0,3.3187339537453147,0.04177090301150311,0.04077327895278195,Feynman33,omega_0,0.042742159407062594
1.0,1.0,1.0,1.0,1.0,3.1631401820832616,0.05165081875294383,0.05648031969517661,Feynman33,omega_0,0.051587339689267514
1.0,1.0,1.0,1.0,1.0,4.020368595373798,0.018217866233425965,0.028185816202973057,Feynman33,omega_0,0.01804346478731387
1.0,1.0,1.0,1.0,1.0,4.459132157761993,0.011746462150295308,0.015465609750090502,Feynman33,omega_0,0.011592554145027035
1.0,1.0,1.0,1.0,1.0,4.769484009865278,0.008856270043054129,0.0034678769409995803,Feynman33,omega_0,0.009315123792897251
1.0,1.0,1.0,1.0,1.0,3.8680310754379086,0.02148890174664814,0.019918678649377804,Feynman33,omega_0,0.02162414261654176
1.0,1.0,1.0,1.0,1.0,4.085999654586446,0.017003730396789662,0.019572029579306743,Feynman33,omega_0,0.01674381284102666
1.0,1.0,1.0,1.0,1.0,3.7111074454929653,0.025677286769837375,0.028645930825570987,Feynman33,omega_0,0.02623911743394496
1.0,1.0,1.0,1.0,1.0,4.837691561457623,0.008345765638772849,0.014488190222303509,Feynman33,omega_0,0.008949952346602532
1.0,1.0,1.0,1.0,1.0,4.159379902091834,0.015764851779967098,0.005302507043408525,Feynman33,omega_0,0.015447296283968497
1.0,1.0,1.0,1.0,1.0,4.123562765755074,0.01635475389066988,0.021207282292340278,Feynman33,omega_0,0.0160602567729865
1.0,1.0,1.0,1.0,1.0,3.090285658982558,0.057302035368532116,0.04969044014716207,Feynman33,omega_0,0.05623614650487884
1.0,1.0,1.0,1.0,1.0,3.036401518276939,0.06199734096999235,0.06419892365918992,Feynman33,omega_0,0.05989339592163122
1.0,1.0,1.0,1.0,1.0,3.4188414406943624,0.03666544596705056,0.047157376501164694,Feynman33,omega_0,0.03778408110399363
1.0,1.0,1.0,1.0,1.0,3.506006434690564,0.032850397615903935,0.035668285647273486,Feynman33,omega_0,0.033902912278139005
1.0,1.0,1.0,1.0,1.0,4.822928745107168,0.00845304636693593,0.011473711712087237,Feynman33,omega_0,0.009026465508631981
1.0,1.0,1.0,1.0,1.0,3.4324274787857254,0.03603508328998034,0.036140375027097056,Feynman33,omega_0,0.03715308365605047
1.0,1.0,1.0,1.0,1.0,3.2905076885038786,0.04337182855591207,0.04296659428406959,Feynman33,omega_0,0.04424125044493144
1.0,1.0,1.0,1.0,1.0,4.236742005975269,0.01457975024056516,0.005666726810956858,Feynman33,omega_0,0.014245276274905808
1.0,1.0,1.0,1.0,1.0,3.9860488495377764,0.01889651579277666,0.019797969825882982,Feynman33,omega_0,0.018779073288064184
1.0,1.0,1.0,1.0,1.0,4.613130772190468,0.010183824995946868,0.005400418331599168,Feynman33,omega_0,0.01030590522389326
1.0,1.0,1.0,1.0,1.0,4.191240048196143,0.015262561932100894,0.022463195856205688,Feynman33,omega_0,0.014932630334304722
1.0,1.0,1.0,1.0,1.0,3.616658773091973,0.028703765493316873,0.032089928164296885,Feynman33,omega_0,0.029523832319238785
1.0,1.0,1.0,1.0,1.0,3.3885935824593503,0.038120041050649124,0.030964662016399573,Feynman33,omega_0,0.03922436285639455
1.0,1.0,1.0,1.0,1.0,3.9613271483061956,0.019405288449527883,0.01591873553987299,Feynman33,omega_0,0.019333805558727695
1.0,1.0,1.0,1.0,1.0,4.136377000127003,0.016140549025497452,0.01778459886423987,Feynman33,omega_0,0.015836688261634424
1.0,1.0,1.0,1.0,1.0,4.222675590942702,0.014786634208545934,0.022915705716564747,Feynman33,omega_0,0.014451931685112987
1.0,1.0,1.0,1.0,1.0,4.3777694575691335,0.012694752550739038,0.011956058984395501,Feynman33,omega_0,0.012438972159496409
1.0,1.0,1.0,1.0,1.0,3.8360911997089007,0.022266874442798422,0.022979180386996735,Feynman33,omega_0,0.022483122789129076
1.0,1.0,1.0,1.0,1.0,4.860787426134542,0.008181348447230043,0.015980678213708847,Feynman33,omega_0,0.00883259980379301
1.0,1.0,1.0,1.0,1.0,3.838443720619653,0.022208368056564752,0.014455645422539895,Feynman33,omega_0,0.022418503802002387
1.0,1.0,1.0,1.0,1.0,3.2758844630280244,0.044231968099100454,0.03995404550579029,Feynman33,omega_0,0.04503588032424861
1.0,1.0,1.0,1.0,1.0,3.33583634953909,0.04083739401489918,0.045105468194939054,Feynman33,omega_0,0.04185585535185204
1.0,1.0,1.0,1.0,1.0,3.439704382818461,0.035703113396013175,0.02860102696481841,Feynman33,omega_0,0.036819124799351045
1.0,1.0,1.0,1.0,1.0,3.486931873445174,0.03364045656027956,0.03680274671678633,Feynman33,omega_0,0.034718783295477944
1.0,1.0,1.0,1.0,1.0,4.615781574527294,0.010159300804590663,0.020273471632346808,Feynman33,omega_0,0.01028681648208373
1.0,1.0,1.0,1.0,1.0,4.184844629935448,0.015361747232458431,0.01590471037302425,Feynman33,omega_0,0.01503368797462299
1.0,1.0,1.0,1.0,1.0,3.939020163501562,0.01987933625325612,0.022512450066951756,Feynman33,omega_0,0.01985269203739807
1.0,1.0,1.0,1.0,1.0,3.6980489216072048,0.026070772467431714,0.028431285920281494,Feynman33,omega_0,0.02666954989668422
1.0,1.0,1.0,1.0,1.0,3.1394786583461207,0.05340493566196842,0.05893669609842629,Feynman33,omega_0,0.053060526840663674
1.0,1.0,1.0,1.0,1.0,3.4675996793906796,0.03446598517031026,0.03144176054584584,Feynman33,omega_0,0.0355645966864953
1.0,1.0,1.0,1.0,1.0,4.203594063750901,0.015073247479799918,0.017823226364157643,Feynman33,omega_0,0.014740564965288454
1.0,1.0,1.0,1.0,1.0,3.479162021870907,0.03396919414896503,0.036305073679303024,Feynman33,omega_0,0.03505642321354548
1.0,1.0,1.0,1.0,1.0,3.531992970490041,0.03181157435846161,0.025074309408188028,Feynman33,omega_0,0.03282081708490987
1.0,1.0,1.0,1.0,1.0,3.830046090207155,0.02241811240065876,0.027886666492363016,Feynman33,omega_0,0.02265016591880142
1.0,1.0,1.0,1.0,1.0,4.372313493503999,0.0127617441651531,0.011109362342281905,Feynman33,omega_0,0.012500492993212289
1.0,1.0,1.0,1.0,1.0,4.7592580929339885,0.008936166254627134,0.0025818444071781894,Feynman33,omega_0,0.009372724478635035
1.0,1.0,1.0,1.0,1.0,3.391823410962081,0.03796126233016242,0.041920068296563084,Feynman33,omega_0,0.039068219400709515
1.0,1.0,1.0,1.0,1.0,3.7103443437346737,0.02570007285104615,0.029154409110653867,Feynman33,omega_0,0.026264066231289105
1.0,1.0,1.0,1.0,1.0,4.6374070043012585,0.009961988368206108,0.008437771706326222,Feynman33,omega_0,0.010134430586363007
1.0,1.0,1.0,1.0,1.0,4.778940004552931,0.00878318931598233,0.0156020200001602,Feynman33,omega_0,0.009262583321388884
1.0,1.0,1.0,1.0,1.0,3.9624877867645534,0.01938101734739132,0.016234673682928163,Feynman33,omega_0,0.01930728748124161
1.0,1.0,1.0,1.0,1.0,4.343125263342754,0.01312781955919886,0.0035335408466731916,Feynman33,omega_0,0.01284044126954055
1.0,1.0,1.0,1.0,1.0,4.240933704419375,0.01451880868151151,0.021613725427624603,Feynman33,omega_0,0.014184682425045806
1.0,1.0,1.0,1.0,1.0,4.371419347493066,0.012772765577618613,0.012388073371474137,Feynman33,omega_0,0.012510635163709169
1.0,1.0,1.0,1.0,1.0,3.9217725228426676,0.0202559554645419,0.017133971904436083,Feynman33,omega_0,0.02026606407028809
1.0,1.0,1.0,1.0,1.0,4.743054337618368,0.009064638625806556,0.004171098683977096,Feynman33,omega_0,0.009465748069408964
1.0,1.0,1.0,1.0,1.0,3.9411666463769546,0.019833088155718413,0.02168806037021864,Feynman33,omega_0,0.01980199498474627
1.0,1.0,1.0,1.0,1.0,3.2459544288705557,0.046061287370840594,0.038361487155420745,Feynman33,omega_0,0.04670112337781643
1.0,1.0,1.0,1.0,1.0,4.441892737643041,0.011939715833466976,0.017255237743730247,Feynman33,omega_0,0.011761214008412981
1.0,1.0,1.0,1.0,1.0,3.358554375656361,0.03963801393382807,0.03992709963899305,Feynman33,omega_0,0.04070385799247186
1.0,1.0,1.0,1.0,1.0,4.068822185519005,0.017311354350032487,0.011584092963097488,Feynman33,omega_0,0.017070768097510385
1.0,1.0,1.0,1.0,1.0,3.5658315669584146,0.030520563576088604,0.029320613860839537,Feynman33,omega_0,0.03146172170126899
1.0,1.0,1.0,1.0,1.0,4.697913649086184,0.00943503143531298,0.014650857520271707,Feynman33,omega_0,0.009737328425788236
1.0,1.0,1.0,1.0,1.0,4.386480725606197,0.012588708368196573,0.008918996952284968,Feynman33,omega_0,0.012342036019806194
1.0,1.0,1.0,1.0,1.0,3.3073820587319505,0.042405559426443445,0.029843246537688876,Feynman33,omega_0,0.04333958930756434
1.0,1.0,1.0,1.0,1.0,3.5441108482963806,0.031341423347999324,0.0373230687544139,Feynman33,omega_0,0.03232767394305693
1.0,1.0,1.0,1.0,1.0,4.465959237903249,0.01167102314766717,0.014721693576140175,Feynman33,omega_0,0.01152726855886197
1.0,1.0,1.0,1.0,1.0,4.7524961577539395,0.008989497631088675,0.00040730174540202016,Feynman33,omega_0,0.009411276737098281
1.0,1.0,1.0,1.0,1.0,4.908458510723515,0.00785469302000728,0.006717532141630699,Feynman33,omega_0,0.008597822473307044
1.0,1.0,1.0,1.0,1.0,4.059741085831698,0.017476830129843777,0.018792323498172465,Feynman33,omega_0,0.017247346390484072
1.0,1.0,1.0,1.0,1.0,4.285999082933409,0.013883519244762887,0.01692643302581362,Feynman33,omega_0,0.013561101741978028
1.0,1.0,1.0,1.0,1.0,3.56378372407753,0.030596780200632792,0.02765078997643844,Feynman33,omega_0,0.031542385699897285
1.0,1.0,1.0,1.0,1.0,3.4533237195079876,0.03509218110869736,0.050566657320909245,Feynman33,omega_0,0.03620156161774906
1.0,1.0,1.0,1.0,1.0,3.745445420071725,0.02467794632671683,0.025450734374169868,Feynman33,omega_0,0.025142411975567696
1.0,1.0,1.0,1.0,1.0,4.818279435878944,0.008487192283442095,0.012735766006422582,Feynman33,omega_0,0.00905082612791338
1.0,1.0,1.0,1.0,1.0,4.690403575515878,0.009498493883556626,0.016678654852419185,Feynman33,omega_0,0.00978443964540863
1.0,1.0,1.0,1.0,1.0,3.163875196433189,0.05159751473958757,0.0447544857915513,Feynman33,omega_0,0.05154213412969901
1.0,1.0,1.0,1.0,1.0,3.1342486017480624,0.05380286739716954,0.04940993153549742,Feynman33,omega_0,0.05339087414318069
1.0,1.0,1.0,1.0,1.0,4.167464970224663,0.015635432015750253,0.012408371682713863,Feynman33,omega_0,0.01531401237136466
1.0,1.0,1.0,1.0,1.0,3.173333277846293,0.05091782131721542,0.050601697810666896,Feynman33,omega_0,0.050963410805847036
1.0,1.0,1.0,1.0,1.0,4.575879173983676,0.010536496540389814,0.010983210472653559,Feynman33,omega_0,0.010584132588307649
1.0,1.0,1.0,1.0,1.0,3.199270983977822,0.04911151350575599,0.04378415558513792,Feynman33,omega_0,0.049404489173730075
1.0,1.0,1.0,1.0,1.0,3.369853731198868,0.0390581550087628,0.039015829313991474,Feynman33,omega_0,0.040141535656300256
1.0,1.0,1.0,1.0,1.0,3.027426012250138,0.06282658288736694,0.05920300323898986,Feynman33,omega_0,0.06052110267616761
1.0,1.0,1.0,1.0,1.0,4.96506150405346,0.00748788043298466,0.010671216671973675,Feynman33,omega_0,0.008327860090311603
1.0,1.0,1.0,1.0,1.0,4.9518437980750845,0.007571571346959264,0.012957259333446958,Feynman33,omega_0,0.008390338393883198
1.0,1.0,1.0,1.0,1.0,4.268099771680566,0.0141315569567194,0.011107537884125027,Feynman33,omega_0,0.013802759465248076
1.0,1.0,1.0,1.0,1.0,4.37008972598486,0.012789176984466818,0.01611128343483314,Feynman33,omega_0,0.012525748181085676
1.0,1.0,1.0,1.0,1.0,3.8782451768454624,0.021247399831625123,0.016670071071665876,Feynman33,omega_0,0.021357709455225433
1.0,1.0,1.0,1.0,1.0,3.590080220953862,0.02963613926224365,0.024822821621277212,Feynman33,omega_0,0.030521896761701105
1.0,1.0,1.0,1.0,1.0,4.810483493353531,0.008544839240697707,0.0030726930239749215,Feynman33,omega_0,0.0090919725804911
1.0,1.0,1.0,1.0,1.0,4.384455697251536,0.012613259368315883,0.015755617173300828,Feynman33,omega_0,0.012364429145188507
1.0,1.0,1.0,1.0,1.0,3.808273832005912,0.02297371966502037,0.01660273106986499,Feynman33,omega_0,0.02326378160959967
1.0,1.0,1.0,1.0,1.0,4.87296667773801,0.008096289241067905,0.01367679087831376,Feynman33,omega_0,0.008771749408031574
1.0,1.0,1.0,1.0,1.0,4.1088084138416585,0.016605863323770544,0.015736564812444006,Feynman33,omega_0,0.016323683091429734
1.0,1.0,1.0,1.0,1.0,3.778381608876253,0.023765292162995267,0.027872089721441454,Feynman33,omega_0,0.024137314041373665
1.0,1.0,1.0,1.0,1.0,3.8227406341099517,0.022602623274130745,0.028150654319146786,Feynman33,omega_0,0.022853958492650973
1.0,1.0,1.0,1.0,1.0,4.506204584113612,0.011238527576290423,0.005343617038456443,Feynman33,omega_0,0.011159097321297055
1.0,1.0,1.0,1.0,1.0,4.833933651478141,0.008372910563590711,0.009604473670032618,Feynman33,omega_0,0.00896931160000782
1.0,1.0,1.0,1.0,1.0,4.582898194618881,0.010468880826342255,0.012491554691137241,Feynman33,omega_0,0.01053024533655677
1.0,1.0,1.0,1.0,1.0,4.452665125610309,0.011818491311988227,0.008054589110555437,Feynman33,omega_0,0.011655179702052454
1.0,1.0,1.0,1.0,1.0,3.186802655137382,0.049969435401449186,0.04759533205412841,Feynman33,omega_0,0.050148737515615924
1.0,1.0,1.0,1.0,1.0,4.1883866853449545,0.015306713845832317,0.007897532643334627,Feynman33,omega_0,0.01497757974700119
1.0,1.0,1.0,1.0,1.0,3.0311525039768945,0.062480585036047566,0.0613335290564745,Feynman33,omega_0,0.060259840039453
1.0,1.0,1.0,1.0,1.0,4.815622978020497,0.008506780183338326,0.016367309254626504,Feynman33,omega_0,0.009064804143365973
1.0,1.0,1.0,1.0,1.0,3.5257465258620773,0.032057424440139176,0.029731472151243037,Feynman33,omega_0,0.03307785178401309
1.0,1.0,1.0,1.0,1.0,4.544220725901363,0.010848409326519592,0.01029449147593332,Feynman33,omega_0,0.010836100724443003
1.0,1.0,1.0,1.0,1.0,4.928124590936738,0.00772473261847465,0.014046713137736085,Feynman33,omega_0,0.0085032181175266
1.0,1.0,1.0,1.0,1.0,4.8994258240729796,0.007915307520386605,0.012075595143827682,Feynman33,omega_0,0.008641658724162204
1.0,1.0,1.0,1.0,1.0,3.8248413312516503,0.022549370369464698,0.02502360984062072,Feynman33,omega_0,0.022795141351806995
1.0,1.0,1.0,1.0,1.0,4.258558850977483,0.014266058285964485,0.009696656365907743,Feynman33,omega_0,0.013934785997691943
1.0,1.0,1.0,1.0,1.0,3.4536009945001047,0.03507988174968367,0.03567197830783542,Feynman33,omega_0,0.03618908936286158
1.0,1.0,1.0,1.0,1.0,4.847200868624888,0.008277569927318356,0.005730998791083178,Feynman33,omega_0,0.008901305005071025
1.0,1.0,1.0,1.0,1.0,4.784181311827031,0.008743009295790258,0.009487160888955055,Feynman33,omega_0,0.009233749610222206
1.0,1.0,1.0,1.0,1.0,4.956802009176413,0.0075400398209751005,0.004025325809522803,Feynman33,omega_0,0.008366872565966636
1.0,1.0,1.0,1.0,1.0,4.923278403140847,0.007756504752329137,0.011602854449949775,Feynman33,omega_0,0.008526434043882177
1.0,1.0,1.0,1.0,1.0,3.534862277915513,0.03169944566516116,0.03353992293602892,Feynman33,omega_0,0.032703395274391124
1.0,1.0,1.0,1.0,1.0,4.728576960788766,0.009181399438591961,0.004233599294248382,Feynman33,omega_0,0.009550778714044215
1.0,1.0,1.0,1.0,1.0,3.5732454496055666,0.030246641616003853,0.037705621137736435,Feynman33,omega_0,0.031171383124312217
1.0,1.0,1.0,1.0,1.0,3.669918094633319,0.02694475287614373,0.02913395026310274,Feynman33,omega_0,0.027622298845076408
1.0,1.0,1.0,1.0,1.0,3.7593334971913963,0.024287787099731478,0.025291013889426006,Feynman33,omega_0,0.02471307592057736
1.0,1.0,1.0,1.0,1.0,3.714721485680936,0.025569719494212193,0.02062420562786319,Feynman33,omega_0,0.026121303404099887
1.0,1.0,1.0,1.0,1.0,4.278293950289963,0.013989612322945115,0.010687427425487922,Feynman33,omega_0,0.013664172480344605
1.0,1.0,1.0,1.0,1.0,3.6189895807021353,0.028623787747651452,0.028655263029995996,Feynman33,omega_0,0.029437886125116837
1.0,1.0,1.0,1.0,1.0,4.018121009722778,0.018261357233505155,0.011374490101613167,Feynman33,omega_0,0.018090435303640663
1.0,1.0,1.0,1.0,1.0,3.45699883722347,0.034929604305924296,0.029400437844036703,Feynman33,omega_0,0.03603657420394473
1.0,1.0,1.0,1.0,1.0,4.5534970362259894,0.01075582197352627,0.018259165932120267,Feynman33,omega_0,0.010760724878749881
1.0,1.0,1.0,1.0,1.0,3.3519167754363135,0.039983752155860426,0.04710580873924916,Feynman33,omega_0,0.04103747240209505
1.0,1.0,1.0,1.0,1.0,3.602099784491165,0.029209804743735746,0.025232844532604975,Feynman33,omega_0,0.030066426543838898
1.0,1.0,1.0,1.0,1.0,3.3973071528686845,0.03769360215748328,0.038367272269257124,Feynman33,omega_0,0.038804405964401587
1.0,1.0,1.0,1.0,1.0,3.5930590596029957,0.029529747462918823,0.03266204598574838,Feynman33,omega_0,0.030408379177193922
1.0,1.0,1.0,1.0,1.0,4.310145498198043,0.013557562026345968,0.006008916973178827,Feynman33,omega_0,0.013247275697443028
1.0,1.0,1.0,1.0,1.0,3.5889690394646214,0.0296759506528042,0.023708926517246254,Feynman33,omega_0,0.03056434954230767
1.0,1.0,1.0,1.0,1.0,3.3229837330351026,0.041536420688246055,0.03886294945600937,Feynman33,omega_0,0.04252038130362148
1.0,1.0,1.0,1.0,1.0,4.3771066301167005,0.01270286740437688,0.004707389092559482,Feynman33,omega_0,0.012446412722434928
1.0,1.0,1.0,1.0,1.0,4.546428052995463,0.010826286963280501,0.01617159129817254,Feynman33,omega_0,0.010818046030428427
1.0,1.0,1.0,1.0,1.0,4.429111378187212,0.012085591871047343,0.014389060356405733,Feynman33,omega_0,0.011889856199902078
1.0,1.0,1.0,1.0,1.0,4.903853369833608,0.007885522765834355,0.01098047854535676,Feynman33,omega_0,0.008620138541801355
1.0,1.0,1.0,1.0,1.0,3.7751001258192964,0.023854280962119584,0.028849842616364568,Feynman33,omega_0,0.02423543148906218
1.0,1.0,1.0,1.0,1.0,3.9163963267907516,0.020375194028200122,0.015449100110653863,Feynman33,omega_0,0.020397115412913218
1.0,1.0,1.0,1.0,1.0,3.95336179677124,0.01957290116917356,0.03326606451023627,Feynman33,omega_0,0.01951707105602426
1.0,1.0,1.0,1.0,1.0,4.495460010238291,0.011351985548521386,0.016208709086823377,Feynman33,omega_0,0.01125466354548037
1.0,1.0,1.0,1.0,1.0,4.638225738511395,0.009954613572266159,0.008697775442145849,Feynman33,omega_0,0.010128775656792577
1.0,1.0,1.0,1.0,1.0,3.198016756184881,0.04919696098065054,0.05607851604945832,Feynman33,omega_0,0.049478927754284335
1.0,1.0,1.0,1.0,1.0,3.7492868528894983,0.024569238489629414,0.01796232100510855,Feynman33,omega_0,0.02502284626830582
1.0,1.0,1.0,1.0,1.0,4.289134359303166,0.013840640274418949,0.01926325234696325,Feynman33,omega_0,0.013519571081549166
1.0,1.0,1.0,1.0,1.0,3.404038024686293,0.03736834156664836,0.04020252632246322,Feynman33,omega_0,0.03848281395144923
1.0,1.0,1.0,1.0,1.0,4.951517101410836,0.007573654790048348,0.007564644292375221,Feynman33,omega_0,0.00839188591339896
1.0,1.0,1.0,1.0,1.0,3.1084092751020567,0.05582533927957397,0.05395174060368374,Feynman33,omega_0,0.05504829032483442
1.0,1.0,1.0,1.0,1.0,4.842724520090951,0.008309584066466752,0.004241941937337195,Feynman33,omega_0,0.0089241451846899
1.0,1.0,1.0,1.0,1.0,3.799424117933845,0.023204539299375115,0.020655590459655503,Feynman33,omega_0,0.023518616141042444
1.0,1.0,1.0,1.0,1.0,4.255197989733122,0.014313822472199917,0.012543909420500862,Feynman33,omega_0,0.013981833322096798
1.0,1.0,1.0,1.0,1.0,3.7968991681890767,0.02327093379106836,0.026598314559573732,Feynman33,omega_0,0.023591903804866046
1.0,1.0,1.0,1.0,1.0,4.075376744641661,0.017193147400228388,0.022391579572894484,Feynman33,omega_0,0.01694492613814454
1.0,1.0,1.0,1.0,1.0,3.9624027097062395,0.01938279516072223,0.01718529834122063,Feynman33,omega_0,0.019309229708287294
1.0,1.0,1.0,1.0,1.0,4.85841095039407,0.00819807676355669,0.013436570328740363,Feynman33,omega_0,0.008844552436534807
1.0,1.0,1.0,1.0,1.0,4.988053007061701,0.0073450624539810995,0.007398295535855599,Feynman33,omega_0,0.008219626581997338
1.0,1.0,1.0,1.0,1.0,3.937251937907496,0.01991753703580705,0.02401623551531953,Feynman33,omega_0,0.01989457884065564
1.0,1.0,1.0,1.0,1.0,3.695673941022302,0.026143156532440023,0.028568269768507744,Feynman33,omega_0,0.02674863510327554
1.0,1.0,1.0,1.0,1.0,4.266525654423501,0.014153637045749777,0.022368883527338033,Feynman33,omega_0,0.013824386606014753
1.0,1.0,1.0,1.0,1.0,4.708111747189323,0.00934970802730844,0.009343043593021816,Feynman33,omega_0,0.009674271144046861
1.0,1.0,1.0,1.0,1.0,4.43512447989305,0.012016684540498623,0.00809430635545512,Feynman33,omega_0,0.011828948330958124
1.0,1.0,1.0,1.0,1.0,4.393638815724193,0.012502407524487726,0.015270104343627822,Feynman33,omega_0,0.012263557931787489
1.0,1.0,1.0,1.0,1.0,4.705004349223188,0.00937560291476169,0.0024814301356675264,Feynman33,omega_0,0.00969337496230419
1.0,1.0,1.0,1.0,1.0,3.3655695791344984,0.03927673035535625,0.04114581450447585,Feynman33,omega_0,0.04035391244107717
1.0,1.0,1.0,1.0,1.0,4.925553563894836,0.0077415680816014165,0.0011663653289659941,Feynman33,omega_0,0.008515527437663989
1.0,1.0,1.0,1.0,1.0,4.150825026449409,0.015903270367492575,0.017309950917634674,Feynman33,omega_0,0.015590340911980874
1.0,1.0,1.0,1.0,1.0,4.763252726461782,0.008904847997247656,0.010643559306795052,Feynman33,omega_0,0.009350124509875445
1.0,1.0,1.0,1.0,1.0,3.1580066504128665,0.05202507232123716,0.047162540254742466,Feynman33,omega_0,0.05190399987560069
1.0,1.0,1.0,1.0,1.0,3.435012040743552,0.03591672890334898,0.045738230912761635,Feynman33,omega_0,0.037034150865162756
1.0,1.0,1.0,1.0,1.0,3.5496580057256937,0.03112914861108394,0.02762022835153226,Feynman33,omega_0,0.03210433603197176
1.0,1.0,1.0,1.0,1.0,4.4110835313970505,0.012295195073261801,0.018041384268002728,Feynman33,omega_0,0.012076660311497246
1.0,1.0,1.0,1.0,1.0,3.6573499111532684,0.027347232552402928,0.026368216151421216,Feynman33,omega_0,0.028059378679887448
1.0,1.0,1.0,1.0,1.0,3.4895663950383193,0.03352990985798685,0.03481377219847789,Feynman33,omega_0,0.0346049991390731
1.0,1.0,1.0,1.0,1.0,4.369924205796414,0.012791221850024287,0.010022384213995894,Feynman33,omega_0,0.01252763217463676
1.0,1.0,1.0,1.0,1.0,4.1188323288353486,0.016434736536692186,0.019867244253779018,Feynman33,omega_0,0.016144009529809714
1.0,1.0,1.0,1.0,1.0,4.222196371223909,0.014793747557158624,0.021805006780020345,Feynman33,omega_0,0.01445906282484622
1.0,1.0,1.0,1.0,1.0,4.693480383060631,0.009472428997335008,0.016864758735679514,Feynman33,omega_0,0.009765068299584977
1.0,1.0,1.0,1.0,1.0,4.122313762188497,0.01637582423367614,0.01754364979296582,Feynman33,omega_0,0.016082306145123196
1.0,1.0,1.0,1.0,1.0,4.334698596038377,0.013235966559531378,0.015593806143330573,Feynman33,omega_0,0.012942054475022646
1.0,1.0,1.0,1.0,1.0,4.2328555939807355,0.014636542473864839,0.010346428168992419,Feynman33,omega_0,0.014301860538835193
1.0,1.0,1.0,1.0,1.0,4.631391194650167,0.010016388065826094,0.007311434148355592,Feynman33,omega_0,0.010176233579256459
1.0,1.0,1.0,1.0,1.0,4.306117902785525,0.013611254141723372,0.005633565116010481,Feynman33,omega_0,0.013298667224780753
1.0,1.0,1.0,1.0,1.0,3.907167739208143,0.02058195484377918,0.029274262377598267,Feynman33,omega_0,0.02062453628880227
1.0,1.0,1.0,1.0,1.0,3.7101849365934223,0.025704835956987446,0.020957902882621275,Feynman33,omega_0,0.02626928107131149
1.0,1.0,1.0,1.0,1.0,3.302097873763243,0.04270517136376512,0.03354804277136723,Feynman33,omega_0,0.04362018960907705
1.0,1.0,1.0,1.0,1.0,4.261218646895487,0.014228400272609396,0.013226193749298627,Feynman33,omega_0,0.013897752640741228
1.0,1.0,1.0,1.0,1.0,3.2815302209167,0.0438973324784706,0.048638018487036756,Feynman33,omega_0,0.044727622320663026
1.0,1.0,1.0,1.0,1.0,3.215852333707568,0.047999442965396606,0.04051628418019103,Feynman33,omega_0,0.04842932796447886
1.0,1.0,1.0,1.0,1.0,3.7653645925677055,0.024120791036430653,0.028030832050984094,Feynman33,omega_0,0.02452914626939963
1.0,1.0,1.0,1.0,1.0,3.996574429536367,0.018685027810691052,0.018884756221187494,Feynman33,omega_0,0.018549254290348045
1.0,1.0,1.0,1.0,1.0,4.413935959262929,0.01226172694430454,0.019039549829441484,Feynman33,omega_0,0.01204667923852312
1.0,1.0,1.0,1.0,1.0,3.8746745305350516,0.021331431379570612,0.015150958837227087,Feynman33,omega_0,0.02145039916547281
1.0,1.0,1.0,1.0,1.0,3.468106674045119,0.03444400869372819,0.026248595023619672,Feynman33,omega_0,0.03554216961388655
1.0,1.0,1.0,1.0,1.0,4.6430222172240105,0.009911547106378435,0.019737160279605176,Feynman33,omega_0,0.010095810283993254
1.0,1.0,1.0,1.0,1.0,3.148464231089421,0.05272998577764946,0.06059221307800641,Feynman33,omega_0,0.052496969036545056
1.0,1.0,1.0,1.0,1.0,3.0223041658343455,0.06330614072261238,0.0607512148060509,Feynman33,omega_0,0.06088169903089689
1.0,1.0,1.0,1.0,1.0,3.05058850743214,0.06071490487205165,0.05800171711441579,Feynman33,omega_0,0.058912079482852334
1.0,1.0,1.0,1.0,1.0,4.956061502755783,0.007544738513487963,0.008081593069301847,Feynman33,omega_0,0.008370374803688461
1.0,1.0,1.0,1.0,1.0,3.8575878188203765,0.021739428146079605,0.019861610473243852,Feynman33,omega_0,0.02190066651311397
1.0,1.0,1.0,1.0,1.0,3.593027180935416,0.029530883468346952,0.038031040439957274,Feynman33,omega_0,0.030409591781695708
1.0,1.0,1.0,1.0,1.0,4.336048477182339,0.013218566818388462,0.022666641780332057,Feynman33,omega_0,0.012925670375694628
1.0,1.0,1.0,1.0,1.0,3.8841192824723647,0.021110068818826898,0.01640226052368257,Feynman33,omega_0,0.02120627217125187
1.0,1.0,1.0,1.0,1.0,4.797664967498989,0.008640703098757235,0.005948256666458782,Feynman33,omega_0,0.009160478803528388
1.0,1.0,1.0,1.0,1.0,3.3822736231177495,0.03843318206721332,0.03581586719869188,Feynman33,omega_0,0.03953153528450184
1.0,1.0,1.0,1.0,1.0,3.765940797413548,0.024104912674639902,0.024970738827940892,Feynman33,omega_0,0.024511653098579483
1.0,1.0,1.0,1.0,1.0,4.676076704103094,0.009621061007391518,0.012974396252891724,Feynman33,omega_0,0.009875956452770349
1.0,1.0,1.0,1.0,1.0,4.288627117527053,0.013847566105511987,0.011870387948552425,Feynman33,omega_0,0.013526274146158012
1.0,1.0,1.0,1.0,1.0,3.390846849512178,0.03800918134317647,0.03310709654514666,Feynman33,omega_0,0.039115370823370396
1.0,1.0,1.0,1.0,1.0,3.7616996389848025,0.024222096410874677,0.018982475706190792,Feynman33,omega_0,0.024640735156465126
1.0,1.0,1.0,1.0,1.0,4.387272881920007,0.012579120862876476,0.009329179726792251,Feynman33,omega_0,0.01233329928953822
1.0,1.0,1.0,1.0,1.0,4.0301503141142545,0.018030108394443054,0.021382871821022175,Feynman33,omega_0,0.017840980866905925
1.0,1.0,1.0,1.0,1.0,3.2641175137613203,0.0449399258401872,0.04287934536583201,Feynman33,omega_0,0.045684311888366795
1.0,1.0,1.0,1.0,1.0,4.379649813318169,0.012671767367313343,0.019812610547425703,Feynman33,omega_0,0.012417914328617856
1.0,1.0,1.0,1.0,1.0,4.457607993455915,0.01176338810790399,0.023242267092256137,Feynman33,omega_0,0.011607244905617622
1.0,1.0,1.0,1.0,1.0,3.009957260355854,0.06448155117607839,0.05737960015114579,Feynman33,omega_0,0.06175815861138057
1.0,1.0,1.0,1.0,1.0,3.3563501910734304,0.039752401825042236,0.04571568849422783,Feynman33,omega_0,0.040814372525730724
1.0,1.0,1.0,1.0,1.0,3.0940942158041542,0.05698761865932486,0.05441156740319673,Feynman33,omega_0,0.05598477956697968
1.0,1.0,1.0,1.0,1.0,3.272319054812431,0.044444971533523135,0.04388228316487505,Feynman33,omega_0,0.04523150466919581
1.0,1.0,1.0,1.0,1.0,3.9778475430321305,0.019063406466062284,0.015357490901501259,Feynman33,omega_0,0.018960764197339185
1.0,1.0,1.0,1.0,1.0,4.865252511161886,0.008150034348300842,0.011367915897010774,Feynman33,omega_0,0.008810213648915466
1.0,1.0,1.0,1.0,1.0,3.889867708990764,0.020976762690543858,0.011797436533798698,Feynman33,omega_0,0.021059330682826723
1.0,1.0,1.0,1.0,1.0,4.404746467379189,0.012369963003650033,0.0075609746477099055,Feynman33,omega_0,0.012143846184836736
1.0,1.0,1.0,1.0,1.0,4.113348083546661,0.016528084928082398,0.003981457243053457,Feynman33,omega_0,0.016241940163415184
1.0,1.0,1.0,1.0,1.0,4.908898176974146,0.007851757564740637,0.0005617178527589622,Feynman33,omega_0,0.008595695364703558
1.0,1.0,1.0,1.0,1.0,4.103869125278218,0.016691015033416752,0.019702359105016224,Feynman33,omega_0,0.016413324566508045
1.0,1.0,1.0,1.0,1.0,4.1562741655406015,0.015814926052445114,0.012763643152329071,Feynman33,omega_0,0.015498986062042402
1.0,1.0,1.0,1.0,1.0,3.1173243951255207,0.055116754379489166,0.054446974735894084,Feynman33,omega_0,0.05447166875214184
1.0,1.0,1.0,1.0,1.0,3.0081846643394425,0.0646525818442664,0.0630098025417746,Feynman33,omega_0,0.06188482582111544
1.0,1.0,1.0,1.0,1.0,4.018565545136547,0.018252745015427074,0.015291481743047754,Feynman33,omega_0,0.018081132066324068
1.0,1.0,1.0,1.0,1.0,3.3227107842081374,0.04155143026978211,0.03961248552887482,Feynman33,omega_0,0.04253459466746794
1.0,1.0,1.0,1.0,1.0,4.910102699711256,0.007843722584067143,0.016461950895131625,Feynman33,omega_0,0.008589870905016077
1.0,1.0,1.0,1.0,1.0,3.8827068787544348,0.02114298656924719,0.018382775974512603,Feynman33,omega_0,0.021242565927035148
1.0,1.0,1.0,1.0,1.0,3.4398436704799598,0.035696797139597176,0.0361357260320924,Feynman33,omega_0,0.03681275966039944
1.0,1.0,1.0,1.0,1.0,3.8190409332240174,0.022696799168851332,0.014877475256105582,Feynman33,omega_0,0.022957971628414228
1.0,1.0,1.0,1.0,1.0,3.7127365652017894,0.025628727214321023,0.02204250723390724,Feynman33,omega_0,0.026185939687663452
1.0,1.0,1.0,1.0,1.0,3.5538536280717183,0.030969804939865102,0.028748602135830373,Feynman33,omega_0,0.03193641204264221
1.0,1.0,1.0,1.0,1.0,3.7971303055973085,0.023264845944432726,0.030050768020850147,Feynman33,omega_0,0.023585184215086246
1.0,1.0,1.0,1.0,1.0,4.288631560600155,0.013847505421204404,0.010355539278126762,Feynman33,omega_0,0.01352621540537376
1.0,1.0,1.0,1.0,1.0,3.0348384533962127,0.0621407420068375,0.0692868396425091,Feynman33,omega_0,0.0600023258243763
1.0,1.0,1.0,1.0,1.0,4.940174003312746,0.007646443312027748,0.009584682380545507,Feynman33,omega_0,0.008445732969292373
1.0,1.0,1.0,1.0,1.0,4.611198139793251,0.010201752054519307,0.0059942977189216965,Feynman33,omega_0,0.010319880021733575
1.0,1.0,1.0,1.0,1.0,3.603989732255479,0.029143478142775524,0.02323131236021779,Feynman33,omega_0,0.02999542916156125
1.0,1.0,1.0,1.0,1.0,3.6761733739238966,0.026747235959313297,0.03154338791973442,Feynman33,omega_0,0.0274074028678794
1.0,1.0,1.0,1.0,1.0,3.6983007590024224,0.026063111943515647,0.026239761705239822,Feynman33,omega_0,0.026661178400232827
1.0,1.0,1.0,1.0,1.0,3.768702329228703,0.024028997346583245,0.029035975301551067,Feynman33,omega_0,0.0244280064161875
1.0,1.0,1.0,1.0,1.0,3.728325957586564,0.025169888024886067,0.028168811668314087,Feynman33,omega_0,0.02568286924750972
1.0,1.0,1.0,1.0,1.0,3.429937862504673,0.036149559035118045,0.04700797038938396,Feynman33,omega_0,0.03726798089348775
1.0,1.0,1.0,1.0,1.0,4.7950314081235,0.008660565927195276,0.009989597784767506,Feynman33,omega_0,0.009174689723506714
1.0,1.0,1.0,1.0,1.0,3.0604747353211987,0.059841214148940794,0.05799442563662043,Feynman33,omega_0,0.05823606729061853
1.0,1.0,1.0,1.0,1.0,4.447974154073496,0.011871088119420198,0.019401008375252472,Feynman33,omega_0,0.011701088209221874
1.0,1.0,1.0,1.0,1.0,4.425076614035375,0.012132108253674185,0.004244459045963241,Feynman33,omega_0,0.011931114466881977
1.0,1.0,1.0,1.0,1.0,3.477089192735021,0.03405758327673299,0.03082416693175362,Feynman33,omega_0,0.035147020225071754
1.0,1.0,1.0,1.0,1.0,3.034733314544511,0.062150403010788106,0.061609812997960124,Feynman33,omega_0,0.06000965874880972
1.0,1.0,1.0,1.0,1.0,3.4167408300796955,0.03676415753540036,0.033029869838303756,Feynman33,omega_0,0.03788251842893311
1.0,1.0,1.0,1.0,1.0,3.538526593430319,0.03155697788173099,0.038889259735215995,Feynman33,omega_0,0.03255402971952971
1.0,1.0,1.0,1.0,1.0,3.890407185479057,0.020964307011995132,0.010438347415472194,Feynman33,omega_0,0.02104560408995506
1.0,1.0,1.0,1.0,1.0,4.547452986479982,0.010816034190257161,0.0066904046901787315,Feynman33,omega_0,0.01080968798114153
1.0,1.0,1.0,1.0,1.0,3.1136272710639115,0.05540920574129913,0.057143125838833166,Feynman33,omega_0,0.054710182167868604
1.0,1.0,1.0,1.0,1.0,3.7405869228372794,0.024816310754018897,0.022517610286012877,Feynman33,omega_0,0.025294527486792895
1.0,1.0,1.0,1.0,1.0,3.4429406889199976,0.035556723280939874,0.037889397347141286,Feynman33,omega_0,0.03667149595538783
1.0,1.0,1.0,1.0,1.0,3.0312082887514613,0.062475424035827336,0.058286009647076926,Feynman33,omega_0,0.06025593599536854
1.0,1.0,1.0,1.0,1.0,3.9765497884044616,0.019089985559574096,0.02401069986104485,Feynman33,omega_0,0.018989726270354407
1.0,1.0,1.0,1.0,1.0,3.325373441492481,0.04140530372754607,0.04810508783146489,Feynman33,omega_0,0.04239612079289387
1.0,1.0,1.0,1.0,1.0,4.972899175297679,0.007438804661414963,0.010733026499082416,Feynman33,omega_0,0.008290914575403683
1.0,1.0,1.0,1.0,1.0,3.3693592812927258,0.039083302485383435,0.039405336580251554,Feynman33,omega_0,0.040165995352129974
1.0,1.0,1.0,1.0,1.0,4.632826295854563,0.01000337677717289,0.009616362555412348,Feynman33,omega_0,0.010166220730726675
1.0,1.0,1.0,1.0,1.0,3.2105426909271055,0.04835202263953162,0.04303024827547278,Feynman33,omega_0,0.04873978610779962
1.0,1.0,1.0,1.0,1.0,4.36890260876383,0.012803851984274695,0.006562357399924516,Feynman33,omega_0,0.01253927313181286
1.0,1.0,1.0,1.0,1.0,4.338525016043058,0.013186719717221379,0.01696543078870682,Feynman33,omega_0,0.012895717448363795
1.0,1.0,1.0,1.0,1.0,3.3314603395724123,0.041073703218982995,0.04764353710503952,Feynman33,omega_0,0.04208106733192893
1.0,1.0,1.0,1.0,1.0,4.551233116448127,0.01077832599079926,0.011129083976393098,Feynman33,omega_0,0.010779000231232655
1.0,1.0,1.0,1.0,1.0,4.869006565044464,0.008123823614616854,0.002776103593588277,Feynman33,omega_0,0.008791462469497097
1.0,1.0,1.0,1.0,1.0,3.290094792805258,0.04339582149467168,0.04966919983484147,Feynman33,omega_0,0.044263517872979774
1.0,1.0,1.0,1.0,1.0,3.0267876282611215,0.06288610098103935,0.05702884236574562,Feynman33,omega_0,0.06056595201447517
1.0,1.0,1.0,1.0,1.0,3.468247549811582,0.03443790537485342,0.037678096995316886,Feynman33,omega_0,0.03553594028381251
1.0,1.0,1.0,1.0,1.0,4.492034555420174,0.01138846055297249,0.008066972950665573,Feynman33,omega_0,0.01128554128969563
1.0,1.0,1.0,1.0,1.0,4.740601730098966,0.009084286727712606,0.007778996406457666,Feynman33,omega_0,0.009480022647704906
1.0,1.0,1.0,1.0,1.0,4.731499403786309,0.009157677665403105,0.017871610201262097,Feynman33,omega_0,0.009533463120616023
1.0,1.0,1.0,1.0,1.0,4.881568018972824,0.008036888803636287,0.011658764918946272,Feynman33,omega_0,0.00872916111187598
1.0,1.0,1.0,1.0,1.0,3.2794968712523938,0.044017480652788,0.03384976153801311,Feynman33,omega_0,0.04483843016027106
1.0,1.0,1.0,1.0,1.0,3.379128221733442,0.03859024969589895,0.043926037145486097,Feynman33,omega_0,0.03968522361515407
1.0,1.0,1.0,1.0,1.0,3.538754493181144,0.03154814407480775,0.03256650127350639,Feynman33,omega_0,0.032544761876353044
1.0,1.0,1.0,1.0,1.0,4.29455748397206,0.013766866289669192,0.010813866405773554,Feynman33,omega_0,0.01344829011122963
1.0,1.0,1.0,1.0,1.0,4.161669838733102,0.015728059125803644,0.016228343269687345,Feynman33,omega_0,0.015409359120757445
1.0,1.0,1.0,1.0,1.0,4.040401751749406,0.017835954405421673,0.010319889964071353,Feynman33,omega_0,0.017632127783603724
1.0,1.0,1.0,1.0,1.0,4.943814463331622,0.007622986834359018,0.015898091050840953,Feynman33,omega_0,0.008428425370013136
1.0,1.0,1.0,1.0,1.0,4.210846534369128,0.014963491680996652,0.011288972047705252,Feynman33,omega_0,0.014629723707053774
1.0,1.0,1.0,1.0,1.0,3.8661918759303324,0.021532756499074192,0.02238815029887134,Feynman33,omega_0,0.021672539441966353
1.0,1.0,1.0,1.0,1.0,4.252446127318976,0.014353082212573276,0.018872570087989187,Feynman33,omega_0,0.014020566478229468
1.0,1.0,1.0,1.0,1.0,4.517504472543744,0.011120745575485664,0.011379778555767323,Feynman33,omega_0,0.011060662871914267
1.0,1.0,1.0,1.0,1.0,3.189124525260728,0.04980823308141969,0.04809576253496095,Feynman33,omega_0,0.050009425011534756
1.0,1.0,1.0,1.0,1.0,4.317440207292278,0.013460995252528895,0.013452396625995997,Feynman33,omega_0,0.013155154410856061
1.0,1.0,1.0,1.0,1.0,3.144961301169431,0.05299180670462819,0.052611942190685025,Feynman33,omega_0,0.05271606578834081
1.0,1.0,1.0,1.0,1.0,4.781972047102456,0.008759917268857819,0.016208927201382718,Feynman33,omega_0,0.009245878685634153
1.0,1.0,1.0,1.0,1.0,4.300432181131381,0.013687509037405366,0.016917219797417657,Feynman33,omega_0,0.013371862145846193
1.0,1.0,1.0,1.0,1.0,3.5984812328884574,0.029337331174011282,0.027213948618716552,Feynman33,omega_0,0.030202829795349887
1.0,1.0,1.0,1.0,1.0,4.330902432514435,0.0132850538107329,0.01311701469705325,Feynman33,omega_0,0.012988349345824999
1.0,1.0,1.0,1.0,1.0,4.231011340112103,0.014663590425526108,0.014648936858018585,Feynman33,omega_0,0.01432884841200913
1.0,1.0,1.0,1.0,1.0,3.6506855825854343,0.027563744708904315,0.03217548139813627,Feynman33,omega_0,0.028294036184359966
1.0,1.0,1.0,1.0,1.0,4.108345137568358,0.01661382666830281,0.022978070549010344,Feynman33,omega_0,0.01633205974736871
1.0,1.0,1.0,1.0,1.0,3.183713121660524,0.05018496752647515,0.04516344575955014,Feynman33,omega_0,0.050334620565984485
1.0,1.0,1.0,1.0,1.0,3.1796398098932883,0.05047094452394528,0.04818703487679258,Feynman33,omega_0,0.05058058574553855
1.0,1.0,1.0,1.0,1.0,4.624678877325202,0.010077529302076308,0.004958238095490735,Feynman33,omega_0,0.01022340725028942
1.0,1.0,1.0,1.0,1.0,3.362055851788471,0.039457161587120586,0.036422436393888966,Feynman33,omega_0,0.0405288513725388
1.0,1.0,1.0,1.0,1.0,4.34137129536768,0.013150237549921192,0.023694835987853338,Feynman33,omega_0,0.012861461388587864
1.0,1.0,1.0,1.0,1.0,3.9829976052730975,0.018958389559265102,0.011268382649270041,Feynman33,omega_0,0.01884640088995937
1.0,1.0,1.0,1.0,1.0,4.739526593485121,0.009092916694127108,0.00969989322227992,Feynman33,omega_0,0.009486296660549192
1.0,1.0,1.0,1.0,1.0,4.236290290055539,0.01458633685428636,0.02672345985875591,Feynman33,omega_0,0.014251833055573019
1.0,1.0,1.0,1.0,1.0,4.962802081292556,0.007502103573737863,0.003815759650475452,Feynman33,omega_0,0.00833852335413445
1.0,1.0,1.0,1.0,1.0,4.704599729668734,0.009378981384786664,0.006919632723941367,Feynman33,omega_0,0.009695869541703869
1.0,1.0,1.0,1.0,1.0,4.987609061441112,0.007347787483791715,0.008240698175615263,Feynman33,omega_0,0.008221713144313183
1.0,1.0,1.0,1.0,1.0,4.802717273283211,0.008602758129691386,0.006227304305799189,Feynman33,omega_0,0.009133347917959354
1.0,1.0,1.0,1.0,1.0,4.592475663853368,0.010377499804287977,0.013313535332712133,Feynman33,omega_0,0.01045783043739029
1.0,1.0,1.0,1.0,1.0,4.764680181114504,0.008893690209274158,0.008011258878713326,Feynman33,omega_0,0.009342079541021312
1.0,1.0,1.0,1.0,1.0,4.0029411982678536,0.018558554900680785,0.019513803751017352,Feynman33,omega_0,0.018412060296881777
1.0,1.0,1.0,1.0,1.0,3.5260951422641735,0.032043640006842594,0.03535620621701992,Feynman33,omega_0,0.03306345560453313
1.0,1.0,1.0,1.0,1.0,4.058312439287674,0.017503044813979848,0.020424959591061755,Feynman33,omega_0,0.017275362977245603
1.0,1.0,1.0,1.0,1.0,4.97317967762777,0.0074370558128319594,0.004305233524315829,Feynman33,omega_0,0.00828959346879427
1.0,1.0,1.0,1.0,1.0,4.250892872804588,0.014375301977143458,0.01314569602552212,Feynman33,omega_0,0.014042513075559301
1.0,1.0,1.0,1.0,1.0,3.454582007075765,0.03503640997095978,0.027643319218925218,Feynman33,omega_0,0.036144994056526124
1.0,1.0,1.0,1.0,1.0,4.740868209798865,0.009082149331188817,0.008576742744090374,Feynman33,omega_0,0.00947846915583233
1.0,1.0,1.0,1.0,1.0,3.9503038028232336,0.019637736389348053,0.020766259441268732,Feynman33,omega_0,0.019588022183707813
1.0,1.0,1.0,1.0,1.0,3.5330343669095705,0.031770819834125386,0.042081177275809914,Feynman33,omega_0,0.032778152579892084
1.0,1.0,1.0,1.0,1.0,4.527850451484063,0.011014269666253922,0.011661045574170293,Feynman33,omega_0,0.010972359137708677
1.0,1.0,1.0,1.0,1.0,3.859850165983823,0.02168484337684053,0.01533332744997,Feynman33,omega_0,0.021840407694314324
1.0,1.0,1.0,1.0,1.0,3.230521853656282,0.04704221455907403,0.04778889092697137,Feynman33,omega_0,0.04758038368536116
1.0,1.0,1.0,1.0,1.0,3.8210525466612033,0.02264553200201818,0.020427404510424883,Feynman33,omega_0,0.02290134983188774
1.0,1.0,1.0,1.0,1.0,4.34852777647244,0.013059071104352367,0.01235543898949338,Feynman33,omega_0,0.012776122763648283
1.0,1.0,1.0,1.0,1.0,4.3913118858964495,0.012530379734921543,0.012948721067462598,Feynman33,omega_0,0.012288953938194146
1.0,1.0,1.0,1.0,1.0,3.801698516467658,0.023144938535830214,0.03157810320524554,Feynman33,omega_0,0.02345282156467245
1.0,1.0,1.0,1.0,1.0,4.52624679292233,0.011030689227534607,0.009033702251184272,Feynman33,omega_0,0.01098593405922189
1.0,1.0,1.0,1.0,1.0,3.8602017372018116,0.021676376437322956,0.018519778738688042,Feynman33,omega_0,0.021831061065295424
1.0,1.0,1.0,1.0,1.0,4.16184935698713,0.01572517937871036,0.014541617931482762,Feynman33,omega_0,0.015406391323568693
1.0,1.0,1.0,1.0,1.0,3.1670254443314114,0.05136984831621405,0.048449063095541776,Feynman33,omega_0,0.051348762898536335
1.0,1.0,1.0,1.0,1.0,4.544869674748147,0.010841899488775831,0.00571303204517098,Feynman33,omega_0,0.010830784940773377
1.0,1.0,1.0,1.0,1.0,3.871604470939741,0.021404018953725342,0.027547739744084167,Feynman33,omega_0,0.02153048059776591
1.0,1.0,1.0,1.0,1.0,4.825908612117947,0.0084312523815521,0.013313495103137903,Feynman33,omega_0,0.009010920147883942
1.0,1.0,1.0,1.0,1.0,3.5691796061974586,0.030396474675120556,0.03148693240028141,Feynman33,omega_0,0.031330279554154405
1.0,1.0,1.0,1.0,1.0,4.108529221481084,0.016610661836503043,0.025377078048981788,Feynman33,omega_0,0.01632873049184964
1.0,1.0,1.0,1.0,1.0,3.43562028948172,0.03588894733578029,0.0441890450131092,Feynman33,omega_0,0.0370062125281315
1.0,1.0,1.0,1.0,1.0,4.509139645799885,0.011207783800074218,0.012903164954703604,Feynman33,omega_0,0.01113332748067408
1.0,1.0,1.0,1.0,1.0,4.9756317576426214,0.007421789862100059,0.013416501297460675,Feynman33,omega_0,0.00827804763595329
1.0,1.0,1.0,1.0,1.0,4.076646824896668,0.017170360596701007,0.0031862438172550814,Feynman33,omega_0,0.016920696737180087
1.0,1.0,1.0,1.0,1.0,3.338254199245859,0.04070756937732633,0.034053975618520825,Feynman33,omega_0,0.04173188097002727
1.0,1.0,1.0,1.0,1.0,3.7573093905682557,0.024344161267064998,0.024715861066031432,Feynman33,omega_0,0.02477514521382136
1.0,1.0,1.0,1.0,1.0,3.9220848380261137,0.020249055821675497,0.017164406213756776,Feynman33,omega_0,0.020258483320551933
1.0,1.0,1.0,1.0,1.0,3.5336732943489277,0.031745848549427316,0.03305970401784384,Feynman33,omega_0,0.03275200317554205
1.0,1.0,1.0,1.0,1.0,4.773189261254633,0.008827542956361501,0.011451174579057326,Feynman33,omega_0,0.009294455100569424
1.0,1.0,1.0,1.0,1.0,3.7359975122817506,0.024947916499201524,0.026259709452864922,Feynman33,omega_0,0.025439137807505008
1.0,1.0,1.0,1.0,1.0,3.976281839366787,0.019095479219895524,0.019322911616679105,Feynman33,omega_0,0.01899571333543116
1.0,1.0,1.0,1.0,1.0,4.038149542843115,0.017878381798415326,0.026549254272094806,Feynman33,omega_0,0.017677719713099692
1.0,1.0,1.0,1.0,1.0,4.189151769533846,0.015294859381207407,0.011021022311239788,Feynman33,omega_0,0.014965505463988156
1.0,1.0,1.0,1.0,1.0,4.61285035100337,0.010186423710481474,0.006150883585450726,Feynman33,omega_0,0.010307929915093689
1.0,1.0,1.0,1.0,1.0,3.382452326034006,0.038424282853749214,0.03827085086631038,Feynman33,omega_0,0.03952281982695189
1.0,1.0,1.0,1.0,1.0,3.842839895846872,0.022099557762006044,0.020926409560822243,Feynman33,omega_0,0.022298329853185233
1.0,1.0,1.0,1.0,1.0,3.2408395505413594,0.04638348798931193,0.051021253328239036,Feynman33,omega_0,0.04699097486027349
1.0,1.0,1.0,1.0,1.0,4.035883812100412,0.017921192854959373,0.011462514861766675,Feynman33,omega_0,0.01772375120048889
1.0,1.0,1.0,1.0,1.0,3.335978266565604,0.04082975934445061,0.04863208554802921,Feynman33,omega_0,0.041848569558360776
1.0,1.0,1.0,1.0,1.0,4.248743495019665,0.01440612121439465,0.024428188238473807,Feynman33,omega_0,0.0140729829905747
1.0,1.0,1.0,1.0,1.0,3.568055472652506,0.03043806706169819,0.028722604608381132,Feynman33,omega_0,0.03137435209896634
1.0,1.0,1.0,1.0,1.0,4.040022556025134,0.017843088815759963,0.017060033038964768,Feynman33,omega_0,0.017639792431350512
1.0,1.0,1.0,1.0,1.0,4.786511033774737,0.008725223989946034,0.004179334922946964,Feynman33,omega_0,0.009220997644143716
1.0,1.0,1.0,1.0,1.0,3.09185562748078,0.057172158561305426,0.055442285339190996,Feynman33,omega_0,0.056132414744926834
1.0,1.0,1.0,1.0,1.0,4.964803203310497,0.007489504723387653,0.006463314369032436,Feynman33,omega_0,0.008329078819832726
1.0,1.0,1.0,1.0,1.0,3.8638427813276497,0.021588934445406327,0.016154888526729888,Feynman33,omega_0,0.021734541594573335
1.0,1.0,1.0,1.0,1.0,4.063880785695834,0.01740114946238086,0.02194006177181672,Feynman33,omega_0,0.017166529177401912
1.0,1.0,1.0,1.0,1.0,4.751639952326006,0.008996279120384353,0.018670364442744117,Feynman33,omega_0,0.009416185250900646
1.0,1.0,1.0,1.0,1.0,4.513986886821343,0.011157242652570166,0.00849891091376894,Feynman33,omega_0,0.011091080170061135
1.0,1.0,1.0,1.0,1.0,3.3885155080026865,0.03812388964431505,0.040208591075191084,Feynman33,omega_0,0.03922814430786361
1.0,1.0,1.0,1.0,1.0,3.5158354504525877,0.03245248271511324,0.037037651569963734,Feynman33,omega_0,0.03348966182325429
1.0,1.0,1.0,1.0,1.0,3.0857821168413357,0.05767668933143843,0.06130719082738361,Feynman33,omega_0,0.05653458707027578
1.0,1.0,1.0,1.0,1.0,4.1441755521060335,0.016011922309442615,0.012546493563541492,Feynman33,omega_0,0.015702970551006303
1.0,1.0,1.0,1.0,1.0,3.7408589339957388,0.024808538235857214,0.02468833867527503,Feynman33,omega_0,0.025285984615929954
1.0,1.0,1.0,1.0,1.0,3.976201782878155,0.019097120976824578,0.01899329839112361,Feynman33,omega_0,0.01899750260147163
1.0,1.0,1.0,1.0,1.0,4.309169249904375,0.013570551844238806,0.009428230152753781,Feynman33,omega_0,0.013259697787409527
1.0,1.0,1.0,1.0,1.0,3.0200396864001524,0.06351965412162273,0.06139970985456546,Feynman33,omega_0,0.061041683379825414
1.0,1.0,1.0,1.0,1.0,4.419439801848279,0.012197473720317976,0.0084476297689655,Feynman33,omega_0,0.011989283179216995
1.0,1.0,1.0,1.0,1.0,3.1232912879089065,0.054648899522837045,0.06031098552433832,Feynman33,omega_0,0.054088552981211416
1.0,1.0,1.0,1.0,1.0,4.7199215955706535,0.009252112072447883,0.014515673905167444,Feynman33,omega_0,0.009602523439612218
1.0,1.0,1.0,1.0,1.0,3.0875706861180197,0.05752752339915782,0.059253987273105914,Feynman33,omega_0,0.056415905840979656
1.0,1.0,1.0,1.0,1.0,3.8244829153185753,0.022558444995898496,0.026954480457955197,Feynman33,omega_0,0.022805164223529704
1.0,1.0,1.0,1.0,1.0,4.871155539333992,0.00810886733238541,0.00688774662223096,Feynman33,omega_0,0.00878075662789349
1.0,1.0,1.0,1.0,1.0,4.565746810715378,0.010635078801389607,0.012282235705800877,Feynman33,omega_0,0.010663166395779139
1.0,1.0,1.0,1.0,1.0,3.071113701500188,0.058918850063056555,0.06851665708250788,Feynman33,omega_0,0.057515715899014185
1.0,1.0,1.0,1.0,1.0,4.567940039626423,0.010613641521829672,0.012909476465252286,Feynman33,omega_0,0.01064593276410363
1.0,1.0,1.0,1.0,1.0,3.428660720979547,0.03620846305841969,0.030930171253035724,Feynman33,omega_0,0.03732704889800539
1.0,1.0,1.0,1.0,1.0,4.914734278793178,0.007812923189978484,0.005860525045116624,Feynman33,omega_0,0.008567515349664294
1.0,1.0,1.0,1.0,1.0,3.8681253546978454,0.02148665675671156,0.019867778336288465,Feynman33,omega_0,0.021621665222613547
1.0,1.0,1.0,1.0,1.0,3.4260748900971274,0.03632810026079477,0.031984421948559084,Feynman33,omega_0,0.037446908437409214
1.0,1.0,1.0,1.0,1.0,4.766681193111395,0.008878078836024695,0.006476069511955182,Feynman33,omega_0,0.009330829238036529
1.0,1.0,1.0,1.0,1.0,4.629382808539511,0.01003463289092229,0.011867149062642066,Feynman33,omega_0,0.010190289253838901
1.0,1.0,1.0,1.0,1.0,3.0671602299689553,0.05925946998267555,0.06298835801867814,Feynman33,omega_0,0.057782539779002065
1.0,1.0,1.0,1.0,1.0,4.378070634567797,0.012691067469136504,0.020383262623971898,Feynman33,omega_0,0.012435594343430714
1.0,1.0,1.0,1.0,1.0,4.262653572645652,0.014208136422100687,0.019752980110271132,Feynman33,omega_0,0.013877846771267159
1.0,1.0,1.0,1.0,1.0,3.2823831731021738,0.0438470568890489,0.04297629825655291,Feynman33,omega_0,0.04468121177475941
1.0,1.0,1.0,1.0,1.0,4.323904015581345,0.013376152977675238,0.008600719387095113,Feynman33,omega_0,0.013074548955767323
1.0,1.0,1.0,1.0,1.0,4.448276740214563,0.011867686511975723,0.010718491704037554,Feynman33,omega_0,0.011698114620957354
1.0,1.0,1.0,1.0,1.0,3.3804618569159635,0.038523554264048174,0.03621414481791988,Feynman33,omega_0,0.039619994593999314
1.0,1.0,1.0,1.0,1.0,3.923198892314358,0.02022446844804969,0.01759576285191744,Feynman33,omega_0,0.02023147099654592
1.0,1.0,1.0,1.0,1.0,4.320999716963477,0.013414190217574977,0.023996652186335343,Feynman33,omega_0,0.01311064808891161
1.0,1.0,1.0,1.0,1.0,3.7668805422497744,0.02407904472934869,0.019638455471181558,Feynman33,omega_0,0.02448315271861248
1.0,1.0,1.0,1.0,1.0,3.592965842367474,0.029533069441805174,0.03024016272950741,Feynman33,omega_0,0.030411925120844924
1.0,1.0,1.0,1.0,1.0,3.7721449757261385,0.02393478185471532,0.01913598822131182,Feynman33,omega_0,0.024324171663609024
1.0,1.0,1.0,1.0,1.0,4.462813427999118,0.01170570801314874,0.018599638504401318,Feynman33,omega_0,0.011557246306215943
1.0,1.0,1.0,1.0,1.0,3.167662060064999,0.051323996153432534,0.05485486148637566,Feynman33,omega_0,0.05130976006306959
1.0,1.0,1.0,1.0,1.0,4.839931681834029,0.008329637100532005,0.005533347495262363,Feynman33,omega_0,0.00893844898530005
1.0,1.0,1.0,1.0,1.0,3.2075305528545823,0.048553507263751454,0.05016713312487804,Feynman33,omega_0,0.048916662868557975
1.0,1.0,1.0,1.0,1.0,4.878069373935041,0.008060983773213395,0.019501352340367206,Feynman33,omega_0,0.008746447323038314
1.0,1.0,1.0,1.0,1.0,4.711900980898,0.009318253139408816,0.005178087323696277,Feynman33,omega_0,0.009651103875808411
1.0,1.0,1.0,1.0,1.0,3.780381537841519,0.02371126347030991,0.019291566850782326,Feynman33,omega_0,0.02407773289431268
1.0,1.0,1.0,1.0,1.0,3.531993106124142,0.03181156904616755,0.03534781481601657,Feynman33,omega_0,0.03282081152468579
1.0,1.0,1.0,1.0,1.0,4.844211004648118,0.008298935680421627,0.0024968003845576743,Feynman33,omega_0,0.00891654890221811
1.0,1.0,1.0,1.0,1.0,3.9026177906068686,0.0206848716297909,0.02556826228871401,Feynman33,omega_0,0.02073781333309346
1.0,1.0,1.0,1.0,1.0,3.944193460695428,0.019768103673551946,0.014594910177901543,Feynman33,omega_0,0.019730784853723975
1.0,1.0,1.0,1.0,1.0,3.560751099392083,0.03071009292954368,0.0341269226873479,Feynman33,omega_0,0.0316622127781044
1.0,1.0,1.0,1.0,1.0,3.3770255127890243,0.03869570531951825,0.035018517966227014,Feynman33,omega_0,0.03978826585691177
1.0,1.0,1.0,1.0,1.0,3.033725066010852,0.062243146474999664,0.06452608369404768,Feynman33,omega_0,0.06008001635199247
1.0,1.0,1.0,1.0,1.0,3.777462504633959,0.02379017437884391,0.024550739743578496,Feynman33,omega_0,0.024164750841633477
1.0,1.0,1.0,1.0,1.0,3.588567560366018,0.029690351532929177,0.028785109945760116,Feynman33,omega_0,0.03057970251488639
1.0,1.0,1.0,1.0,1.0,3.6967952498248033,0.02610894984342337,0.02573151932916364,Feynman33,omega_0,0.02671126544319772
1.0,1.0,1.0,1.0,1.0,4.941292475333107,0.007639227023379704,0.005903631900314916,Feynman33,omega_0,0.00844041272451783
1.0,1.0,1.0,1.0,1.0,4.521569577181529,0.011078755156267496,0.001698225551245009,Feynman33,omega_0,0.011025761464022121
1.0,1.0,1.0,1.0,1.0,4.706603580540159,0.009362264754722035,0.004079728863468587,Feynman33,omega_0,0.009683531207321145
1.0,1.0,1.0,1.0,1.0,3.9991746733671554,0.018633243799313352,0.019952687677196258,Feynman33,omega_0,0.018493058040513512
1.0,1.0,1.0,1.0,1.0,4.566160200879636,0.010631034025364703,0.007982885054414782,Feynman33,omega_0,0.010659912748694343
1.0,1.0,1.0,1.0,1.0,3.4155255001371057,0.03682142244694915,0.032252334146252525,Feynman33,omega_0,0.03793957780317573
1.0,1.0,1.0,1.0,1.0,4.511439023095642,0.011183772733658868,0.007126947605583104,Feynman33,omega_0,0.011113238497844657
1.0,1.0,1.0,1.0,1.0,4.927416461737908,0.007729364944538608,-0.0003311466911196173,Feynman33,omega_0,0.008506606810302174
1.0,1.0,1.0,1.0,1.0,4.591729419837917,0.010384583656612491,0.014387066751841022,Feynman33,omega_0,0.01046342714530801
1.0,1.0,1.0,1.0,1.0,3.5038694377911948,0.03293773008303598,0.026879916884773366,Feynman33,omega_0,0.033993402371089367
1.0,1.0,1.0,1.0,1.0,3.201860814377756,0.048935672314359475,0.04859330238729294,Feynman33,omega_0,0.049251084272706615
1.0,1.0,1.0,1.0,1.0,3.5138128785317164,0.03253386146315381,0.03754401837472949,Feynman33,omega_0,0.03357430296062281
1.0,1.0,1.0,1.0,1.0,3.162925268144863,0.05166641780212516,0.048691524275232545,Feynman33,omega_0,0.05160056384845189
1.0,1.0,1.0,1.0,1.0,4.402195623570603,0.01240022120822202,0.019265516770523655,Feynman33,omega_0,0.012171117176660036
1.0,1.0,1.0,1.0,1.0,4.696390630827502,0.009447858077594344,0.017792848731017254,Feynman33,omega_0,0.009746835570116021
1.0,1.0,1.0,1.0,1.0,3.8763452548062594,0.021292060272341085,0.02957024269974539,Feynman33,omega_0,0.021406969090698884
1.0,1.0,1.0,1.0,1.0,4.400132106327244,0.012424767147126484,0.013194649761489971,Feynman33,omega_0,0.01219327402092812
1.0,1.0,1.0,1.0,1.0,4.760908377388782,0.008923211076888631,0.005089006541969936,Feynman33,omega_0,0.009363372293642971
1.0,1.0,1.0,1.0,1.0,4.053001149817297,0.017600940688358546,0.01863534225264008,Feynman33,omega_0,0.01738008899462356
1.0,1.0,1.0,1.0,1.0,4.919535784766768,0.007781154543115515,0.00010692281872301708,Feynman33,omega_0,0.00854440459878093
1.0,1.0,1.0,1.0,1.0,3.892398247989929,0.020918417458980012,0.025095829140173047,Feynman33,omega_0,0.0209950370507453
1.0,1.0,1.0,1.0,1.0,3.046587465072901,0.061073122639637815,0.06599656509574672,Feynman33,omega_0,0.059187489994516465
1.0,1.0,1.0,1.0,1.0,3.118972198559871,0.05498704363964297,0.05344553740125769,Feynman33,omega_0,0.054365643007603395
1.0,1.0,1.0,1.0,1.0,3.4986725939521253,0.03315134311547335,0.039014154850212576,Feynman33,omega_0,0.03421442124734579
1.0,1.0,1.0,1.0,1.0,3.732484730053593,0.02504924723925782,0.023461427171417623,Feynman33,omega_0,0.025550429785346964
1.0,1.0,1.0,1.0,1.0,4.676366094089247,0.009618565584177218,0.011270247763029139,Feynman33,omega_0,0.00987408606560314
1.0,1.0,1.0,1.0,1.0,4.948726966780983,0.007591477785664349,0.006371802544187457,Feynman33,omega_0,0.008405109639006012
1.0,1.0,1.0,1.0,1.0,3.994266424628381,0.018731144543397908,0.01635378503779147,Feynman33,omega_0,0.018599326130734756
1.0,1.0,1.0,1.0,1.0,3.212823383102628,0.048200173405174504,0.050209174735806654,Feynman33,omega_0,0.048606224695036934
1.0,1.0,1.0,1.0,1.0,3.9796328653880515,0.019026918077896714,0.02762933816985504,Feynman33,omega_0,0.01892101578977617
1.0,1.0,1.0,1.0,1.0,3.188073385410048,0.04988112916152133,0.045609489350010635,Feynman33,omega_0,0.050072452772246825
1.0,1.0,1.0,1.0,1.0,3.1404457765022205,0.053331763619568054,0.047685901325576034,Feynman33,omega_0,0.05299962848150594
1.0,1.0,1.0,1.0,1.0,4.538337725471038,0.010907649470093235,0.0116194240825878,Feynman33,omega_0,0.010884586709317506
1.0,1.0,1.0,1.0,1.0,4.377983099973538,0.012692138368216623,0.012552986805149359,Feynman33,omega_0,0.012436575881693068
1.0,1.0,1.0,1.0,1.0,3.372094116851766,0.03894446767004216,0.04733277300879398,Feynman33,omega_0,0.04003087530126118
1.0,1.0,1.0,1.0,1.0,3.130491922900525,0.05409103241311098,0.05510984777592216,Feynman33,omega_0,0.053629218751446245
1.0,1.0,1.0,1.0,1.0,4.715189352800034,0.009291064068110267,0.007466410985557801,Feynman33,omega_0,0.009631111860843342
1.0,1.0,1.0,1.0,1.0,3.9036088716771893,0.020662398621092717,0.020309332650112397,Feynman33,omega_0,0.020713073965126377
1.0,1.0,1.0,1.0,1.0,3.8963058108214743,0.020828726066886107,0.019773698100863466,Feynman33,omega_0,0.0208962263648486
1.0,1.0,1.0,1.0,1.0,3.766287592716751,0.024095362492591577,0.028192897062075162,Feynman33,omega_0,0.024501131292402754
1.0,1.0,1.0,1.0,1.0,4.150416042538367,0.015909926177222023,0.014225461033895092,Feynman33,omega_0,0.015597231728724351
1.0,1.0,1.0,1.0,1.0,3.5166835832809697,0.032418434803926414,0.032000411646841094,Feynman33,omega_0,0.033454229809040746
1.0,1.0,1.0,1.0,1.0,4.004540525682421,0.018526955399486282,0.007266579196299678,Feynman33,omega_0,0.018377811563557264
1.0,1.0,1.0,1.0,1.0,4.8819250929308105,0.008034434764071365,0.00773714172680545,Feynman33,omega_0,0.008727399640622255
1.0,1.0,1.0,1.0,1.0,3.6779317617964726,0.026692043999101682,0.02977028096619814,Feynman33,omega_0,0.027347309160154064
1.0,1.0,1.0,1.0,1.0,4.68728081590545,0.009525040620758166,0.005467895741006403,Feynman33,omega_0,0.009804201257105492
1.0,1.0,1.0,1.0,1.0,3.218695514691337,0.04781199176996657,0.04438967363711264,Feynman33,omega_0,0.04826378226446986
1.0,1.0,1.0,1.0,1.0,4.7920510576992,0.008683113816851693,0.012620814223373505,Feynman33,omega_0,0.009190829751836205
1.0,1.0,1.0,1.0,1.0,3.680780043346984,0.02660294880829389,0.026679858558180274,Feynman33,omega_0,0.027250259928332406
1.0,1.0,1.0,1.0,1.0,3.057781965836905,0.060077586911646344,0.05775753488079532,Feynman33,omega_0,0.0584195625345231
1.0,1.0,1.0,1.0,1.0,4.413714267316999,0.012264323975493705,0.018145132821001914,Feynman33,omega_0,0.012049003613777034
1.0,1.0,1.0,1.0,1.0,4.179338387201762,0.015447796138301533,0.018864698154440352,Feynman33,omega_0,0.015121594655125484
1.0,1.0,1.0,1.0,1.0,4.216343462364671,0.014880975863098665,0.009579754838458923,Feynman33,omega_0,0.014546645020670244
1.0,1.0,1.0,1.0,1.0,4.751181939107682,0.008999909416822495,0.014880242869356124,Feynman33,omega_0,0.009418813497368034
1.0,1.0,1.0,1.0,1.0,4.476969525853496,0.011550643812637965,0.00735159368259161,Feynman33,omega_0,0.01142374194200577
1.0,1.0,1.0,1.0,1.0,3.6900564118054984,0.026315383382035526,0.026848943553103192,Feynman33,omega_0,0.026936682087251224
1.0,1.0,1.0,1.0,1.0,3.529524319222528,0.0319084493625973,0.030911945289789827,Feynman33,omega_0,0.03292216847195182
1.0,1.0,1.0,1.0,1.0,3.2124652072036604,0.04822398061146198,0.04775554103892329,Feynman33,omega_0,0.04862717937863873
1.0,1.0,1.0,1.0,1.0,4.064059151606017,0.01739789796005533,0.02092438895221267,Feynman33,omega_0,0.017163059192886534
1.0,1.0,1.0,1.0,1.0,4.90086975996899,0.007905578393205577,0.005127932603444853,Feynman33,omega_0,0.008634633286669937
1.0,1.0,1.0,1.0,1.0,4.5202841538550755,0.01109201124228561,0.0111102807076311,Feynman33,omega_0,0.011036768709626296
1.0,1.0,1.0,1.0,1.0,3.4737685964263827,0.03419978941894099,0.04437666657615458,Feynman33,omega_0,0.03529261281711802
1.0,1.0,1.0,1.0,1.0,3.283487571078382,0.043782069184102906,0.04307928411382706,Feynman33,omega_0,0.0446211821787338
1.0,1.0,1.0,1.0,1.0,3.8844283811300984,0.021102873565632906,0.015884378155556468,Feynman33,omega_0,0.02119833943838347
1.0,1.0,1.0,1.0,1.0,4.553063665371515,0.01076012521263412,0.011457341132674926,Feynman33,omega_0,0.010764217260263885
1.0,1.0,1.0,1.0,1.0,4.468320011509903,0.011645079075050453,0.004529691518671687,Feynman33,omega_0,0.011504888739318729
1.0,1.0,1.0,1.0,1.0,3.630585556672051,0.028230067794627226,0.0234301695252605,Feynman33,omega_0,0.029014044090258522
1.0,1.0,1.0,1.0,1.0,4.362557435997209,0.012882651938125354,0.01242714138467084,Feynman33,omega_0,0.01261207375025465
1.0,1.0,1.0,1.0,1.0,4.82853060493656,0.008412134356379733,0.01253512379826676,Feynman33,omega_0,0.008997284841316643
1.0,1.0,1.0,1.0,1.0,3.85121255943754,0.021894186366622322,0.020537645206259312,Feynman33,omega_0,0.022071535766030236
1.0,1.0,1.0,1.0,1.0,4.087468296899845,0.01697775115905594,0.03083633955030596,Feynman33,omega_0,0.016716282740025706
1.0,1.0,1.0,1.0,1.0,3.659353154584837,0.027282572812266506,0.020997572392858627,Feynman33,omega_0,0.02798923563049214
1.0,1.0,1.0,1.0,1.0,3.056217229326881,0.06021548805723148,0.05175261619387564,Feynman33,omega_0,0.05852640733355301
1.0,1.0,1.0,1.0,1.0,3.8014870826857416,0.023150470986612028,0.020697360866004908,Feynman33,omega_0,0.023458929183862536
1.0,1.0,1.0,1.0,1.0,4.44337803210465,0.011922908411813198,0.0036564510767649137,Feynman33,omega_0,0.011746465306450436
1.0,1.0,1.0,1.0,1.0,4.725286473079736,0.009208201498628794,0.012913556729474987,Feynman33,omega_0,0.009570368487180155
1.0,1.0,1.0,1.0,1.0,4.033380170553222,0.017968650221541923,0.02290930544266833,Feynman33,omega_0,0.01777481009282272
1.0,1.0,1.0,1.0,1.0,3.8955149926099253,0.02084683857125116,0.016537918290448782,Feynman33,omega_0,0.020916177930992454
1.0,1.0,1.0,1.0,1.0,4.453267949811991,0.011811753589547181,0.01893865111072659,Feynman33,omega_0,0.011649309614493305
1.0,1.0,1.0,1.0,1.0,4.105532825507941,0.01666227183777118,0.018664226507326187,Feynman33,omega_0,0.016383048584430748
1.0,1.0,1.0,1.0,1.0,4.816521246429342,0.008500150257622347,0.0043471337349813175,Feynman33,omega_0,0.009060072671954874
1.0,1.0,1.0,1.0,1.0,4.781758804579122,0.008761551440292094,0.015428306349637506,Feynman33,omega_0,0.009247051298745358
1.0,1.0,1.0,1.0,1.0,3.7034764264122306,0.025906306052611894,0.023756275940286196,Feynman33,omega_0,0.02648974564745741
1.0,1.0,1.0,1.0,1.0,4.6740820328674655,0.009638283382261238,0.01254390528941203,Feynman33,omega_0,0.00988887332405653
1.0,1.0,1.0,1.0,1.0,4.604169443377429,0.010267286788223464,0.004692909178480385,Feynman33,omega_0,0.010371118548584815
1.0,1.0,1.0,1.0,1.0,3.125051636625181,0.05451184178839996,0.05687290151905948,Feynman33,omega_0,0.053975956707634394
1.0,1.0,1.0,1.0,1.0,4.403187720820098,0.01238844181810349,0.016590331763229958,Feynman33,omega_0,0.012160495156162885
1.0,1.0,1.0,1.0,1.0,3.7231506396844454,0.025321048335574085,0.026512781475539853,Feynman33,omega_0,0.025848716351297454
1.0,1.0,1.0,1.0,1.0,3.94136831481521,0.019828750013432695,0.013475314304077533,Feynman33,omega_0,0.019797240296387474
1.0,1.0,1.0,1.0,1.0,3.4289217976100224,0.036196411826555044,0.04202906017314567,Feynman33,omega_0,0.037314967042868886
1.0,1.0,1.0,1.0,1.0,3.6483126411510183,0.027641362150030498,0.02501573712708939,Feynman33,omega_0,0.028378076607464116
1.0,1.0,1.0,1.0,1.0,4.478613930134225,0.01153279974279248,0.015199411844744569,Feynman33,omega_0,0.011408464484090428
1.0,1.0,1.0,1.0,1.0,4.522400642915079,0.011070195331286274,0.013516300771886994,Feynman33,omega_0,0.011018659119173886
1.0,1.0,1.0,1.0,1.0,4.30061316328727,0.013685073463288974,0.020467649583021327,Feynman33,omega_0,0.013369520573239637
1.0,1.0,1.0,1.0,1.0,3.4028006103713158,0.037427869460072906,0.040644533738907355,Feynman33,omega_0,0.03854175291717519
1.0,1.0,1.0,1.0,1.0,3.135667744231985,0.05369451836813127,0.056588187665706634,Feynman33,omega_0,0.053301066762792934
1.0,1.0,1.0,1.0,1.0,4.6288331312628355,0.010039633642721306,0.009548193253464515,Feynman33,omega_0,0.010194144931670033
1.0,1.0,1.0,1.0,1.0,3.7695468143975237,0.024005842725844582,0.028382134745755704,Feynman33,omega_0,0.02440249018182063
1.0,1.0,1.0,1.0,1.0,4.203666488633137,0.0150721464110263,0.013738616447475711,Feynman33,omega_0,0.014739451124455094
1.0,1.0,1.0,1.0,1.0,4.185620670588737,0.015349668413216912,0.012333261536663637,Feynman33,omega_0,0.015021365618477042
1.0,1.0,1.0,1.0,1.0,3.4107950952676758,0.03704539628335153,0.03560208304794871,Feynman33,omega_0,0.038162420026449484
1.0,1.0,1.0,1.0,1.0,3.2390823050225235,0.04649484412002346,0.04351426555254697,Feynman33,omega_0,0.047090912556811824
1.0,1.0,1.0,1.0,1.0,4.008905673746279,0.018441054710294516,0.02312311729491985,Feynman33,omega_0,0.01828477039184045
1.0,1.0,1.0,1.0,1.0,4.033263749036503,0.01797086089747743,0.017137803960150928,Feynman33,omega_0,0.017777189337846954
1.0,1.0,1.0,1.0,1.0,3.543991469737818,0.03134601181652024,0.03658072203203165,Feynman33,omega_0,0.03233249689210489
1.0,1.0,1.0,1.0,1.0,4.638656984214415,0.009950731870970373,-0.0012159564820324095,Feynman33,omega_0,0.010125800364067614
1.0,1.0,1.0,1.0,1.0,4.856717827131827,0.008210021183165309,0.015292944410037989,Feynman33,omega_0,0.008853084510620552
1.0,1.0,1.0,1.0,1.0,4.286393193619193,0.013878120054961585,0.010379153769347072,Feynman33,omega_0,0.013555868282349077
1.0,1.0,1.0,1.0,1.0,4.525458645592767,0.011038770244656309,0.011435050130951344,Feynman33,omega_0,0.010992620735739459
1.0,1.0,1.0,1.0,1.0,4.237268300371158,0.01457208091503634,0.020809541816082328,Feynman33,omega_0,0.014237643583860787
1.0,1.0,1.0,1.0,1.0,4.233081087455494,0.014633239699351508,0.023457739146377353,Feynman33,omega_0,0.014298566816561102
1.0,1.0,1.0,1.0,1.0,4.154024399219944,0.015851325044177467,0.017223630543585805,Feynman33,omega_0,0.015536600811206454
1.0,1.0,1.0,1.0,1.0,3.171418407686695,0.05105450531212745,0.05030298018929874,Feynman33,omega_0,0.05108013301979679
1.0,1.0,1.0,1.0,1.0,4.383092539760311,0.01262982005267514,0.007399939490339304,Feynman33,omega_0,0.01237955105042917
1.0,1.0,1.0,1.0,1.0,3.3116684371168414,0.042164485890819746,0.046654519617479566,Feynman33,omega_0,0.043113144164214225
1.0,1.0,1.0,1.0,1.0,3.711102530486919,0.025677433449040436,0.02504317981653425,Feynman33,omega_0,0.026239278043908323
1.0,1.0,1.0,1.0,1.0,4.575277784861136,0.010542315447777392,0.012623223711947705,Feynman33,omega_0,0.010588782215271186
1.0,1.0,1.0,1.0,1.0,3.346526654821572,0.04026733901644859,0.04264106922727752,Feynman33,omega_0,0.04131018599788031
1.0,1.0,1.0,1.0,1.0,3.6334236143919347,0.028134755318637614,0.029372724976577586,Feynman33,omega_0,0.02891125769814083
1.0,1.0,1.0,1.0,1.0,4.807055428782043,0.008570344243767928,0.011402682325396391,Feynman33,omega_0,0.009110187543788709
1.0,1.0,1.0,1.0,1.0,3.8708981319348412,0.021420763676281998,0.02781372925054664,Feynman33,omega_0,0.021548955863472462
1.0,1.0,1.0,1.0,1.0,4.4148203559715835,0.012251373504473485,0.00917714284695185,Feynman33,omega_0,0.012037416249814603
1.0,1.0,1.0,1.0,1.0,3.4260184702199616,0.03633071620564684,0.03641079428112698,Feynman33,omega_0,0.03744952758544003
1.0,1.0,1.0,1.0,1.0,4.648789845310198,0.009860071690315494,0.009026793441904235,Feynman33,omega_0,0.010056536374905316
1.0,1.0,1.0,1.0,1.0,3.5063645742179435,0.03283579035070913,0.032616979881172084,Feynman33,omega_0,0.03388776952891894
1.0,1.0,1.0,1.0,1.0,4.2378454721894006,0.014563676049145945,0.005009448556273718,Feynman33,omega_0,0.014229281214287225
1.0,1.0,1.0,1.0,1.0,3.828852692482048,0.022448122784805236,0.024734803114339867,Feynman33,omega_0,0.022683312791711263
1.0,1.0,1.0,1.0,1.0,3.698803160731736,0.026047838146775627,0.030500611007693513,Feynman33,omega_0,0.0266444860332093
1.0,1.0,1.0,1.0,1.0,3.045353172661603,0.06118417463881415,0.06465351617869489,Feynman33,omega_0,0.05927266463236668
1.0,1.0,1.0,1.0,1.0,4.021868437728937,0.018188917039766474,0.019768901988976233,Feynman33,omega_0,0.01801221352782413
1.0,1.0,1.0,1.0,1.0,3.8781377581742422,0.021249921697893005,0.01668760169263465,Feynman33,omega_0,0.021360490879227756
1.0,1.0,1.0,1.0,1.0,3.0722942926024013,0.05881761851713217,0.061157458971627124,Feynman33,omega_0,0.05743623359465252
1.0,1.0,1.0,1.0,1.0,4.886392355471513,0.008003812569655953,0.008026802595611445,Feynman33,omega_0,0.008705404678692425
1.0,1.0,1.0,1.0,1.0,4.263439303960857,0.014197055870562058,0.018301311127823537,Feynman33,omega_0,0.013866968464506397
1.0,1.0,1.0,1.0,1.0,4.871891107481155,0.00810375595079912,0.00858649661927886,Feynman33,omega_0,0.008777096767875723
1.0,1.0,1.0,1.0,1.0,3.7327658794372818,0.025041117932449976,0.025908122011675406,Feynman33,omega_0,0.025541503032498344
1.0,1.0,1.0,1.0,1.0,3.711834099987936,0.02565561280578896,0.03034076740660106,Feynman33,omega_0,0.026215383741381666
1.0,1.0,1.0,1.0,1.0,4.9257204054708215,0.007740474176243032,0.0026406743188352984,Feynman33,omega_0,0.00851472815255839
1.0,1.0,1.0,1.0,1.0,4.507506922511655,0.01122487290196717,0.006669207723346372,Feynman33,omega_0,0.011147645156598898
1.0,1.0,1.0,1.0,1.0,3.822710587415382,0.022603386116450172,0.020409424690914765,Feynman33,omega_0,0.022854801034764005
1.0,1.0,1.0,1.0,1.0,3.279514364304802,0.04401644522510001,0.047734272851133165,Feynman33,omega_0,0.04483747585105564
1.0,1.0,1.0,1.0,1.0,4.595697575439923,0.010346985145226117,0.0037850103601911895,Feynman33,omega_0,0.010433754204436312
1.0,1.0,1.0,1.0,1.0,3.2162785473434483,0.04797128306868567,0.0385980483024896,Feynman33,omega_0,0.04840448051580084
1.0,1.0,1.0,1.0,1.0,4.189449099924456,0.015290255578848982,0.017319205424540473,Feynman33,omega_0,0.014960817417761936
1.0,1.0,1.0,1.0,1.0,3.4083276756075835,0.03716291047852227,0.028430824100645225,Feynman33,omega_0,0.03827913158577965
1.0,1.0,1.0,1.0,1.0,3.712817944462101,0.025626304578768036,0.030570024083956673,Feynman33,omega_0,0.026183286323995903
1.0,1.0,1.0,1.0,1.0,3.0916379780286487,0.057190141327845265,0.057337040569899814,Feynman33,omega_0,0.05614678592835374
1.0,1.0,1.0,1.0,1.0,3.6543612332677853,0.02744406152471242,0.026558674132194263,Feynman33,omega_0,0.028164363925225467
1.0,1.0,1.0,1.0,1.0,3.463452810402668,0.034646408316144274,0.037721192765840995,Feynman33,omega_0,0.035748533273944734
1.0,1.0,1.0,1.0,1.0,3.097115188992417,0.05673978547203152,0.059494272791360804,Feynman33,omega_0,0.055786055986323975
1.0,1.0,1.0,1.0,1.0,4.464214499854489,0.011690244115464057,0.013842443376057693,Feynman33,omega_0,0.011543872847832258
1.0,1.0,1.0,1.0,1.0,4.423247956456754,0.012153265108381672,0.01650228628906276,Feynman33,omega_0,0.011949917454164398
1.0,1.0,1.0,1.0,1.0,3.9629011749236085,0.019372381916626075,0.024274748525305465,Feynman33,omega_0,0.01929785382936648
1.0,1.0,1.0,1.0,1.0,3.0684072500428132,0.05915175949552317,0.06217833522208157,Feynman33,omega_0,0.05769826733331839
1.0,1.0,1.0,1.0,1.0,3.2716106181134226,0.044487450162157015,0.048132478648407834,Feynman33,omega_0,0.04527046273790854
1.0,1.0,1.0,1.0,1.0,3.9281275504058257,0.020116144568169344,0.0182139764052117,Feynman33,omega_0,0.02011250599262604
1.0,1.0,1.0,1.0,1.0,4.308625479031502,0.013577793999377159,0.01756492966244946,Feynman33,omega_0,0.013266626513997288
1.0,1.0,1.0,1.0,1.0,3.7726132034731963,0.02392200398546957,0.028342064621954773,Feynman33,omega_0,0.02431008719815243
1.0,1.0,1.0,1.0,1.0,4.112815388788448,0.016537187719641102,0.011865487206764067,Feynman33,omega_0,0.016251500120638484
1.0,1.0,1.0,1.0,1.0,4.461875819657264,0.011716071001948351,0.009992607165179005,Feynman33,omega_0,0.01156621576380894
1.0,1.0,1.0,1.0,1.0,4.13987046831501,0.01608276797261891,0.00967339912225905,Feynman33,omega_0,0.015776569771756576
1.0,1.0,1.0,1.0,1.0,3.4421572379078524,0.03559209157424755,0.03868062040617149,Feynman33,omega_0,0.036707183781172624
1.0,1.0,1.0,1.0,1.0,4.0869367804678935,0.0169871475053081,0.013325006424912474,Feynman33,omega_0,0.016726238499506527
1.0,1.0,1.0,1.0,1.0,4.015100653298381,0.018320008557543982,0.025747348076178615,Feynman33,omega_0,0.01815381854366945
1.0,1.0,1.0,1.0,1.0,3.4126135456689224,0.03695909241483264,0.03850286182216205,Feynman33,omega_0,0.0380766140362384
1.0,1.0,1.0,1.0,1.0,4.515407846664004,0.011142481160795718,0.013894505521300237,Feynman33,omega_0,0.011078768529024827
1.0,1.0,1.0,1.0,1.0,3.1503662775549395,0.05258851125687904,0.045757423906846756,Feynman33,omega_0,0.052378322971240426
1.0,1.0,1.0,1.0,1.0,3.923448110967842,0.020218973323831355,0.021462195177550023,Feynman33,omega_0,0.02022543438897152
1.0,1.0,1.0,1.0,1.0,3.5149703059503645,0.032487260364175055,0.03349828209093951,Feynman33,omega_0,0.03352584157751712
1.0,1.0,1.0,1.0,1.0,3.869995194957659,0.02144219319127252,0.017953510424762013,Feynman33,omega_0,0.021572601053754897
1.0,1.0,1.0,1.0,1.0,4.724067651602106,0.00921815422394894,0.004055682893803428,Feynman33,omega_0,0.009577650052756624
1.0,1.0,1.0,1.0,1.0,4.264694411466429,0.014179378720028378,0.014657121641537704,Feynman33,omega_0,0.01384962350000523
1.0,1.0,1.0,1.0,1.0,4.683957577307602,0.0095533945161067,0.00648876094854455,Feynman33,omega_0,0.009825344402736821
1.0,1.0,1.0,1.0,1.0,4.143713021986823,0.016019514887092138,0.015475326044089481,Feynman33,omega_0,0.015710852246876027
1.0,1.0,1.0,1.0,1.0,3.2827044393431803,0.04382813949005159,0.043656430311845365,Feynman33,omega_0,0.04466374205900422
1.0,1.0,1.0,1.0,1.0,3.522521259780445,0.032185310615854064,0.036323021473248465,Feynman33,omega_0,0.03321132614892874
1.0,1.0,1.0,1.0,1.0,4.249632295646775,0.01439336687174622,0.01166668180620121,Feynman33,omega_0,0.014060369056599718
1.0,1.0,1.0,1.0,1.0,3.7848288960193504,0.023591673641401124,0.023619662043738988,Feynman33,omega_0,0.02394582744280869
1.0,1.0,1.0,1.0,1.0,4.557832009166569,0.010712896320549477,0.016179379561522544,Feynman33,omega_0,0.010725945871128304
1.0,1.0,1.0,1.0,1.0,4.240444543013007,0.014525903804384229,0.0172753775009938,Feynman33,omega_0,0.01419173038314012
1.0,1.0,1.0,1.0,1.0,3.694111102405852,0.026190927424466746,0.02730468298762434,Feynman33,omega_0,0.026800811714600914
1.0,1.0,1.0,1.0,1.0,4.659308699563721,0.009767057505667415,0.007515692212665925,Feynman33,omega_0,0.009985918426964512
1.0,1.0,1.0,1.0,1.0,3.5196485145290604,0.03229976495668488,0.028322914665312227,Feynman33,omega_0,0.033330647693625
1.0,1.0,1.0,1.0,1.0,3.631533616773506,0.028198182918564227,0.02988740166821552,Feynman33,omega_0,0.02897966675550777
1.0,1.0,1.0,1.0,1.0,3.7335987742206354,0.02501705478333839,0.01869988207117789,Feynman33,omega_0,0.02551507765462621
1.0,1.0,1.0,1.0,1.0,3.1087360379150457,0.055799163258503724,0.049767270074873485,Feynman33,omega_0,0.05502706635018107
1.0,1.0,1.0,1.0,1.0,3.034995706202427,0.06212629593256818,0.06399819018192503,Feynman33,omega_0,0.059991359570337875
1.0,1.0,1.0,1.0,1.0,3.7549410198221778,0.024410334437792485,0.03033779905638931,Feynman33,omega_0,0.024847989135104154
1.0,1.0,1.0,1.0,1.0,4.329631389468872,0.01330154073270894,0.010783366320897866,Feynman33,omega_0,0.013003922426454036
1.0,1.0,1.0,1.0,1.0,3.6189102994469007,0.028626503501079554,0.02975519000250576,Feynman33,omega_0,0.029440805387525557
1.0,1.0,1.0,1.0,1.0,4.41555223935158,0.01224281385201814,0.016174218332138727,Feynman33,omega_0,0.012029762314207573
1.0,1.0,1.0,1.0,1.0,3.626606188439667,0.028364400844450105,0.030562444949477487,Feynman33,omega_0,0.029158791403704344
1.0,1.0,1.0,1.0,1.0,3.1829306740486927,0.050239740624520926,0.044315706037684574,Feynman33,omega_0,0.05038178948830513
1.0,1.0,1.0,1.0,1.0,4.73264465802871,0.009148402601234581,0.004314513149482542,Feynman33,omega_0,0.009526698556412541
1.0,1.0,1.0,1.0,1.0,3.874785850308802,0.021328805230567387,0.019647448916046834,Feynman33,omega_0,0.021447502146331246
1.0,1.0,1.0,1.0,1.0,4.49244967649182,0.011384032380978643,0.010937187898165869,Feynman33,omega_0,0.011281788639728063
1.0,1.0,1.0,1.0,1.0,3.7017885589957595,0.02595731114901654,0.032327587893063114,Feynman33,omega_0,0.02654552381354702
1.0,1.0,1.0,1.0,1.0,4.42774246865377,0.0121013486053655,0.01382194066150911,Feynman33,omega_0,0.011903819051103279
1.0,1.0,1.0,1.0,1.0,4.45232355423894,0.011822311184315964,0.011318884360518281,Feynman33,omega_0,0.01165850877576355
1.0,1.0,1.0,1.0,1.0,4.464348543037044,0.011688766007438622,0.020182574135493417,Feynman33,omega_0,0.011542595242248698
1.0,1.0,1.0,1.0,1.0,4.183556644512736,0.015381820840109988,0.015275752186358378,Feynman33,omega_0,0.015054175748642035
1.0,1.0,1.0,1.0,1.0,3.0733478651249584,0.05872746577311911,0.057640434507526477,Feynman33,omega_0,0.057365379135506274
1.0,1.0,1.0,1.0,1.0,3.9976422220641172,0.01866374064554121,0.018143213369245893,Feynman33,omega_0,0.018526149627429423
1.0,1.0,1.0,1.0,1.0,4.691692609339931,0.009487562957235827,0.019605249944140424,Feynman33,omega_0,0.009776312026505942
1.0,1.0,1.0,1.0,1.0,3.4470237592553232,0.03537311756432896,0.04600920522280333,Feynman33,omega_0,0.036486024328540055
1.0,1.0,1.0,1.0,1.0,3.860625489149463,0.021666176724135733,0.03236245970822643,Feynman33,omega_0,0.021819801796395373
1.0,1.0,1.0,1.0,1.0,4.943664475358791,0.007623951455258458,0.003613485632946835,Feynman33,omega_0,0.00842913794139112
1.0,1.0,1.0,1.0,1.0,3.5567608659842196,0.030859999373407575,0.03551962066320758,Feynman33,omega_0,0.031820556974967946
1.0,1.0,1.0,1.0,1.0,3.224636169786554,0.0474233244322204,0.040589694919815365,Feynman33,omega_0,0.04791944916154474
1.0,1.0,1.0,1.0,1.0,3.6409187861348324,0.027884995603603704,0.029790091181455376,Feynman33,omega_0,0.028641584472593365
1.0,1.0,1.0,1.0,1.0,4.078766762227681,0.01713241134625871,0.02254101934544828,Feynman33,omega_0,0.016880366289612737
1.0,1.0,1.0,1.0,1.0,3.9834370117524283,0.018949463394149935,0.016835004858950384,Feynman33,omega_0,0.018836685476961948
1.0,1.0,1.0,1.0,1.0,3.7416110131580997,0.02478706418691379,0.027267142954920907,Feynman33,omega_0,0.02526238090502858
1.0,1.0,1.0,1.0,1.0,4.614967496746506,0.010166824399459554,0.005052488545439547,Feynman33,omega_0,0.010292669047504697
1.0,1.0,1.0,1.0,1.0,4.308269891925126,0.013582532489647664,0.009765786852352193,Feynman33,omega_0,0.0132711611272896
1.0,1.0,1.0,1.0,1.0,4.538571756456079,0.010905285057830113,0.016514020824916265,Feynman33,omega_0,0.01088264765950386
1.0,1.0,1.0,1.0,1.0,3.1317406152207106,0.053995030550016414,0.0518246143084699,Feynman33,omega_0,0.05354989624124434
1.0,1.0,1.0,1.0,1.0,3.484275239900441,0.03375240044872999,0.04093400898260983,Feynman33,omega_0,0.03483388068379378
1.0,1.0,1.0,1.0,1.0,3.2651211962482507,0.04487897901340857,0.046212799353336824,Feynman33,omega_0,0.045628687716458234
1.0,1.0,1.0,1.0,1.0,4.0691288423111756,0.01730580112313132,0.021859650654568193,Feynman33,omega_0,0.017064850572705004
1.0,1.0,1.0,1.0,1.0,4.975620097854512,0.007421862359132432,0.013390628830581126,Feynman33,omega_0,0.008278102525011575
1.0,1.0,1.0,1.0,1.0,4.714625911396515,0.00929571563049213,0.00036216450216331776,Feynman33,omega_0,0.009634529966012823
1.0,1.0,1.0,1.0,1.0,4.658358238514062,0.009775416450655532,0.008351267000752593,Feynman33,omega_0,0.009992246542282798
1.0,1.0,1.0,1.0,1.0,4.377588246172203,0.012696970432323504,0.021862249784976126,Feynman33,omega_0,0.012441005431168866
1.0,1.0,1.0,1.0,1.0,4.680530224210132,0.0095827483304202,0.012371691597938266,Feynman33,omega_0,0.009847273116810452
1.0,1.0,1.0,1.0,1.0,4.26264602680104,0.01420824288819373,0.014732143717837274,Feynman33,omega_0,0.013877951316422343
1.0,1.0,1.0,1.0,1.0,3.893829044843131,0.020885519318069506,0.02417913391722962,Feynman33,omega_0,0.02095879043536538
1.0,1.0,1.0,1.0,1.0,3.8296664089309997,0.022427654732625427,0.020554850931851196,Feynman33,omega_0,0.02266070555543339
1.0,1.0,1.0,1.0,1.0,3.1470441540962235,0.05283592790480796,0.05440539223076785,Feynman33,omega_0,0.05258569786377997
1.0,1.0,1.0,1.0,1.0,4.031218598992486,0.018009751518528253,0.029227406086470946,Feynman33,omega_0,0.017819057016991224
1.0,1.0,1.0,1.0,1.0,4.44214161529956,0.011936897477009276,0.014043790629308384,Feynman33,omega_0,0.011758739809319756
1.0,1.0,1.0,1.0,1.0,4.32234069762522,0.013396610601225725,0.01428833908260069,Feynman33,omega_0,0.013093956374286328
1.0,1.0,1.0,1.0,1.0,4.8460085379833995,0.00828608207347672,0.01516465527884113,Feynman33,omega_0,0.008907378566937223
1.0,1.0,1.0,1.0,1.0,4.9841903599812145,0.007368814913503531,0.004511519995662414,Feynman33,omega_0,0.00823778415537228
1.0,1.0,1.0,1.0,1.0,3.3580756902423037,0.03966282005875923,0.04336225565701326,Feynman33,omega_0,0.04072783571888902
1.0,1.0,1.0,1.0,1.0,4.890400176894066,0.007976464848951812,0.004578301386439272,Feynman33,omega_0,0.008685736896895559
1.0,1.0,1.0,1.0,1.0,4.789560821360196,0.008702010527801462,0.00414998907850948,Feynman33,omega_0,0.009204363253219636
1.0,1.0,1.0,1.0,1.0,4.587868683690718,0.010421329974454347,0.0006181027448212521,Feynman33,omega_0,0.010492504650683531
1.0,1.0,1.0,1.0,1.0,3.600942153872453,0.029250525741765235,0.029441218856410944,Feynman33,omega_0,0.030109996902901764
1.0,1.0,1.0,1.0,1.0,3.6306078629899865,0.028229317069756156,0.02174236101771078,Feynman33,omega_0,0.029013234771101713
1.0,1.0,1.0,1.0,1.0,4.831245382259759,0.008392397353120709,0.0073847780968666395,Feynman33,omega_0,0.008983208856159967
1.0,1.0,1.0,1.0,1.0,3.754269638058347,0.024429134569258226,0.02027681062732757,Feynman33,omega_0,0.024868681584795806
1.0,1.0,1.0,1.0,1.0,3.102470751202744,0.05630379872148033,0.06738421867315156,Feynman33,omega_0,0.05543519727198266
1.0,1.0,1.0,1.0,1.0,3.5619489112493907,0.030665273640559824,0.022894677217434344,Feynman33,omega_0,0.03161483081811218
1.0,1.0,1.0,1.0,1.0,4.304112596777061,0.01363808718187992,0.005407772942675434,Feynman33,omega_0,0.013324395883501329
1.0,1.0,1.0,1.0,1.0,3.3265193649824933,0.0413426167921565,0.0349737646565945,Feynman33,omega_0,0.0423366491508539
1.0,1.0,1.0,1.0,1.0,4.504217124832877,0.011259406002846058,0.005218289631709815,Feynman33,omega_0,0.011176628527309293
1.0,1.0,1.0,1.0,1.0,4.552869646992317,0.0107620524595149,0.011177125663896375,Feynman33,omega_0,0.010765781701481009
1.0,1.0,1.0,1.0,1.0,4.319203558975829,0.013437782680560758,0.01927091651848825,Feynman33,omega_0,0.013133070030058277
1.0,1.0,1.0,1.0,1.0,3.233211305927864,0.04686936599993649,0.04715521130208007,Feynman33,omega_0,0.04742613608620219
1.0,1.0,1.0,1.0,1.0,3.224265754430935,0.04744744091895773,0.047813192311992034,Feynman33,omega_0,0.04794085745974015
1.0,1.0,1.0,1.0,1.0,3.7078869088316866,0.025773625886086587,0.03184807429240474,Feynman33,omega_0,0.026344581425113155
1.0,1.0,1.0,1.0,1.0,4.236909478055826,0.014577309232057039,0.009989878146879266,Feynman33,omega_0,0.01424284670486935
1.0,1.0,1.0,1.0,1.0,3.9705627027628445,0.01921321523932642,0.018602698285320365,Feynman33,omega_0,0.019124093411516652
1.0,1.0,1.0,1.0,1.0,3.6317963264996194,0.02818935563006218,0.02630574520434069,Feynman33,omega_0,0.028970148046229084
1.0,1.0,1.0,1.0,1.0,4.941690803464845,0.0076366591160392724,0.013740775243863511,Feynman33,omega_0,0.008438518593771224
1.0,1.0,1.0,1.0,1.0,3.2497990019523373,0.04582098167734813,0.035982786064799696,Feynman33,omega_0,0.0464842757970045
1.0,1.0,1.0,1.0,1.0,4.346220480560362,0.013088376299144328,0.017042187198993176,Feynman33,omega_0,0.012803513128842507
1.0,1.0,1.0,1.0,1.0,4.206874278473664,0.015023480494478571,0.009297710779550983,Feynman33,omega_0,0.014690258645291523
1.0,1.0,1.0,1.0,1.0,3.295124470258626,0.043104698789866405,0.04393886352914711,Feynman33,omega_0,0.04399293585775263
1.0,1.0,1.0,1.0,1.0,4.32521516965631,0.013359025601716173,0.02014665454370853,Feynman33,omega_0,0.01305831488504153
1.0,1.0,1.0,1.0,1.0,4.355307596826847,0.012973438202066416,0.013433505498593849,Feynman33,omega_0,0.01269631263867725
1.0,1.0,1.0,1.0,1.0,4.090012854309998,0.016932858490298765,0.017123699643320615,Feynman33,omega_0,0.016668741205628414
1.0,1.0,1.0,1.0,1.0,4.639461506631347,0.009943495358131566,0.017029977199720717,Feynman33,omega_0,0.010120255772585832
1.0,1.0,1.0,1.0,1.0,4.874909491249431,0.008082824013398736,-0.0004474493873974066,Feynman33,omega_0,0.00876210293574556
1.0,1.0,1.0,1.0,1.0,3.4596452158848043,0.03481312848127625,0.03446107777721956,Feynman33,omega_0,0.03591820492838893
1.0,1.0,1.0,1.0,1.0,4.461815540406018,0.011716737639243182,0.021888492410621962,Feynman33,omega_0,0.011566792959056924
1.0,1.0,1.0,1.0,1.0,3.8792493557413508,0.021223843067251728,0.014372057012814379,Feynman33,omega_0,0.021331729032643586
1.0,1.0,1.0,1.0,1.0,4.388462801760741,0.012564736530613853,0.001301491173461863,Feynman33,omega_0,0.01232019994061814
1.0,1.0,1.0,1.0,1.0,3.8180012483357135,0.022723353808638134,0.016530891325008883,Feynman33,omega_0,0.02298729919408606
1.0,1.0,1.0,1.0,1.0,4.380438901147987,0.012662137335834808,0.01303227513480532,Feynman33,omega_0,0.012409099470248807
1.0,1.0,1.0,1.0,1.0,4.552906915815274,0.01076168222252307,0.012273044406909902,Feynman33,omega_0,0.010765481145331414
1.0,1.0,1.0,1.0,1.0,3.0671476429377176,0.05926055845451317,0.04827625415099439,Feynman33,omega_0,0.057783390914782504
1.0,1.0,1.0,1.0,1.0,4.534576724523113,0.01094573572001434,0.007649591925598929,Feynman33,omega_0,0.010915865387967705
1.0,1.0,1.0,1.0,1.0,3.7347482328697694,0.024983893923252794,0.030727935393506194,Feynman33,omega_0,0.02547865720574932
1.0,1.0,1.0,1.0,1.0,3.593419093649424,0.029516921396972613,0.027165131869969494,Feynman33,omega_0,0.030394687503233715
1.0,1.0,1.0,1.0,1.0,4.955178972960857,0.007550343199049534,0.014695528642498689,Feynman33,omega_0,0.008374549804532134
1.0,1.0,1.0,1.0,1.0,4.788079079024649,0.00871327907242782,0.016145838555293394,Feynman33,omega_0,0.009212436794404576
1.0,1.0,1.0,1.0,1.0,4.265493062512464,0.014168144860639718,0.013073148135543293,Feynman33,omega_0,0.013838606855599515
1.0,1.0,1.0,1.0,1.0,3.1012511870776565,0.05640270432913391,0.06192916110909591,Feynman33,omega_0,0.055514933129886875
1.0,1.0,1.0,1.0,1.0,3.214664401255603,0.04807804079723827,0.054646615604670865,Feynman33,omega_0,0.048498639807837744
1.0,1.0,1.0,1.0,1.0,4.730819610091,0.009163188716049294,0.006147172598895093,Feynman33,omega_0,0.00953748400065723
1.0,1.0,1.0,1.0,1.0,3.0884257890638134,0.05745638212827322,0.06178853409433781,Feynman33,omega_0,0.05635923797040774
1.0,1.0,1.0,1.0,1.0,3.281555785412521,0.043895824562903134,0.047347674296131,Feynman33,omega_0,0.04472623070185592
1.0,1.0,1.0,1.0,1.0,3.7081245560388267,0.02576650126079835,0.023722139281986344,Feynman33,omega_0,0.02633678369928494
1.0,1.0,1.0,1.0,1.0,4.717406416380465,0.009272789294755545,0.005352256081697787,Feynman33,omega_0,0.009617691606252282
1.0,1.0,1.0,1.0,1.0,4.943464817758406,0.0076252357561986915,0.009821837874496172,Feynman33,omega_0,0.008430086552313257
1.0,1.0,1.0,1.0,1.0,4.053915531897561,0.017584037836459575,0.014546269655737446,Feynman33,omega_0,0.01736199556533689
1.0,1.0,1.0,1.0,1.0,3.8681397413463445,0.021486314206102985,0.021691556392939765,Feynman33,omega_0,0.02162128721173635
1.0,1.0,1.0,1.0,1.0,3.2043388447158105,0.04876817244606402,0.05012298001255828,Feynman33,omega_0,0.049104682031288795
1.0,1.0,1.0,1.0,1.0,3.144972576667233,0.05299096127903862,0.055622553134614935,Feynman33,omega_0,0.0527153593137196
1.0,1.0,1.0,1.0,1.0,3.2609895262147024,0.045130544663621736,0.048996814741054565,Feynman33,omega_0,0.045858043240806265
1.0,1.0,1.0,1.0,1.0,4.8025215134268855,0.008604224452458235,0.005532713907449589,Feynman33,omega_0,0.009134395961500742
1.0,1.0,1.0,1.0,1.0,3.4174783142140757,0.03672946335067584,0.050071837857144155,Feynman33,omega_0,0.03784793217918601
1.0,1.0,1.0,1.0,1.0,4.62004038019553,0.010120055806254843,0.004042470348668807,Feynman33,omega_0,0.010256338480007496
1.0,1.0,1.0,1.0,1.0,4.912376701836387,0.007828581683093675,0.0005625458768860102,Feynman33,omega_0,0.008578886915992978
1.0,1.0,1.0,1.0,1.0,3.6731518264252907,0.026842414297116847,0.03287606695436123,Feynman33,omega_0,0.02751098776286122
1.0,1.0,1.0,1.0,1.0,4.634352440322409,0.009989563435477373,0.012320623178944475,Feynman33,omega_0,0.010155600609827165
1.0,1.0,1.0,1.0,1.0,4.454519259691769,0.0117977832644816,0.00352805766084195,Feynman33,omega_0,0.011637146160181177
1.0,1.0,1.0,1.0,1.0,3.1450951019188427,0.052981775566662594,0.05343844034870589,Feynman33,omega_0,0.05270768291601559
1.0,1.0,1.0,1.0,1.0,4.164544187453198,0.015682030193799386,0.011273654189695335,Feynman33,omega_0,0.015361949602104267
1.0,1.0,1.0,1.0,1.0,3.619277040509962,0.028613943647690033,0.02924038604307903,Feynman33,omega_0,0.029427303848012492
1.0,1.0,1.0,1.0,1.0,3.0231394798590725,0.06322761207353694,0.06558857705970485,Feynman33,omega_0,0.06082277077902071
1.0,1.0,1.0,1.0,1.0,3.5424256967702545,0.031406273362842914,0.034566731708980954,Feynman33,omega_0,0.032395819572304856
1.0,1.0,1.0,1.0,1.0,3.4339720388747663,0.03596429402166997,0.032463321036238564,Feynman33,omega_0,0.03708196585636063
1.0,1.0,1.0,1.0,1.0,3.946691439230526,0.019714676008828036,0.020014427116049165,Feynman33,omega_0,0.019672261795690538
1.0,1.0,1.0,1.0,1.0,4.593531104163552,0.010367491259186346,0.006094759116421806,Feynman33,omega_0,0.010449927856597872
1.0,1.0,1.0,1.0,1.0,4.586027660457856,0.010438910528978069,0.012005479277475943,Feynman33,omega_0,0.010506443239438504
1.0,1.0,1.0,1.0,1.0,3.8895221133739897,0.02098474688495346,0.019740567982907,Feynman33,omega_0,0.02106812983461898
1.0,1.0,1.0,1.0,1.0,4.443871726660015,0.011917328436799003,0.013102294206032438,Feynman33,omega_0,0.01174157217491417
1.0,1.0,1.0,1.0,1.0,3.156948515356837,0.05210264368646005,0.05168152493984623,Feynman33,omega_0,0.05196947369149284
1.0,1.0,1.0,1.0,1.0,3.597154837534428,0.02938425348101781,0.029595921605452203,Feynman33,omega_0,0.030252983724605498
1.0,1.0,1.0,1.0,1.0,3.892094534877432,0.02092540914059616,0.021781652947906897,Feynman33,omega_0,0.021002740889688138
1.0,1.0,1.0,1.0,1.0,4.344562301288482,0.013109488316715238,0.016687413763028118,Feynman33,omega_0,0.01282327008346676
1.0,1.0,1.0,1.0,1.0,3.293678132112154,0.04318815892008762,0.046685451651693924,Feynman33,omega_0,0.04407059563382849
1.0,1.0,1.0,1.0,1.0,4.792569605812372,0.008679185418442056,0.01339075543906822,Feynman33,omega_0,0.009188017118885056
1.0,1.0,1.0,1.0,1.0,4.699456831053618,0.009422057371576505,0.005574619177232653,Feynman33,omega_0,0.009727719487555853
1.0,1.0,1.0,1.0,1.0,4.3858170998823605,0.012596747367122007,0.011287058758178327,Feynman33,omega_0,0.012349365162245992
1.0,1.0,1.0,1.0,1.0,3.125834067201371,0.054451063845284274,0.05706897313928614,Feynman33,omega_0,0.05392597334499989
1.0,1.0,1.0,1.0,1.0,4.754702570357936,0.008972051648511035,0.011656804579519484,Feynman33,omega_0,0.009398655779896695
1.0,1.0,1.0,1.0,1.0,3.9040151088866106,0.020653196026602844,0.017370726436425673,Feynman33,omega_0,0.020702943955021504
1.0,1.0,1.0,1.0,1.0,3.8759790385874657,0.021300682383185648,0.024410545372038465,Feynman33,omega_0,0.021416479746326534
1.0,1.0,1.0,1.0,1.0,4.592446778748604,0.010377773887752259,0.008920411145683933,Feynman33,omega_0,0.010458046928631094
1.0,1.0,1.0,1.0,1.0,3.1315403620430615,0.05401041175864832,0.06039361770273572,Feynman33,omega_0,0.05356261060878923
1.0,1.0,1.0,1.0,1.0,4.478972178054308,0.011528916873190352,0.009455359942941468,Feynman33,omega_0,0.01140514246112089
1.0,1.0,1.0,1.0,1.0,4.966750146728227,0.0074772725544582225,0.00951274506430233,Feynman33,omega_0,0.008319894546922559
1.0,1.0,1.0,1.0,1.0,3.2863996376019333,0.04361129722144563,0.0387576062539355,Feynman33,omega_0,0.04446323471366156
1.0,1.0,1.0,1.0,1.0,3.677974373407316,0.026690708307269297,0.023991109474442093,Feynman33,omega_0,0.027345854598515136
1.0,1.0,1.0,1.0,1.0,3.4638452860541245,0.034629281029718795,0.02510734497533653,Feynman33,omega_0,0.03573108671069462
1.0,1.0,1.0,1.0,1.0,4.35259087688253,0.013007666466078862,0.014691532926685505,Feynman33,omega_0,0.012728172650058198
1.0,1.0,1.0,1.0,1.0,4.992113989876123,0.0073201943093987335,0.005116672139640007,Feynman33,omega_0,0.008200543108637685
1.0,1.0,1.0,1.0,1.0,3.399191978176354,0.037602158738215534,0.03451087606624942,Feynman33,omega_0,0.03871410542633059
1.0,1.0,1.0,1.0,1.0,3.32831355252514,0.041244709414636094,0.04730520347314897,Feynman33,omega_0,0.04224368228012781
1.0,1.0,1.0,1.0,1.0,3.915069069906367,0.0204047679417781,0.023721885609583212,Feynman33,omega_0,0.020429631098811993
1.0,1.0,1.0,1.0,1.0,3.4317855769327767,0.036064554614993694,0.033109422727488756,Feynman33,omega_0,0.03718267646425492
1.0,1.0,1.0,1.0,1.0,3.3724816007699743,0.03892484769132062,0.039619920099344494,Feynman33,omega_0,0.04001176406696831
1.0,1.0,1.0,1.0,1.0,3.475811029604794,0.03411223212113584,0.034298812295351436,Feynman33,omega_0,0.03520299466235599
1.0,1.0,1.0,1.0,1.0,4.416314086948503,0.012233911777398288,0.017570525921069478,Feynman33,omega_0,0.01202180621880733
1.0,1.0,1.0,1.0,1.0,3.9183246955663944,0.020332322798523608,0.022765327528474856,Feynman33,omega_0,0.020349987998498294
1.0,1.0,1.0,1.0,1.0,4.859990096729809,0.008186956150143438,-0.0031264496676826244,Feynman33,omega_0,0.008836607047031975
1.0,1.0,1.0,1.0,1.0,4.142577911592869,0.0160381673877457,0.014391970098896912,Feynman33,omega_0,0.015730221137650963
1.0,1.0,1.0,1.0,1.0,3.0103338142986615,0.06444529346402446,0.07040612730268683,Feynman33,omega_0,0.061731277729272165
1.0,1.0,1.0,1.0,1.0,3.1894012196274084,0.04978906702924575,0.04543662195622585,Feynman33,omega_0,0.04999284525220002
1.0,1.0,1.0,1.0,1.0,3.6583335220572417,0.02731545976096087,0.03722255725164062,Feynman33,omega_0,0.028024915135999043
1.0,1.0,1.0,1.0,1.0,3.8240563906303198,0.02256925007840303,0.018386571138830146,Feynman33,omega_0,0.022817098341636827
1.0,1.0,1.0,1.0,1.0,4.509639406531899,0.011202559557607508,0.014385592924770992,Feynman33,omega_0,0.011128953796827646
1.0,1.0,1.0,1.0,1.0,3.0530872290673026,0.06049255180612758,0.05494297188336886,Feynman33,omega_0,0.05874061413958515
1.0,1.0,1.0,1.0,1.0,4.488365014688357,0.011427698934330401,0.009335601443114358,Feynman33,omega_0,0.011318842055237257
1.0,1.0,1.0,1.0,1.0,3.9546316137786865,0.019546058299079825,0.011366874146055833,Feynman33,omega_0,0.019487705879273284
1.0,1.0,1.0,1.0,1.0,3.3178441566265704,0.04182021085137293,0.05151620419982355,Feynman33,omega_0,0.042788723588260434
1.0,1.0,1.0,1.0,1.0,4.079059587974037,0.017127177781143782,0.022001176796611996,Feynman33,omega_0,0.016874806437297996
1.0,1.0,1.0,1.0,1.0,4.080894090849464,0.01709443637893315,0.0182229414677399,Feynman33,omega_0,0.016840035419724442
1.0,1.0,1.0,1.0,1.0,4.9447209251621755,0.007617160359272876,0.006539948193601744,Feynman33,omega_0,0.008424119801827331
1.0,1.0,1.0,1.0,1.0,3.8606756274908722,0.021664970296080225,0.016464470024261414,Feynman33,omega_0,0.021818470055416678
1.0,1.0,1.0,1.0,1.0,3.5113918535616993,0.032631613245676254,0.042516553961484904,Feynman33,omega_0,0.033675887982370145
1.0,1.0,1.0,1.0,1.0,3.7487061490371048,0.02458563269037397,0.018557225028123174,Feynman33,omega_0,0.025040880908950364
1.0,1.0,1.0,1.0,1.0,3.018529336105661,0.06366257369670594,0.06453551817026838,Feynman33,omega_0,0.06114857898162192
1.0,1.0,1.0,1.0,1.0,4.114371444203712,0.01651061531656383,0.012464640443559164,Feynman33,omega_0,0.01622359829198128
1.0,1.0,1.0,1.0,1.0,3.260088917578188,0.045185618375319085,0.04183522287841229,Feynman33,omega_0,0.045908170109285794
1.0,1.0,1.0,1.0,1.0,3.6140833548680646,0.028792466749133716,0.024426506051281216,Feynman33,omega_0,0.029619092700783806
1.0,1.0,1.0,1.0,1.0,3.9640320467779855,0.01934878355659617,0.014598625926300235,Feynman33,omega_0,0.019272077464419377
1.0,1.0,1.0,1.0,1.0,3.094861199478734,0.056924566587247906,0.06546026914927919,Feynman33,omega_0,0.05593427091650292
1.0,1.0,1.0,1.0,1.0,4.365485190378272,0.012846216610127458,0.013947172379921461,Feynman33,omega_0,0.012578375594026575
1.0,1.0,1.0,1.0,1.0,4.1214908433475586,0.0163897254093102,0.015746072763941178,Feynman33,omega_0,0.01609685880125364
1.0,1.0,1.0,1.0,1.0,3.8949465647766957,0.020859869881037774,0.026408561003775866,Feynman33,omega_0,0.020930533178437113
1.0,1.0,1.0,1.0,1.0,4.18878201042301,0.015300587100003466,0.013673341602118751,Feynman33,omega_0,0.014971338871828539
1.0,1.0,1.0,1.0,1.0,3.658246443073889,0.02731827071311877,0.022589681991691243,Feynman33,omega_0,0.028027964425768773
1.0,1.0,1.0,1.0,1.0,4.297641923853826,0.01372512843646458,0.02439068769374877,Feynman33,omega_0,0.01340806069263095
1.0,1.0,1.0,1.0,1.0,3.85611401464229,0.021775080998348524,0.02092360502443049,Feynman33,omega_0,0.021940027995553862
1.0,1.0,1.0,1.0,1.0,3.931124142743255,0.020050643332618412,0.02117220178088523,Feynman33,omega_0,0.020040605036263922
1.0,1.0,1.0,1.0,1.0,3.482402026038563,0.033831617631287794,0.0299048404870288,Feynman33,omega_0,0.03491525337073849
1.0,1.0,1.0,1.0,1.0,4.45631373572045,0.011777785118897927,0.01150803144030443,Feynman33,omega_0,0.01161975301506051
1.0,1.0,1.0,1.0,1.0,3.2885456513077957,0.043485991263058216,0.03644916394377978,Feynman33,omega_0,0.044347150489629054
1.0,1.0,1.0,1.0,1.0,4.065528047770004,0.01737115008243891,0.013715143660285947,Feynman33,omega_0,0.017134520966762615
1.0,1.0,1.0,1.0,1.0,3.468269830447496,0.03443694021174049,0.03159056017730571,Feynman33,omega_0,0.035534955158928926
1.0,1.0,1.0,1.0,1.0,3.8343104182689283,0.02231129177306522,0.019755240049895526,Feynman33,omega_0,0.022532181517442258
1.0,1.0,1.0,1.0,1.0,4.388749540436989,0.012561273400059329,0.005783056777547792,Feynman33,omega_0,0.012317047713156023
1.0,1.0,1.0,1.0,1.0,3.159705123058055,0.05190086574086602,0.058330937441863163,Feynman33,omega_0,0.05179904937584588
1.0,1.0,1.0,1.0,1.0,3.5312850041529913,0.031839318181071746,0.03807526153568654,Feynman33,omega_0,0.0328498520613115
1.0,1.0,1.0,1.0,1.0,3.663616291516666,0.027145613590830026,0.03610372134968333,Feynman33,omega_0,0.0278405658719344
1.0,1.0,1.0,1.0,1.0,3.0753310848555904,0.05855824236957134,0.06627077316139227,Feynman33,omega_0,0.05723219979827471
1.0,1.0,1.0,1.0,1.0,4.865703054155867,0.008146883042029965,0.004217516127453024,Feynman33,omega_0,0.008807959882293331
1.0,1.0,1.0,1.0,1.0,3.6971117802548474,0.02609930402918304,0.018564699999873403,Feynman33,omega_0,0.026700726481256692
1.0,1.0,1.0,1.0,1.0,4.471488989206745,0.01161036748239398,0.013074995418228694,Feynman33,omega_0,0.01147500409603215
1.0,1.0,1.0,1.0,1.0,4.152851620067022,0.0158703414553198,0.02334678038944388,Feynman33,omega_0,0.015556266145844069
1.0,1.0,1.0,1.0,1.0,4.686080547304926,0.009535269059614897,0.010147334540783827,Feynman33,omega_0,0.009811824133557417
1.0,1.0,1.0,1.0,1.0,3.640628291012927,0.02789462316967405,0.02093199337983278,Feynman33,omega_0,0.028651988368990557
1.0,1.0,1.0,1.0,1.0,3.72405701229967,0.0252944920898146,0.03101126701416058,Feynman33,omega_0,0.02581958785454605
1.0,1.0,1.0,1.0,1.0,3.540723196027149,0.03147196417368081,0.03628421735431938,Feynman33,omega_0,0.03246480837354128
1.0,1.0,1.0,1.0,1.0,3.213685098091336,0.048142958329976206,0.042865975021629,Feynman33,omega_0,0.04855584265463709
1.0,1.0,1.0,1.0,1.0,4.678894639723279,0.00959679651295645,0.01240440434382124,Feynman33,omega_0,0.009857782303002103
1.0,1.0,1.0,1.0,1.0,3.0905926840035463,0.05727660690281129,0.0597238761240762,Feynman33,omega_0,0.05621584812302238
1.0,1.0,1.0,1.0,1.0,3.4510847387187233,0.03519169886802434,0.030050944920954125,Feynman33,omega_0,0.03630242123639648
1.0,1.0,1.0,1.0,1.0,4.033681390507746,0.01796293208773025,0.02225212305187842,Feynman33,omega_0,0.017768656267751582
1.0,1.0,1.0,1.0,1.0,4.6868200147245,0.00952896583487487,0.009911898760665254,Feynman33,omega_0,0.009807125996202499
1.0,1.0,1.0,1.0,1.0,4.213989718645216,0.014916237926016587,0.014948899247339227,Feynman33,omega_0,0.01458212072207766
1.0,1.0,1.0,1.0,1.0,3.486197672967757,0.033671346700127516,0.02591154214575976,Feynman33,omega_0,0.034750556186442266
1.0,1.0,1.0,1.0,1.0,3.032002608050192,0.06240199560170439,0.059310363964618626,Feynman33,omega_0,0.06020036870755378
1.0,1.0,1.0,1.0,1.0,3.3423410949542127,0.04048931823339556,0.04047434119541624,Feynman33,omega_0,0.04152307064673834
1.0,1.0,1.0,1.0,1.0,4.741876668901439,0.009074066360558351,0.014889054230112234,Feynman33,omega_0,0.009472595766245913
1.0,1.0,1.0,1.0,1.0,3.7231295626983196,0.0253216663008152,0.01983356927244518,Feynman33,omega_0,0.025849394131993213
1.0,1.0,1.0,1.0,1.0,3.156155497757447,0.05216087612223715,0.05440380864567355,Feynman33,omega_0,0.05201858850378648
1.0,1.0,1.0,1.0,1.0,3.5632829691281227,0.030615454060397212,0.02778822637175026,Feynman33,omega_0,0.031562141167587335
1.0,1.0,1.0,1.0,1.0,4.795564502804777,0.008656540577478498,0.00742330377977797,Feynman33,omega_0,0.009171809251619907
1.0,1.0,1.0,1.0,1.0,3.6002164747978376,0.029276089089729184,0.025458874935351244,Feynman33,omega_0,0.030137341873012098
1.0,1.0,1.0,1.0,1.0,4.983587301737849,0.007372532011675538,0.0019881071612923564,Feynman33,omega_0,0.00824061968592421
1.0,1.0,1.0,1.0,1.0,3.315034537241614,0.04197639211044175,0.04568120943443537,Feynman33,omega_0,0.04293604903150723
1.0,1.0,1.0,1.0,1.0,4.025110373923038,0.018126541471482963,0.019168611926025078,Feynman33,omega_0,0.017944916471637002
1.0,1.0,1.0,1.0,1.0,3.0616347344327135,0.05973975473450113,0.05931210835620918,Feynman33,omega_0,0.05815716670628316
1.0,1.0,1.0,1.0,1.0,3.3971549643867593,0.03770099800459913,0.036830334326432915,Feynman33,omega_0,0.038811705563395596
1.0,1.0,1.0,1.0,1.0,3.708535611829001,0.025754183769179373,0.03522453797267496,Feynman33,omega_0,0.026323301859462817
1.0,1.0,1.0,1.0,1.0,3.1830466795408534,0.050231615168758355,0.04798570271043035,Feynman33,omega_0,0.050374793869721324
1.0,1.0,1.0,1.0,1.0,4.844684823273962,0.008295545111282963,0.011857632857786371,Feynman33,omega_0,0.008914130021064047
1.0,1.0,1.0,1.0,1.0,4.351782523397372,0.013017873019080752,0.012808213160232531,Feynman33,omega_0,0.01273768356060803
1.0,1.0,1.0,1.0,1.0,4.250709265877324,0.01437793140081673,0.007667876280366947,Feynman33,omega_0,0.014045111357459658
1.0,1.0,1.0,1.0,1.0,3.787000941651722,0.023533545004048417,0.025828433652118312,Feynman33,omega_0,0.0238817005757538
1.0,1.0,1.0,1.0,1.0,3.1362412899951218,0.05365080812812151,0.052267791199897246,Feynman33,omega_0,0.053264807045372536
1.0,1.0,1.0,1.0,1.0,3.495466012050501,0.03328402609513451,0.041156933583641156,Feynman33,omega_0,0.03435147646415517
1.0,1.0,1.0,1.0,1.0,3.8462771254908166,0.022014952589944157,0.024760057059590234,Feynman33,omega_0,0.022204894572313106
1.0,1.0,1.0,1.0,1.0,4.112823419743366,0.01653705043805287,0.018531151556934675,Feynman33,omega_0,0.01625135593090011
1.0,1.0,1.0,1.0,1.0,3.253103448344489,0.045615711410977186,0.04351464859117496,Feynman33,omega_0,0.046298589729532935
1.0,1.0,1.0,1.0,1.0,4.451357465859891,0.011833123618931863,0.009530239717094042,Feynman33,omega_0,0.0116679362677168
1.0,1.0,1.0,1.0,1.0,3.871829726989887,0.02139868244112693,0.022945184671929554,Feynman33,omega_0,0.021524592705506506
1.0,1.0,1.0,1.0,1.0,3.5745587631423934,0.03019844427355675,0.03243971875065105,Feynman33,omega_0,0.031120227647558462
1.0,1.0,1.0,1.0,1.0,4.3744805490649314,0.01273508242185007,0.024734870794013965,Feynman33,omega_0,0.012475982476080717
1.0,1.0,1.0,1.0,1.0,3.2645893939822574,0.04491125863689306,0.055955554998525545,Feynman33,omega_0,0.04565815291007996
1.0,1.0,1.0,1.0,1.0,3.7833801442734556,0.02363054656530445,0.017048974260637624,Feynman33,omega_0,0.023988707323542476
1.0,1.0,1.0,1.0,1.0,3.145120755479592,0.05297985257750737,0.06003739072519443,Feynman33,omega_0,0.05270607579927026
1.0,1.0,1.0,1.0,1.0,3.995136210097365,0.018713748279666133,0.020366658292934575,Feynman33,omega_0,0.018580435090152933
1.0,1.0,1.0,1.0,1.0,4.461693420440898,0.011718088329077841,0.014420005135790986,Feynman33,omega_0,0.011567962503027475
1.0,1.0,1.0,1.0,1.0,3.4632520799447435,0.034655172174756776,0.0350388509580905,Feynman33,omega_0,0.03575745934622544
1.0,1.0,1.0,1.0,1.0,4.357031015064026,0.012951783627271495,0.017232779236342734,Feynman33,omega_0,0.012676184588555661
1.0,1.0,1.0,1.0,1.0,4.190093347553253,0.015280286190688198,0.023497469931579966,Feynman33,omega_0,0.01495066776331783
1.0,1.0,1.0,1.0,1.0,3.9367328257978422,0.01992876958980453,0.012786955754969399,Feynman33,omega_0,0.019906897129330674
1.0,1.0,1.0,1.0,1.0,3.3575380365552303,0.0396907055526498,0.036001782900083275,Feynman33,omega_0,0.04075478232380225
1.0,1.0,1.0,1.0,1.0,3.089563280633092,0.05736192113172396,0.05134968259155755,Feynman33,omega_0,0.056283929110947706
1.0,1.0,1.0,1.0,1.0,4.811046340235195,0.008540660777164958,0.016438361002185105,Feynman33,omega_0,0.009088989109228979
1.0,1.0,1.0,1.0,1.0,4.748632498293105,0.009020150547056315,0.012102462463702997,Feynman33,omega_0,0.009433475338190939
1.0,1.0,1.0,1.0,1.0,4.885653035025123,0.008008870292379457,0.009637885478485517,Feynman33,omega_0,0.008709039433931354
1.0,1.0,1.0,1.0,1.0,3.308976600701424,0.042315675134920044,0.04281639152726678,Feynman33,omega_0,0.04325522900496956
1.0,1.0,1.0,1.0,1.0,4.827300371492834,0.008421097679847389,0.0035689940603951618,Feynman33,omega_0,0.009003677516269867
1.0,1.0,1.0,1.0,1.0,3.5772550206528018,0.03009979939770867,0.03761151129153997,Feynman33,omega_0,0.03101546395257681
1.0,1.0,1.0,1.0,1.0,4.161868000079062,0.01572488035324473,0.008564162641472377,Feynman33,omega_0,0.01540608316798138
1.0,1.0,1.0,1.0,1.0,3.3776188082121865,0.03866591312732821,0.03468158217023353,Feynman33,omega_0,0.03975916723375394
1.0,1.0,1.0,1.0,1.0,3.0769280064851237,0.05842243299845361,0.05442457367797411,Feynman33,omega_0,0.0571251469178249
1.0,1.0,1.0,1.0,1.0,3.057854752250125,0.060071182021536475,0.06336582441243765,Feynman33,omega_0,0.05841459636465571
1.0,1.0,1.0,1.0,1.0,3.0750350431856925,0.05858346334130486,0.060155528354094163,Feynman33,omega_0,0.05725206371412079
1.0,1.0,1.0,1.0,1.0,4.942891727782693,0.007628923682084452,0.004620149050665396,Feynman33,omega_0,0.008432809833507348
1.0,1.0,1.0,1.0,1.0,4.438033827543286,0.011983522860713964,0.013334430650375276,Feynman33,omega_0,0.011799726408656794
1.0,1.0,1.0,1.0,1.0,4.535652724010047,0.010934822358045786,0.010704043169058758,Feynman33,omega_0,0.010906894179500031
1.0,1.0,1.0,1.0,1.0,3.7011298505332304,0.025977250984688543,0.026857224407386488,Feynman33,omega_0,0.02656732563300652
1.0,1.0,1.0,1.0,1.0,4.012214171280485,0.0183762831658616,0.011288238171258654,Feynman33,omega_0,0.018214675200659936
1.0,1.0,1.0,1.0,1.0,4.311734294954725,0.013536455296706907,0.013950516600139738,Feynman33,omega_0,0.013227106685736
1.0,1.0,1.0,1.0,1.0,3.4198238741307643,0.03661939526006367,0.0307133532773382,Feynman33,omega_0,0.03773812368618367
1.0,1.0,1.0,1.0,1.0,4.850956888209633,0.008250827354064056,0.011658000449475181,Feynman33,omega_0,0.008882219942800265
1.0,1.0,1.0,1.0,1.0,4.573277624977458,0.010561697746313999,0.010107970925835496,Feynman33,omega_0,0.010604283672056956
1.0,1.0,1.0,1.0,1.0,3.8745421867080543,0.021334554040739327,0.02331792415633046,Feynman33,omega_0,0.02145384393207929
1.0,1.0,1.0,1.0,1.0,4.792077950996664,0.008682910024447234,0.002981899664431021,Feynman33,omega_0,0.009190683834870152
1.0,1.0,1.0,1.0,1.0,3.568227147630006,0.03043171049941101,0.03781026859645009,Feynman33,omega_0,0.03136761750328754
1.0,1.0,1.0,1.0,1.0,4.953306078133874,0.007562254792776,0.000747998522903478,Feynman33,omega_0,0.008383413868925611
1.0,1.0,1.0,1.0,1.0,3.0323359376630927,0.06237121479190146,0.05348794093660043,Feynman33,omega_0,0.0601770628085866
1.0,1.0,1.0,1.0,1.0,4.746045756034009,0.009040746539889073,0.010527503866775003,Feynman33,omega_0,0.00944840795138406
1.0,1.0,1.0,1.0,1.0,4.164137075691848,0.015688539192414308,0.01568364422635506,Feynman33,omega_0,0.015368650352712123
1.0,1.0,1.0,1.0,1.0,3.943537292714713,0.01978216842262688,0.016398371164766272,Feynman33,omega_0,0.019746194449099284
1.0,1.0,1.0,1.0,1.0,4.0418540699133265,0.017808663004053107,0.024931297202231244,Feynman33,omega_0,0.01760281518676433
1.0,1.0,1.0,1.0,1.0,3.049866758340126,0.0607793251499147,0.05666090288944223,Feynman33,omega_0,0.0589616830844756
1.0,1.0,1.0,1.0,1.0,3.7970857569815886,0.023266019137668154,0.01970915023427003,Feynman33,omega_0,0.023586479156904514
1.0,1.0,1.0,1.0,1.0,3.1160051171231555,0.05522088594564658,0.048562260892613014,Feynman33,omega_0,0.05455668007583931
1.0,1.0,1.0,1.0,1.0,3.0728446483659866,0.058770503314840426,0.0650165427233062,Feynman33,omega_0,0.057399212288466755
1.0,1.0,1.0,1.0,1.0,4.720547886268792,0.009246972398323438,0.008268883613288123,Feynman33,omega_0,0.009598755801269336
1.0,1.0,1.0,1.0,1.0,3.058231973504544,0.06003800214295827,0.05830042813343755,Feynman33,omega_0,0.058388864355076106
1.0,1.0,1.0,1.0,1.0,3.973935563224347,0.01914366964100958,0.022468948358460406,Feynman33,omega_0,0.019048244462468535
1.0,1.0,1.0,1.0,1.0,4.617157948963852,0.010146596512841185,0.0030682037660916756,Feynman33,omega_0,0.010276940955913192
1.0,1.0,1.0,1.0,1.0,4.2963125364918096,0.0137430977338911,0.009491333663169524,Feynman33,omega_0,0.013425371832847031
1.0,1.0,1.0,1.0,1.0,4.2230795309440765,0.014780641640090507,0.014871670269505751,Feynman33,omega_0,0.014445925433326626
1.0,1.0,1.0,1.0,1.0,4.126634844885432,0.01630307446007909,0.017343146484562637,Feynman33,omega_0,0.016006219427972316
1.0,1.0,1.0,1.0,1.0,4.2611084740825875,0.01422995762928946,0.012283853222505971,Feynman33,omega_0,0.013899283119383331
1.0,1.0,1.0,1.0,1.0,3.775187524636216,0.0238519053704235,0.024857549881792066,Feynman33,omega_0,0.02423281248107962
1.0,1.0,1.0,1.0,1.0,4.598131944584268,0.010324004345263869,0.012189529681062981,Feynman33,omega_0,0.010415656828912146
1.0,1.0,1.0,1.0,1.0,3.592528791333475,0.02954865093948776,0.026047075223527366,Feynman33,omega_0,0.030428555847310045
1.0,1.0,1.0,1.0,1.0,3.272714401229779,0.044421288588218776,0.041850939795475155,Feynman33,omega_0,0.045209776635324536
1.0,1.0,1.0,1.0,1.0,3.957564355017235,0.019484240489581816,0.0168041230099788,Feynman33,omega_0,0.019420101606633284
1.0,1.0,1.0,1.0,1.0,4.677229568514472,0.009611124655172925,0.011988835699864022,Feynman33,omega_0,0.009868510675257423
1.0,1.0,1.0,1.0,1.0,4.946413952664625,0.007606293088915594,0.00014276812437557813,Feynman33,omega_0,0.008416082233702571
1.0,1.0,1.0,1.0,1.0,4.227380332240545,0.01471702793135814,0.023163991881102318,Feynman33,omega_0,0.014382240425845917
1.0,1.0,1.0,1.0,1.0,3.7377295688769605,0.024898144394549463,0.034558323140728806,Feynman33,omega_0,0.02538445627447727
1.0,1.0,1.0,1.0,1.0,3.7106270612280565,0.02569162796844528,0.028190061593471084,Feynman33,omega_0,0.02625482013542086
1.0,1.0,1.0,1.0,1.0,3.6864135658110304,0.02642783839923566,0.027550105204994395,Feynman33,omega_0,0.027059370383561782
1.0,1.0,1.0,1.0,1.0,3.2012382039572653,0.04897787221310371,0.046823980108163576,Feynman33,omega_0,0.04928792659467424
1.0,1.0,1.0,1.0,1.0,3.108701615875211,0.05580191997023377,0.06345193669642095,Feynman33,omega_0,0.05502930181799716
1.0,1.0,1.0,1.0,1.0,3.323905590243502,0.041485778315157366,0.04204783266187676,Feynman33,omega_0,0.04247240820358423
1.0,1.0,1.0,1.0,1.0,3.625599853167607,0.02839850052476882,0.021846681010921784,Feynman33,omega_0,0.02919551226579568
1.0,1.0,1.0,1.0,1.0,3.3669240855254197,0.039207456279516315,0.043150968982598466,Feynman33,omega_0,0.04028665685294252
1.0,1.0,1.0,1.0,1.0,3.9443260747559226,0.01976526267200753,0.023704733702701798,Feynman33,omega_0,0.019727672375949728
1.0,1.0,1.0,1.0,1.0,4.57823118428341,0.010513777897358216,0.012825042156112871,Feynman33,omega_0,0.010565997624029261
1.0,1.0,1.0,1.0,1.0,4.869155028605972,0.008122789230614708,0.003979806268909921,Feynman33,omega_0,0.008790722196656624
1.0,1.0,1.0,1.0,1.0,4.24341909603427,0.014482826494586555,0.014481754784639976,Feynman33,omega_0,0.014148966723812852
1.0,1.0,1.0,1.0,1.0,4.017632249554524,0.01827083217700819,0.02186052481490741,Feynman33,omega_0,0.018100671620451616
1.0,1.0,1.0,1.0,1.0,4.596601217226994,0.010338447109053241,0.0051199763108071275,Feynman33,omega_0,0.010427027035967507
1.0,1.0,1.0,1.0,1.0,3.6462558038205115,0.027708864508795308,0.028760506901429853,Feynman33,omega_0,0.028451129256744687
1.0,1.0,1.0,1.0,1.0,4.565970839795734,0.010632886569543884,0.005361608117208088,Feynman33,omega_0,0.01066140283237121
1.0,1.0,1.0,1.0,1.0,4.281811651490589,0.013941049961516294,0.013779392444918128,Feynman33,omega_0,0.013616938442606322
1.0,1.0,1.0,1.0,1.0,3.580922178213755,0.02996628890554627,0.027998558052196205,Feynman33,omega_0,0.030873534778262744
1.0,1.0,1.0,1.0,1.0,3.151048365010146,0.05253789541268764,0.04499386553446172,Feynman33,omega_0,0.052335830566529955
1.0,1.0,1.0,1.0,1.0,3.242354852935316,0.04628773637317615,0.04957691461189276,Feynman33,omega_0,0.046904943836094316
1.0,1.0,1.0,1.0,1.0,4.877660159728398,0.008063807952829257,0.008888456963429181,Feynman33,omega_0,0.008748472437297782
1.0,1.0,1.0,1.0,1.0,3.6056882142625497,0.029084033929774558,0.02949628915153706,Feynman33,omega_0,0.029931767654807137
1.0,1.0,1.0,1.0,1.0,3.816483161809632,0.02276219807652145,0.016468641217387826,Feynman33,omega_0,0.023030198886704937
1.0,1.0,1.0,1.0,1.0,3.48823955307812,0.033585527456466084,0.040290460256569516,Feynman33,omega_0,0.034662260845975526
1.0,1.0,1.0,1.0,1.0,4.14752540572164,0.015957069009571848,0.022667272226564564,Feynman33,omega_0,0.015646071600722164
1.0,1.0,1.0,1.0,1.0,3.988052081946722,0.018856032776417366,0.017069683854703928,Feynman33,omega_0,0.018735043695332982
1.0,1.0,1.0,1.0,1.0,4.743781327740692,0.009058824929312554,0.007725788109270642,Feynman33,omega_0,0.009461526893500093
1.0,1.0,1.0,1.0,1.0,3.656550111790134,0.027373102397659096,0.02418336022894369,Feynman33,omega_0,0.028087434129425697
1.0,1.0,1.0,1.0,1.0,4.094271613691462,0.016858058223366945,0.0185135607823534,Feynman33,omega_0,0.016589615969543885
1.0,1.0,1.0,1.0,1.0,4.187633936608031,0.015318388519635349,0.0049969265042506174,Feynman33,omega_0,0.014989474974608808
1.0,1.0,1.0,1.0,1.0,4.128314074426504,0.01627491324863901,0.01256210025556033,Feynman33,omega_0,0.01597679949359517
1.0,1.0,1.0,1.0,1.0,3.963425796520915,0.019361429897787656,0.020892941804049187,Feynman33,omega_0,0.01928589038982175
1.0,1.0,1.0,1.0,1.0,4.680940339085804,0.009579229885150777,0.006619306487373577,Feynman33,omega_0,0.009844642509404759
1.0,1.0,1.0,1.0,1.0,3.872651114822415,0.02137923731749791,0.020468193576125896,Feynman33,omega_0,0.02150313905741244
1.0,1.0,1.0,1.0,1.0,4.786892709393946,0.00872231459463254,0.02055097254321607,Feynman33,omega_0,0.009218912236911854
1.0,1.0,1.0,1.0,1.0,3.2576892601639207,0.045332779836240504,0.04290505135805894,Feynman33,omega_0,0.04604196450073134
1.0,1.0,1.0,1.0,1.0,4.94367017549063,0.007623914793065187,0.015011814179988637,Feynman33,omega_0,0.008429110860101452
1.0,1.0,1.0,1.0,1.0,3.972018354885085,0.019183161732520247,0.019664466955783347,Feynman33,omega_0,0.01909131036698699
1.0,1.0,1.0,1.0,1.0,4.7561884027325725,0.008960327306908641,0.016229609185310002,Feynman33,omega_0,0.009390179319753849
1.0,1.0,1.0,1.0,1.0,4.135156211327384,0.01616080243690449,0.005629480304476487,Feynman33,omega_0,0.015857780243870558
1.0,1.0,1.0,1.0,1.0,4.219868632837958,0.01482836118700985,0.019143146726299656,Feynman33,omega_0,0.014493786937074116
1.0,1.0,1.0,1.0,1.0,3.7856624164130572,0.02356934533915388,0.023301325303612615,Feynman33,omega_0,0.02392119600441122
1.0,1.0,1.0,1.0,1.0,3.2052632656183304,0.04870587433058787,0.05535930557303332,Feynman33,omega_0,0.04905016231946828
1.0,1.0,1.0,1.0,1.0,3.5726801666594623,0.030267417019286248,0.0256019574522447,Feynman33,omega_0,0.031193427233447594
1.0,1.0,1.0,1.0,1.0,4.980324283398088,0.0073926854589535206,0.008141641908865014,Feynman33,omega_0,0.008255965806921355
1.0,1.0,1.0,1.0,1.0,3.834185916374476,0.022314401371668582,0.02594633384550728,Feynman33,omega_0,0.022535616073812714
1.0,1.0,1.0,1.0,1.0,3.741244572919218,0.024797524177051472,0.031964069567146695,Feynman33,omega_0,0.025273878492887238
1.0,1.0,1.0,1.0,1.0,4.811548115918122,0.008536937865925475,0.01945917225673228,Feynman33,omega_0,0.009086331057126022
1.0,1.0,1.0,1.0,1.0,3.940129687332747,0.01985541343634918,0.01615739032781582,Feynman33,omega_0,0.01982646603082431
1.0,1.0,1.0,1.0,1.0,3.538261511588668,0.031567256886110416,0.034411959006355096,Feynman33,omega_0,0.03256481283809065
1.0,1.0,1.0,1.0,1.0,4.25244752172264,0.014353062284725358,0.014388954504721028,Feynman33,omega_0,0.014020546803417093
1.0,1.0,1.0,1.0,1.0,4.066142546675526,0.017359975794612584,0.01622169032483021,Feynman33,omega_0,0.017122602423997088
1.0,1.0,1.0,1.0,1.0,3.1945019714249225,0.04943742624695787,0.04959475132886667,Feynman33,omega_0,0.049688039626374754
1.0,1.0,1.0,1.0,1.0,3.898574277168035,0.020776880712706867,0.017017550854146232,Feynman33,omega_0,0.020839124137909077
1.0,1.0,1.0,1.0,1.0,4.7773696670139,0.008795272881899876,0.010981863520756113,Feynman33,omega_0,0.009271261737147431
1.0,1.0,1.0,1.0,1.0,3.7282291628987587,0.025172704680956587,0.030002852751768266,Feynman33,omega_0,0.025685960565583203
1.0,1.0,1.0,1.0,1.0,3.01028102674341,0.064450374714156,0.06544426982740251,Feynman33,omega_0,0.061735045477279524
1.0,1.0,1.0,1.0,1.0,3.619028715142056,0.02862244733076282,0.031533525030309296,Feynman33,omega_0,0.029436445240342373
1.0,1.0,1.0,1.0,1.0,3.742605586349276,0.024758702403670393,0.02172853410550424,Feynman33,omega_0,0.025231203430140996
1.0,1.0,1.0,1.0,1.0,4.90321446735308,0.007889812025201011,0.003009825704406767,Feynman33,omega_0,0.008623239952549027
1.0,1.0,1.0,1.0,1.0,4.042559009398662,0.017795435101809035,0.01797113484492867,Feynman33,omega_0,0.01758861171782532
1.0,1.0,1.0,1.0,1.0,3.2233060235868605,0.047509998465872345,0.04998498455074707,Feynman33,omega_0,0.04799636365808799
1.0,1.0,1.0,1.0,1.0,3.2466041568439534,0.04602056349102744,0.04085110677535016,Feynman33,omega_0,0.04666441513966636
1.0,1.0,1.0,1.0,1.0,4.500588019814174,0.011297656544388631,0.010888038363011407,Feynman33,omega_0,0.011208810941253648
1.0,1.0,1.0,1.0,1.0,4.692116383174593,0.00948397284752962,0.019917027480907852,Feynman33,omega_0,0.009773643819419475
1.0,1.0,1.0,1.0,1.0,4.0759383382797365,0.017183067003880316,0.01720977840118889,Feynman33,omega_0,0.016934206388788058
1.0,1.0,1.0,1.0,1.0,4.05838712383265,0.01750167317195679,0.01663645284082216,Feynman33,omega_0,0.0172738967670657
1.0,1.0,1.0,1.0,1.0,4.196315120555422,0.015184429182286263,0.017075380421964503,Feynman33,omega_0,0.014853229629281981
1.0,1.0,1.0,1.0,1.0,4.668359653046403,0.009687907796246783,0.012181944274235412,Feynman33,omega_0,0.009926173010695991
1.0,1.0,1.0,1.0,1.0,3.071884840498927,0.05885270243260384,0.05303312699841235,Feynman33,omega_0,0.0574637893592798
1.0,1.0,1.0,1.0,1.0,4.290170210600186,0.013826510449495693,0.016881670646402412,Feynman33,omega_0,0.013505901716193107
1.0,1.0,1.0,1.0,1.0,3.427017331386562,0.03628443873440827,0.03697897669246679,Feynman33,omega_0,0.03740318296891125
1.0,1.0,1.0,1.0,1.0,3.5094517854401093,0.0327102152300311,0.022349320264724415,Feynman33,omega_0,0.03375750439859494
1.0,1.0,1.0,1.0,1.0,4.4185910002776225,0.012207355063576102,0.017862792614427657,Feynman33,omega_0,0.011998096012128683
1.0,1.0,1.0,1.0,1.0,4.932600397771453,0.007695534306585306,0.007529680855088432,Feynman33,omega_0,0.008481827117256098
1.0,1.0,1.0,1.0,1.0,3.132481025206097,0.05393820903308515,0.04752827613686644,Feynman33,omega_0,0.053502908440427197
1.0,1.0,1.0,1.0,1.0,4.014891763312054,0.0183240737323503,0.01840371289828995,Feynman33,omega_0,0.018158213352523687
1.0,1.0,1.0,1.0,1.0,4.018335867631318,0.018257194036456453,0.017308839947766146,Feynman33,omega_0,0.018085937941335423
1.0,1.0,1.0,1.0,1.0,3.3558546501926014,0.03977817610650054,0.03734569293116823,Feynman33,omega_0,0.04083925523051853
1.0,1.0,1.0,1.0,1.0,4.709110081125808,0.009341407759201698,0.013917764368519797,Feynman33,omega_0,0.009668153735642452
1.0,1.0,1.0,1.0,1.0,4.041335357476283,0.017818404377829864,0.02596423871788665,Feynman33,omega_0,0.017613276703501407
1.0,1.0,1.0,1.0,1.0,3.7102488993816363,0.025702924606158355,0.02634369395008418,Feynman33,omega_0,0.02626718846212833
1.0,1.0,1.0,1.0,1.0,3.6971214812516564,0.026099008476503694,0.02765390420241976,Feynman33,omega_0,0.026700403553530743
1.0,1.0,1.0,1.0,1.0,3.912942231054884,0.02045227156125312,0.02141445589024172,Feynman33,omega_0,0.02048186954629153
1.0,1.0,1.0,1.0,1.0,3.964101618597907,0.019347332961857207,0.022021207137769633,Feynman33,omega_0,0.01927049314689332
1.0,1.0,1.0,1.0,1.0,4.3889158765893015,0.01255926500203971,0.008683543406453435,Feynman33,omega_0,0.012315219892408335
1.0,1.0,1.0,1.0,1.0,4.30263472685854,0.013657905379449456,0.01876233958176676,Feynman33,omega_0,0.01334341770269218
1.0,1.0,1.0,1.0,1.0,4.057301120250688,0.017521631902431663,0.015046568804039701,Feynman33,omega_0,0.01729523466117561
1.0,1.0,1.0,1.0,1.0,3.3690334667393587,0.03909988450938506,0.03402485689190968,Feynman33,omega_0,0.040182120249506105
1.0,1.0,1.0,1.0,1.0,3.2983410477038086,0.042919822765114454,0.045679846654838166,Feynman33,omega_0,0.04382065526775779
1.0,1.0,1.0,1.0,1.0,3.762041682355977,0.024212618975127734,0.028551915643939347,Feynman33,omega_0,0.024630297091768553
1.0,1.0,1.0,1.0,1.0,4.221607877175213,0.014802488849345173,0.013051789621215365,Feynman33,omega_0,0.014467828278363558
1.0,1.0,1.0,1.0,1.0,4.793827210813501,0.00866966740272241,0.005384448885096562,Feynman33,omega_0,0.009181203596054132
1.0,1.0,1.0,1.0,1.0,4.329920080324281,0.013297793805339882,0.009446402002164985,Feynman33,omega_0,0.013000382127213111
1.0,1.0,1.0,1.0,1.0,4.140956348958827,0.016064861096462796,0.016764109822125926,Feynman33,omega_0,0.01575795514468803
1.0,1.0,1.0,1.0,1.0,3.4312015784464824,0.03609139407532345,0.03861709732594457,Feynman33,omega_0,0.03720961873450792
1.0,1.0,1.0,1.0,1.0,3.554657478520311,0.030939394176941894,0.030346535068927687,Feynman33,omega_0,0.03190433700186644
1.0,1.0,1.0,1.0,1.0,3.2667434893962675,0.04478069054099353,0.042918971812688334,Feynman33,omega_0,0.04553890455271545
1.0,1.0,1.0,1.0,1.0,3.4927631767333267,0.03339638929452021,0.032282211385382696,Feynman33,omega_0,0.03446740532046867
1.0,1.0,1.0,1.0,1.0,4.699935360908558,0.009418038777251852,0.012912198017464136,Feynman33,omega_0,0.009724744726479835
1.0,1.0,1.0,1.0,1.0,4.750385791508578,0.009006224225923107,0.00596530380866481,Feynman33,omega_0,0.009423386268281719
1.0,1.0,1.0,1.0,1.0,4.5569297522582,0.01072181278288131,0.0030201328945534496,Feynman33,omega_0,0.010733161421568835
