lambd,d,n,target,target_with_noise,equation_name,varied_variable_name,Predicted
1.8586241361222189,2.0,1.0,1.1925456336142313,1.2672546712280668,Feynman31,lambd,1.2129668748629003
1.9419431354726029,2.0,1.0,1.3292596989027383,1.447297625214995,Feynman31,lambd,1.3324269590246316
1.9357115565336724,2.0,1.0,1.3165605236705435,1.3315728450014146,Feynman31,lambd,1.3229860046825228
1.586956608044774,2.0,1.0,0.9165031601393206,0.9946642579787995,Feynman31,lambd,0.9121496305416935
1.1192337300646598,2.0,1.0,0.5939234239745312,0.6640109595505249,Feynman31,lambd,0.6026928136804972
1.9011542103354169,2.0,1.0,1.2550893400252212,1.1680132664657572,Feynman31,lambd,1.2721397721707002
1.7977837417962452,2.0,1.0,1.1172339270913978,1.225658892545133,Feynman31,lambd,1.1345142662879888
1.0205592852595489,2.0,1.0,0.5355099215403045,0.6454889971202482,Feynman31,lambd,0.5530530041212133
1.5344692902938668,2.0,1.0,0.8745183002088932,0.9238404824160037,Feynman31,lambd,0.867007174573108
1.566173191464829,2.0,1.0,0.8996134949498593,0.850999505387709,Feynman31,lambd,0.8938462287925851
1.9047408753256736,2.0,1.0,1.2609172043255108,1.3722155491861172,Feynman31,lambd,1.277299732714073
1.4989019975963391,2.0,1.0,0.8472324573001876,0.7635175809375166,Feynman31,lambd,0.8383717568147973
1.4232040526921608,2.0,1.0,0.7917757802313323,0.9103212755822403,Feynman31,lambd,0.7821525484300933
1.2819101045399237,2.0,1.0,0.695741860901442,0.6890041506002288,Feynman31,lambd,0.6914360114731726
1.861582836297646,2.0,1.0,1.1965719135746822,1.1844235118463609,Feynman31,lambd,1.216965150543597
1.010868095478147,2.0,1.0,0.5298849219924014,0.6126933232332531,Feynman31,lambd,0.5482386378397328
1.327571961570526,2.0,1.0,0.7258694580594703,0.8219771022239696,Feynman31,lambd,0.7190157761431896
1.7526324681626018,2.0,1.0,1.0681613343677108,0.9834249142584787,Feynman31,lambd,1.0807333632296308
1.17597759718848,2.0,1.0,0.6285701507858357,0.5144568618365533,Feynman31,lambd,0.632311443566012
1.4050020148149471,2.0,1.0,0.7789056463557507,0.8297945044688327,Feynman31,lambd,0.7695080151009519
1.085579227397076,2.0,1.0,0.5737550460074357,0.38605661802457314,Feynman31,lambd,0.585572396017877
1.232120226400443,2.0,1.0,0.6637310945136963,0.6799624389230196,Feynman31,lambd,0.6629036049148304
1.8714079002547657,2.0,1.0,1.2102492147151427,1.1247154368066952,Feynman31,lambd,1.2303677560933592
1.4879332186336827,2.0,1.0,0.8389870166678397,0.7794710609461095,Feynman31,lambd,0.829839854324492
1.9392880519768356,2.0,1.0,1.3237707800998773,1.259876316267563,Feynman31,lambd,1.3283941559494783
1.6948628476198655,2.0,1.0,1.0111283374860207,1.1756478235976433,Feynman31,lambd,1.0170646767641394
1.8105472570984524,2.0,1.0,1.1320233710517942,1.0029339810666031,Feynman31,lambd,1.1503894842108553
1.4545891823762802,2.0,1.0,0.8143717980739437,0.8315357245948182,Feynman31,lambd,0.8047240799466185
1.747135065705049,2.0,1.0,1.0624847906910726,1.0672779734907836,Feynman31,lambd,1.0744316764782544
1.3730437178744652,2.0,1.0,0.7566946630913509,0.8182791464551672,Feynman31,lambd,0.7480490801477775
1.5762514079955785,2.0,1.0,0.9077579437383108,0.9403280201175309,Feynman31,lambd,0.9026499753043978
1.6864704648043172,2.0,1.0,1.0032736482092561,0.9708952542617503,Feynman31,lambd,1.0082717354200534
1.8314933157327125,2.0,1.0,1.157362486827434,1.2629134414693186,Feynman31,lambd,1.177105706011696
1.0930225591964406,2.0,1.0,0.5781926712756406,0.5850728996840884,Feynman31,lambd,0.5893365185516596
1.5142967514037096,2.0,1.0,0.8589366660872316,0.8440159316950037,Feynman31,lambd,0.8505810187547542
1.4655054212600733,2.0,1.0,0.822358348909951,0.7588802458550944,Feynman31,lambd,0.8128137475582282
1.8277023857725436,2.0,1.0,1.152669620622102,1.2617483651311832,Feynman31,lambd,1.1722085920003553
1.3827406582093966,2.0,1.0,0.7633839836516142,0.70800634948008,Feynman31,lambd,0.7544637328736509
1.9454026921351244,2.0,1.0,1.3366008151115287,1.4368809513669691,Feynman31,lambd,1.3377047079828697
1.8719890042147367,2.0,1.0,1.2110737085211152,1.2618120179673449,Feynman31,lambd,1.2311665217423309
1.3930792312075635,2.0,1.0,0.7705634231492781,0.6263038516216316,Feynman31,lambd,0.7613945005812816
1.9714685876675047,2.0,1.0,1.4016824350633428,1.464675296274767,Feynman31,lambd,1.3783171970600254
1.017233051278626,2.0,1.0,0.5335771907713074,0.5752875640888125,Feynman31,lambd,0.5514002086603599
1.1633655741032074,2.0,1.0,0.6207959550141304,0.5893859103949676,Feynman31,lambd,0.6256300209908827
1.2394645968016316,2.0,1.0,0.6684015549631466,0.5301463314538075,Feynman31,lambd,0.667021864040136
1.6864317197786518,2.0,1.0,1.0032376103430372,1.0266224802936619,Feynman31,lambd,1.008231401326299
1.7882820545888216,2.0,1.0,1.1065092451775187,1.0672552806401614,Feynman31,lambd,1.1228914013854483
1.347763084585069,2.0,1.0,0.7394498515743083,0.7319206461095604,Feynman31,lambd,0.7317014917600267
1.615482059343765,2.0,1.0,0.9403102269322805,0.999101065858326,Feynman31,lambd,0.9382294703212626
1.954245313265437,2.0,1.0,1.3564829661785298,1.3796893552739946,Feynman31,lambd,1.3513136966710564
1.403301699030818,2.0,1.0,0.777711775282633,0.5369086474814784,Feynman31,lambd,0.768342898053346
1.8784429997629064,2.0,1.0,1.220355607319195,1.233245280180761,Feynman31,lambd,1.2400838185042917
1.9214115769536075,2.0,1.0,1.2895338808200476,1.4185285328024368,Feynman31,lambd,1.3016378351438513
1.1465581329716752,2.0,1.0,0.6105022627417198,0.5580660471925155,Feynman31,lambd,0.6168185558237148
1.6261122324366704,2.0,1.0,0.949382424068988,0.9315912920095695,Feynman31,lambd,0.9482414446586284
1.7794803649307411,2.0,1.0,1.0967756614106507,1.0172454620293956,Feynman31,lambd,1.11227159769529
1.2836377236958576,2.0,1.0,0.6968677602210996,0.46480494621587765,Feynman31,lambd,0.6924533814246447
1.9695990642406271,2.0,1.0,1.3962160657196372,1.5484430662412088,Feynman31,lambd,1.3753540531693622
1.1215934271675192,2.0,1.0,0.5953477552436848,0.6392401479158561,Feynman31,lambd,0.6039039025824156
1.0470541741928372,2.0,1.0,0.550985440381901,0.47195624021845556,Feynman31,lambd,0.5662440558249916
1.863902670336918,2.0,1.0,1.1997579091765451,1.2868794355859465,Feynman31,lambd,1.2201122755054432
1.8446797018761796,2.0,1.0,1.174093205269045,1.124092611275206,Feynman31,lambd,1.194355765366219
1.6329692524629447,2.0,1.0,0.9552959122863665,0.9419758982059108,Feynman31,lambd,0.9547862779346148
1.4568034858179448,2.0,1.0,0.8159863385081295,0.9790638440952225,Feynman31,lambd,0.8063548081491594
1.114953097704752,2.0,1.0,0.5913430899585724,0.6062534264136038,Feynman31,lambd,0.6004997211062422
1.9510510079728798,2.0,1.0,1.349098396072225,1.338455262931856,Feynman31,lambd,1.346377778467689
1.3640500641445312,2.0,1.0,0.7505280483491177,0.7378893929293588,Feynman31,lambd,0.7421721701524316
1.4428134596968145,2.0,1.0,0.8058315203782063,0.8251153270050713,Feynman31,lambd,0.7961377608664749
1.1849060707866306,2.0,1.0,0.6341004042965781,0.7775655266718813,Feynman31,lambd,0.6370802839973114
1.8647284408059883,2.0,1.0,1.2008983126129287,1.1183281190496541,Feynman31,lambd,1.2212351209631116
1.3620825370059164,2.0,1.0,0.7491837179454488,0.820792854528968,Feynman31,lambd,0.7408956192013995
1.0962744506756406,2.0,1.0,0.5801354436722919,0.6347790020701205,Feynman31,lambd,0.5909846955383257
1.0921147094696273,2.0,1.0,0.5776507360105823,0.5173479716225372,Feynman31,lambd,0.588876796618451
1.1958968025715468,2.0,1.0,0.6409390691140083,0.6399592199262762,Feynman31,lambd,0.6429975625657656
1.6749679524185725,2.0,1.0,0.9926626387729277,0.9209703293879677,Feynman31,lambd,0.9964014819778478
1.4067499882968102,2.0,1.0,0.7801344485644991,0.7196540117863695,Feynman31,lambd,0.7707086099845386
1.3728296696454496,2.0,1.0,0.7565474820567795,0.7294852146845465,Feynman31,lambd,0.7479084067123972
1.4394161557066476,2.0,1.0,0.8033817578528789,0.8101656511417956,Feynman31,lambd,0.793687145635357
1.6635507741144664,2.0,1.0,0.9822983111537973,1.1157165868320469,Feynman31,lambd,0.9848234043229542
1.1482664522665798,2.0,1.0,0.6115451148971107,0.6373177899534804,Feynman31,lambd,0.6177096064194411
1.5063281098794654,2.0,1.0,0.8528587430837645,0.8237931038248388,Feynman31,lambd,0.8442266167673457
1.00923312838819,2.0,1.0,0.5289377787754741,0.5691899437098887,Feynman31,lambd,0.5474267127967688
1.2981104319398005,2.0,1.0,0.7063418522248255,0.8617059158811393,Feynman31,lambd,0.7010541505750603
1.771530643142145,2.0,1.0,1.0881403513962051,1.002369755053808,Feynman31,lambd,1.1027997447021705
1.7532796185898674,2.0,1.0,1.0688334306230023,1.043658190891706,Feynman31,lambd,1.0814786444685898
1.591334324353508,2.0,1.0,0.9201081951409644,0.9389743506905064,Feynman31,lambd,0.9160789840466651
1.2298118265130225,2.0,1.0,0.6622666524474726,0.582670614672947,Feynman31,lambd,0.6616152201956101
1.1170660676517499,2.0,1.0,0.5926162125312107,0.5254913025617876,Feynman31,lambd,0.6015816374152119
1.3843806367875033,2.0,1.0,0.7645195332351632,0.5887592484564221,Feynman31,lambd,0.7555567656240483
1.1198590095341778,2.0,1.0,0.594300713899759,0.6114554784278946,Feynman31,lambd,0.6030135809009228
1.6935625372871983,2.0,1.0,1.0099049146811105,0.8763927313544356,Feynman31,lambd,1.0156949336352885
1.4499929493906631,2.0,1.0,0.8110292758832586,0.7721099614031636,Feynman31,lambd,0.8013555901583813
1.0972640456620788,2.0,1.0,0.5807271466030275,0.5306212784820459,Feynman31,lambd,0.5914867216163027
1.442828693782273,2.0,1.0,0.8058425195964968,0.8673853964547813,Feynman31,lambd,0.796148776373956
1.0976548350090818,2.0,1.0,0.5809608723413859,0.5044483158437841,Feynman31,lambd,0.5916850313524095
1.9409321673226168,2.0,1.0,1.3271554122239757,1.2231199537309312,Feynman31,lambd,1.3308895938405254
1.962108386860503,2.0,1.0,1.3758299984339257,1.3538234836969687,Feynman31,lambd,1.3635599409737997
1.4485359452257283,2.0,1.0,0.8099721515300001,0.8118787515696274,Feynman31,lambd,0.8002923770422341
1.1111834744877855,2.0,1.0,0.5890744856822112,0.4626362949026548,Feynman31,lambd,0.5985724705346221
1.4375866879172041,2.0,1.0,0.8020651211266167,0.7237800442447934,Feynman31,lambd,0.7923723365120314
1.9345591064141243,2.0,1.0,1.314279433580328,1.3430668960817576,Feynman31,lambd,1.3212492401774614
1.8909850345578247,2.0,1.0,1.2391037386914896,1.2544746171355092,Feynman31,lambd,1.2576551902789814
1.524488969183736,2.0,1.0,0.8667735853642778,0.9150139837224102,Feynman31,lambd,0.8588187241579974
1.3007738968809925,2.0,1.0,0.7080937344424065,0.6692133485225437,Feynman31,lambd,0.7026524968641441
1.5225191591363256,2.0,1.0,0.865253361398244,0.9862009520958734,Feynman31,lambd,0.8572169143144405
1.058412058552649,2.0,1.0,0.5576645501609502,0.6809782319087452,Feynman31,lambd,0.5719196940364712
1.5496558673561163,2.0,1.0,0.8864428668973002,0.8809207131651114,Feynman31,lambd,0.8797039702725594
1.7547914345640763,2.0,1.0,1.0704067396763484,0.9175976414923211,Feynman31,lambd,1.0832225473244357
1.8508305234274893,2.0,1.0,1.1821299405339178,1.2657871042103668,Feynman31,lambd,1.202517871935229
1.1423198685671934,2.0,1.0,0.6079182701311059,0.6613874466308145,Feynman31,lambd,0.614612142684678
1.5420700497482045,2.0,1.0,0.8804649278105164,0.7917124476128339,Feynman31,lambd,0.8733257013552314
1.9391662112548307,2.0,1.0,1.3235217612980117,1.3298496250781295,Feynman31,lambd,1.3282094598028318
1.6495427396663942,2.0,1.0,0.9697977591873647,0.8497494951426477,Feynman31,lambd,0.9708907009702608
1.9129151340318495,2.0,1.0,1.274613461697907,1.198105473755907,Feynman31,lambd,1.2891603229305864
1.5960238852297137,2.0,1.0,0.9239890700727862,0.922218245543092,Feynman31,lambd,0.9203173049242198
1.7741775355112521,2.0,1.0,1.0909995912678279,0.9559930097720256,Feynman31,lambd,1.1059408654778096
1.9170254402401916,2.0,1.0,1.2817379858251639,1.3511847243904929,Feynman31,lambd,1.2951774359741872
1.0898359181421795,2.0,1.0,0.5762912678930123,0.6544944624715113,Feynman31,lambd,0.5877236188915685
1.2576275358991593,2.0,1.0,0.680026678089876,0.7710024583621821,Feynman31,lambd,0.6773366259635651
1.202518627357387,2.0,1.0,0.6450761818634045,0.6647533979521792,Feynman31,lambd,0.646588879174985
1.444466221140104,2.0,1.0,0.8070255728430391,0.7643650713961428,Feynman31,lambd,0.7973342311409433
1.4963309091993784,2.0,1.0,0.8452928511978864,0.8574188892730974,Feynman31,lambd,0.8363595384735095
1.3723350308021012,2.0,1.0,0.7562074431757342,0.846437367826625,Feynman31,lambd,0.7475834788836063
1.9244329747775892,2.0,1.0,1.2950287734519412,1.318478576979814,Feynman31,lambd,1.3061119112352433
1.9296769510366563,2.0,1.0,1.3048281553101335,1.3300554358017462,Feynman31,lambd,1.3139235135507463
1.5553833069000464,2.0,1.0,0.8909854965344691,0.9842985069894445,Feynman31,lambd,0.8845680652123424
1.3539154745385982,2.0,1.0,0.7436213496350397,0.8269530416851414,Feynman31,lambd,0.7356311835081284
1.0795050440802054,2.0,1.0,0.570143103328709,0.6153253761231254,Feynman31,lambd,0.5825088206229188
1.1924883436062736,2.0,1.0,0.6388145428389376,0.6136747781219328,Feynman31,lambd,0.6411567819323054
1.0691537394785096,2.0,1.0,0.5640069929519532,0.6208276901775762,Feynman31,lambd,0.5773033770738192
1.8548454686851223,2.0,1.0,1.1874620771447226,1.212836018632802,Feynman31,lambd,1.2078857784359347
1.6498341571811352,2.0,1.0,0.9700554865522014,0.9303146740912107,Feynman31,lambd,0.9711775289510616
1.4629236356255126,2.0,1.0,0.820463290439582,0.8146882034951961,Feynman31,lambd,0.8108890074408484
1.871944142262338,2.0,1.0,1.2110099922007131,1.1260205560233847,Feynman31,lambd,1.2311048318000215
1.4510679210891824,2.0,1.0,0.8118099725517843,0.73354521044487,Feynman31,lambd,0.8021414393893682
1.7276800122377651,2.0,1.0,1.0428431625276393,1.1560869807101442,Feynman31,lambd,1.0525468169829202
1.6157834821411838,2.0,1.0,0.9405659151820657,0.8394718852105092,Feynman31,lambd,0.9385111364081906
1.0943739830835377,2.0,1.0,0.5789997506271447,0.5507724221195337,Feynman31,lambd,0.5900211887369231
1.10875157274881,2.0,1.0,0.5876127620793452,0.6005553060308976,Feynman31,lambd,0.5973310864392306
1.23599209465264,2.0,1.0,0.666191171171713,0.737869196720093,Feynman31,lambd,0.6650710395929615
1.5943594704328212,2.0,1.0,0.9226093974639129,0.9160000563781352,Feynman31,lambd,0.9188095881894518
1.9695091120496457,2.0,1.0,1.3959573180130782,1.3191265564743082,Feynman31,lambd,1.3752116789995648
1.310930128945745,2.0,1.0,0.7147982515610324,0.8426847955283947,Feynman31,lambd,0.7087928848532463
1.1044974675979757,2.0,1.0,0.5850591960187748,0.4813031800848767,Feynman31,lambd,0.595163098256021
1.542395486060078,2.0,1.0,0.8807204950116911,0.7198895759014182,Feynman31,lambd,0.8735978457992024
1.4789071424448261,2.0,1.0,0.8322583165969487,0.8776067211697557,Feynman31,lambd,0.8229209502920399
1.8880065602682334,2.0,1.0,1.2345604797875551,1.129535467816582,Feynman31,lambd,1.2534531943132718
1.4363255971556683,2.0,1.0,0.8011585783557357,0.7652505990878783,Feynman31,lambd,0.7914679825199541
1.986971772321021,2.0,1.0,1.4565930130920015,1.4282550135956278,Feynman31,lambd,1.403193095389088
1.1749043737797717,2.0,1.0,0.6279069007801766,0.6799943544887709,Feynman31,lambd,0.6317404331222428
1.9869631286029685,2.0,1.0,1.456555093420971,1.4648524795526798,Feynman31,lambd,1.4031790740126988
1.267504857672085,2.0,1.0,0.686394636342635,0.6313742015424845,Feynman31,lambd,0.6830275435855122
1.0617902033279527,2.0,1.0,0.5596564613020797,0.6112906303904899,Feynman31,lambd,0.5736109909106613
1.6941862483851653,2.0,1.0,1.0104914479269609,0.9571473461935778,Feynman31,lambd,1.0163516105589108
1.264673718698866,2.0,1.0,0.6845660068063191,0.7812732575590291,Feynman31,lambd,0.6813902855811034
1.7447348333079273,2.0,1.0,1.0600244124575107,0.9295430913786821,Feynman31,lambd,1.0716966728132151
1.329846518709504,2.0,1.0,0.7273910693669653,0.8802938255834925,Feynman31,lambd,0.7204290601191408
1.3947959760343003,2.0,1.0,0.7717604261815274,0.7365722148826875,Feynman31,lambd,0.7625547032923307
1.525820184178425,2.0,1.0,0.8678025088702794,0.7485653749762669,Feynman31,lambd,0.8599039036885984
1.1581812201175263,2.0,1.0,0.6176127925257816,0.5456116344726718,Feynman31,lambd,0.6229012075015459
1.4018588297611543,2.0,1.0,0.7766997692899711,0.7257619433024314,Feynman31,lambd,0.7673563066276318
1.4489174670998213,2.0,1.0,0.8102488498878884,0.8109991221776325,Feynman31,lambd,0.8005705703200129
1.359689528911967,2.0,1.0,0.7475509356096723,0.8173759599556873,Feynman31,lambd,0.7393473764199335
1.2203640341147617,2.0,1.0,0.6562903143348198,0.4714963096412585,Feynman31,lambd,0.6563713252615657
1.0717496735140175,2.0,1.0,0.5655435781039115,0.6419528905364583,Feynman31,lambd,0.5786071059871967
1.487849177530348,2.0,1.0,0.8389241342602791,0.8200152616382543,Feynman31,lambd,0.8297750118446459
1.7901131057795334,2.0,1.0,1.108558000305604,1.03255200385736,Feynman31,lambd,1.1251183648931293
1.1371977758555412,2.0,1.0,0.604801608847318,0.5912700132143786,Feynman31,lambd,0.6119534830181466
1.730851718699281,2.0,1.0,1.0459997046451392,0.9160401912949978,Feynman31,lambd,1.0560707692215976
1.6113392268137647,2.0,1.0,0.9368050072909804,0.9846759644549172,Feynman31,lambd,0.9343712471366484
1.0234871447819018,2.0,1.0,0.5372130098691047,0.6109220871998372,Feynman31,lambd,0.5545082807615062
1.484307629744686,2.0,1.0,0.8362782143648432,1.0593746370070003,Feynman31,lambd,0.8270497283653296
1.0233728323242473,2.0,1.0,0.5371464837924325,0.5257341919683294,Feynman31,lambd,0.5544514540241623
1.3192054083707436,2.0,1.0,0.7202900482729258,0.7681233999056697,Feynman31,lambd,0.7138507549304813
1.6423539599485633,2.0,1.0,0.9634704086613797,0.9918789410793384,Feynman31,lambd,0.963855357030338
1.5652281189127508,2.0,1.0,0.8988540467053673,0.7799380529174232,Feynman31,lambd,0.8930275207560008
1.4584314006264607,2.0,1.0,0.8171750883139977,0.8110905788799068,Feynman31,lambd,0.8075569896192233
1.895753447489273,2.0,1.0,1.2465048422392337,1.3021060629195202,Feynman31,lambd,1.2644204699812074
1.2630783186358836,2.0,1.0,0.6835367414566835,0.7237084465422698,Feynman31,lambd,0.680469823230532
1.6927157473746237,2.0,1.0,1.0091094751110103,1.1222224811579902,Feynman31,lambd,1.0148043851085817
1.7562576230941886,2.0,1.0,1.071936901418821,1.0805845825266882,Feynman31,lambd,1.0849176265696256
1.1657179859673779,2.0,1.0,0.6222427122799385,0.44898044845423635,Feynman31,lambd,0.6268715537351995
1.2085522287875758,2.0,1.0,0.6488570345943412,0.5847653353159395,Feynman31,lambd,0.6498790280759558
1.468149004340769,2.0,1.0,0.82430278281364,0.8532714485489293,Feynman31,lambd,0.8147919892856405
1.1438485495220954,2.0,1.0,0.608849742147419,0.5598384545094436,Feynman31,lambd,0.6154072737178272
1.3683236639954939,2.0,1.0,0.7534538487065033,0.7530953113826826,Feynman31,lambd,0.7449561681650341
1.0417815409198923,2.0,1.0,0.5478941358511775,0.519649725161948,Feynman31,lambd,0.5636142464934165
1.5168456663207035,2.0,1.0,0.860889848316891,0.8362234618316065,Feynman31,lambd,0.8526294664355676
1.5221068524273427,2.0,1.0,0.8649355022397647,0.8160865575608549,Feynman31,lambd,0.8568822284410581
1.1225968703098332,2.0,1.0,0.5959538576292966,0.7229456693737241,Feynman31,lambd,0.604419381298623
1.1432631820711565,2.0,1.0,0.6084929884649437,0.5864875644871217,Feynman31,lambd,0.6151027082334645
1.3194323673486799,2.0,1.0,0.7204410392619736,0.7509703530893251,Feynman31,lambd,0.7139901785975666
1.7357212922493388,2.0,1.0,1.050879786499393,1.00155459043426,Feynman31,lambd,1.0615142482329865
1.0951534156212581,2.0,1.0,0.5794654265811705,0.6351953823812836,Feynman31,lambd,0.5904162524267542
1.4326965050225549,2.0,1.0,0.7985545003674375,0.7613995912503512,Feynman31,lambd,0.7888744183163701
1.7361235608984829,2.0,1.0,1.0512847832436767,1.1167544780743806,Feynman31,lambd,1.0619657257548714
1.3851692762405898,2.0,1.0,0.7650660413533453,0.9205251360152761,Feynman31,lambd,0.7560832377035606
1.6006812598496025,2.0,1.0,0.9278631496043428,0.9495450900101238,Feynman31,lambd,0.924556519163538
1.4553509677671836,2.0,1.0,0.8149269352925176,0.6741572206103514,Feynman31,lambd,0.8052845157867883
1.9494437534886377,2.0,1.0,1.34547280705404,1.3768285220999092,Feynman31,lambd,1.3439026959965965
1.8562580254834447,2.0,1.0,1.1893548904145934,1.1645432886248588,Feynman31,lambd,1.209781906189527
1.294988315753825,2.0,1.0,0.7042916216791401,0.664039217591232,Feynman31,lambd,0.699186786973418
1.125805770710729,2.0,1.0,0.597893781786253,0.6090397136632977,Feynman31,lambd,0.6060697517841306
1.7924691861377688,2.0,1.0,1.111206669771656,1.2532176818895195,Feynman31,lambd,1.1279928894525497
1.3864381665938104,2.0,1.0,0.7659459542217065,0.764142996662792,Feynman31,lambd,0.7569314734332844
1.5793766335561683,2.0,1.0,0.9103007968816605,0.8757049929743692,Feynman31,lambd,0.9054073588002831
1.2098839534930566,2.0,1.0,0.6496929965487953,0.6769870924565539,Feynman31,lambd,0.650607569413299
1.94983717679699,2.0,1.0,1.3463549546818707,1.3394241757481038,Feynman31,lambd,1.3445080216809429
1.149554904068192,2.0,1.0,0.6123321615262696,0.5519711090463679,Feynman31,lambd,0.6183823172135592
1.7116128261802777,2.0,1.0,1.027107735168423,0.9493612424493448,Feynman31,lambd,1.034953627785942
1.1588128933432755,2.0,1.0,0.6180002503346024,0.5952343079511403,Feynman31,lambd,0.6232331600914823
1.9007377295023642,2.0,1.0,1.2544193409349826,1.3297461011340472,Feynman31,lambd,1.271542339675202
1.4348927718514253,2.0,1.0,0.8001296112850562,0.9056798701186554,Feynman31,lambd,0.7904424201324842
1.1012566106086799,2.0,1.0,0.5831167374873822,0.7125193352377053,Feynman31,lambd,0.5935144269026896
1.1317724470349553,2.0,1.0,0.6015077410539529,0.6711908516773412,Feynman31,lambd,0.6091464921482207
1.6313953712106661,2.0,1.0,0.9539342416518083,0.9916921141261339,Feynman31,lambd,0.953277997388262
1.6091912354268776,2.0,1.0,0.9349941726549476,0.9935527507014977,Feynman31,lambd,0.9323803775378645
1.179515815695098,2.0,1.0,0.6307590331643849,0.674161311843209,Feynman31,lambd,0.6341972926143216
1.2706437460298894,2.0,1.0,0.6884252489736049,0.6382989547150067,Feynman31,lambd,0.6848485691787637
1.7977832671714573,2.0,1.0,1.1172333854934322,1.1193517898770875,Feynman31,lambd,1.1345136815660595
1.4949651927524616,2.0,1.0,0.8442642904905648,0.7522383494485536,Feynman31,lambd,0.8352937701064203
1.9313518347272929,2.0,1.0,1.3080330984216646,1.383963956890638,Feynman31,lambd,1.3164309099097147
1.8239762807319169,2.0,1.0,1.1481048103957074,1.0415443435808638,Feynman31,lambd,1.167422009728602
1.1194094891310356,2.0,1.0,0.5940294662383295,0.5648527344965056,Feynman31,lambd,0.6027829668486211
1.8741891694796422,2.0,1.0,1.214211911790787,1.1549594313370006,Feynman31,lambd,1.2341969636819883
1.8319100275501206,2.0,1.0,1.1578814065201017,1.2738711686439987,Feynman31,lambd,1.1776456957876384
1.1399136629721522,2.0,1.0,0.6064533170202574,0.5512558533698448,Feynman31,lambd,0.6133621282678058
1.117698551109385,2.0,1.0,0.5929975134310534,0.4710920089006547,Feynman31,lambd,0.6019057255212322
1.054859274230467,2.0,1.0,0.5555723296736208,0.45270301947814023,Feynman31,lambd,0.5701426228650294
1.7386893915978203,2.0,1.0,1.053874796972044,1.1447515032527544,Feynman31,lambd,1.0648519150011018
1.2691111715550152,2.0,1.0,0.687433371505219,0.4985665485911044,Feynman31,lambd,0.6839586808323047
1.0512487250328502,2.0,1.0,0.5534488720784682,0.5552383762433534,Feynman31,lambd,0.5683382972523608
1.0316422917413584,2.0,1.0,0.5419658758531583,0.5410031069869876,Feynman31,lambd,0.5585643872996346
1.8231405575996091,2.0,1.0,1.1470873245323625,1.2616269229517518,Feynman31,lambd,1.1663520679187902
1.6847193186869802,2.0,1.0,1.0016468855679495,0.9747576743671654,Feynman31,lambd,1.0064511454206466
1.1337431791851749,2.0,1.0,0.6027033634880119,0.5468755266980212,Feynman31,lambd,0.6101650658935311
1.1046712394578773,2.0,1.0,0.5851634194527335,0.5627600237704531,Feynman31,lambd,0.595251569494346
1.5421835565054574,2.0,1.0,0.8805540564042995,0.935356149647953,Feynman31,lambd,0.8734206057252594
1.7031531550173271,2.0,1.0,1.0189854021896951,1.0410880597828007,Feynman31,lambd,1.0258617204416598
1.538567707927097,2.0,1.0,0.8777195018341272,0.9637651646794941,Feynman31,lambd,0.8704052673548786
1.190753440092573,2.0,1.0,0.6377344472500148,0.7296918002445253,Feynman31,lambd,0.6402218163351167
1.5208177955317352,2.0,1.0,0.8639424946073114,0.8111505559437525,Feynman31,lambd,0.855837171794494
1.924585458590145,2.0,1.0,1.2953089192767089,1.1941099592003228,Feynman31,lambd,1.3063382252377214
1.3306813369043389,2.0,1.0,0.727950055137906,0.6157609407059855,Feynman31,lambd,0.7209487579409473
1.9355154114345632,2.0,1.0,1.3161708743681366,1.2176390522075256,Feynman31,lambd,1.3226902075177724
1.3659927096429616,2.0,1.0,0.751857033744185,0.8160432122893702,Feynman31,lambd,0.7434357731851018
1.7638731268907721,2.0,1.0,1.0799549304785376,1.0451624724228747,Feynman31,lambd,1.0937826132704664
1.681573996466818,2.0,1.0,0.9987353120466529,0.9340344117911663,Feynman31,lambd,1.0031932693212404
1.354879471313485,2.0,1.0,0.7442764166573091,0.697665677129123,Feynman31,lambd,0.736249705328004
1.8601666380827013,2.0,1.0,1.194639591290469,1.1204804864877924,Feynman31,lambd,1.215049182488731
1.6507761486317403,2.0,1.0,0.9708892404017806,0.7581531518609774,Feynman31,lambd,0.9721055577589708
1.9258224604877352,2.0,1.0,1.2975919072000712,1.2003432406896524,Feynman31,lambd,1.3081760005472427
1.807550475619307,2.0,1.0,1.1285094748965712,1.2041527032199166,Feynman31,lambd,1.1466348602180827
1.7041307835997395,2.0,1.0,1.0199185515926992,0.9978430773173377,Feynman31,lambd,1.0269064422508187
1.701781798244911,2.0,1.0,1.0176788165476462,1.1018478186435139,Feynman31,lambd,1.0243988664421015
1.0181445979723949,2.0,1.0,0.5341066312724159,0.5816057672471148,Feynman31,lambd,0.5518531059897226
1.4003639690798226,2.0,1.0,0.7756523577742824,0.7942645561118353,Feynman31,lambd,0.7663362042575438
1.3456052480308343,2.0,1.0,0.7379905342982209,0.7683378619227427,Feynman31,lambd,0.7303304593164002
1.0287063011204802,2.0,1.0,0.5402532041419148,0.5017859099149845,Feynman31,lambd,0.5571036256101244
1.7217387923306742,2.0,1.0,1.036975842390624,1.1066718553785084,Feynman31,lambd,1.0459912426274258
1.0130565317390832,2.0,1.0,0.531153515368773,0.3898422052266633,Feynman31,lambd,0.5493255226721754
1.400324631928954,2.0,1.0,0.7756248097490716,0.6776686910987216,Feynman31,lambd,0.7663093882928966
1.6895811992388352,2.0,1.0,1.0061737144973062,0.9828267319418339,Feynman31,lambd,1.0115178353578014
1.4847609581929793,2.0,1.0,0.8366164666376472,0.7767981030948333,Feynman31,lambd,0.8273977869356034
1.1136917187288922,2.0,1.0,0.5905835930702926,0.5181501870928032,Feynman31,lambd,0.5998544166826508
1.851585085428803,2.0,1.0,1.1831267375261851,1.195715089529283,Feynman31,lambd,1.2035242838048867
1.0941308508012964,2.0,1.0,0.5788545190123193,0.7054610631730245,Feynman31,lambd,0.5898979817131248
1.2822495585615452,2.0,1.0,0.6959630014149683,0.5651608195184069,Feynman31,lambd,0.6916357571555529
1.4474200157378672,2.0,1.0,0.809163285936979,0.7259255089947931,Feynman31,lambd,0.7994795434120726
1.5296584974556726,2.0,1.0,0.8707762428967752,1.0154483673660066,Feynman31,lambd,0.8630448949592809
1.0704517997099297,2.0,1.0,0.5647751536978831,0.558997489940453,Feynman31,lambd,0.5779551511860701
1.423415226946436,2.0,1.0,0.7919260759236959,0.6741450509685304,Feynman31,lambd,0.7823011209549567
1.4232420320100778,2.0,1.0,0.7918028089595627,0.7278263831538698,Feynman31,lambd,0.7821792657196567
1.9306059839172602,2.0,1.0,1.3066011998141804,1.336314974063915,Feynman31,lambd,1.3153135836162233
1.9192271834702228,2.0,1.0,1.2856254371042084,1.2673802715530869,Feynman31,lambd,1.2984153040768576
1.5322936207475855,2.0,1.0,0.8728238962908661,0.8523137934093623,Feynman31,lambd,0.8652117175833747
1.8475678685363373,2.0,1.0,1.177847510129942,1.0547761555785133,Feynman31,lambd,1.1981791160330755
1.9543021663679054,2.0,1.0,1.3566166682029253,1.2639766124038514,Feynman31,lambd,1.3514017510678336
1.7305137798737522,2.0,1.0,1.0456625634165038,1.0302892749183676,Feynman31,lambd,1.0556944918373414
1.5875535887659722,2.0,1.0,0.9169937723392184,0.8686080484678366,Feynman31,lambd,0.9126839336729544
1.1135302604463093,2.0,1.0,0.590486404325806,0.5149267589844359,Feynman31,lambd,0.5997718470883138
1.9863624608956227,2.0,1.0,1.4539499922897532,1.3842421829107188,Feynman31,lambd,1.4022051203754937
1.8549975438084079,2.0,1.0,1.187665429357759,1.2919347306661697,Feynman31,lambd,1.2080897250802056
1.218269946081213,2.0,1.0,0.6549693965488194,0.7069827255503836,Feynman31,lambd,0.6552152476374652
1.7646667983477862,2.0,1.0,1.0807974754022451,1.2601379320326713,Feynman31,lambd,1.0947123770114489
1.7526948646106812,2.0,1.0,1.0682261002205076,1.1014107183671118,Feynman31,lambd,1.0808051894346857
1.7840428509082429,2.0,1.0,1.1017978684819651,1.028438026697348,Feynman31,lambd,1.1177590085667797
1.8047139743743257,2.0,1.0,1.1252073686408446,1.167575925904298,Feynman31,lambd,1.1430964907780985
1.9167838185408952,2.0,1.0,1.2813144636696385,1.201935410494362,Feynman31,lambd,1.2948227348658874
1.353577473797757,2.0,1.0,0.7433917606340884,0.6180290125544002,Feynman31,lambd,0.735414494786763
1.1433915616511454,2.0,1.0,0.6085712221339309,0.6171627685474763,Feynman31,lambd,0.6151694941368916
1.5414563150367728,2.0,1.0,0.8799831731111748,0.8934460620923,Feynman31,lambd,0.8728128298551672
1.467560900801434,2.0,1.0,0.8238698621316594,0.628342718812514,Feynman31,lambd,0.814351248156592
1.271421199501555,2.0,1.0,0.6889287239637394,0.7476978976768552,Feynman31,lambd,0.6853005581805376
1.318553330566556,2.0,1.0,0.7198563460203936,0.7932577539918847,Feynman31,lambd,0.7134503869280612
1.6395488872632789,2.0,1.0,0.9610170510676003,1.095759683823684,Feynman31,lambd,0.961131011700183
1.4658357781962028,2.0,1.0,0.8226011134539455,0.8600287593343771,Feynman31,lambd,0.8130605477573914
1.367742973006818,2.0,1.0,0.7530558241964563,0.695176203817284,Feynman31,lambd,0.7445769735386467
1.0193489943563492,2.0,1.0,0.5348064177944135,0.6115003459876555,Feynman31,lambd,0.5524515579173477
1.8040407354613768,2.0,1.0,1.1244269672974048,1.1355341828169023,Feynman31,lambd,1.1422588638663067
1.636771376080087,2.0,1.0,0.9585962591691185,1.0997184401879347,Feynman31,lambd,0.958444894394295
1.8343914392418195,2.0,1.0,1.160984262690508,1.2220799727710618,Feynman31,lambd,1.1808681151849045
1.0523621942042305,2.0,1.0,0.5541034344955685,0.49556907623954954,Feynman31,lambd,0.5688945694545228
1.2447368904941989,2.0,1.0,0.6717649756540558,0.6148823284158327,Feynman31,lambd,0.6699965875271588
1.3506611540766427,2.0,1.0,0.7414128411083015,0.8762022722516456,Feynman31,lambd,0.7335487412257422
1.9008709872176357,2.0,1.0,1.254633565370411,1.2920759568005458,Feynman31,lambd,1.2717334556124904
1.6114651106255602,2.0,1.0,0.9369112702176097,1.0180349665710868,Feynman31,lambd,0.9344881247651136
1.175746065385142,2.0,1.0,0.6284270375368424,0.609056671948917,Feynman31,lambd,0.6321882171218264
1.5101984351839777,2.0,1.0,0.8558054424950847,0.7849331322053079,Feynman31,lambd,0.8473035616330999
1.202482333999308,2.0,1.0,0.6450534718528098,0.7138555948432073,Feynman31,lambd,0.6465691403147236
1.9900287115213084,2.0,1.0,1.4708984536366048,1.5326812410694095,Feynman31,lambd,1.408162597676223
1.0997994922146974,2.0,1.0,0.582244201741764,0.6714537919357001,Feynman31,lambd,0.592773975164817
1.2284730139604711,2.0,1.0,0.661418079584936,0.7579100181542917,Feynman31,lambd,0.6608692887742258
1.0746188969431516,2.0,1.0,0.5672436742696626,0.47480075982925085,Feynman31,lambd,0.5800493879756092
1.6323220337455897,2.0,1.0,0.9547356427709066,0.9457613010016608,Feynman31,lambd,0.954165597665281
1.9680835612676506,2.0,1.0,1.3919061646978113,1.4027631063159856,Feynman31,lambd,1.3729577707507419
1.317256945208765,2.0,1.0,0.7189945990009476,0.7111477666800902,Feynman31,lambd,0.712655350984082
1.5424632163206022,2.0,1.0,0.8807736939626355,0.9486940159628672,Feynman31,lambd,0.8736545015698184
1.1341279630008145,2.0,1.0,0.6029369225200157,0.6871710077116674,Feynman31,lambd,0.6103640810980324
1.435528180352701,2.0,1.0,0.800585787927923,0.9056529132207155,Feynman31,lambd,0.7908969665641815
1.9551131935758779,2.0,1.0,1.3585329980587237,1.4466423890901385,Feynman31,lambd,1.352658650876641
1.1267909071225781,2.0,1.0,0.5984898549865171,0.4746988756880257,Feynman31,lambd,0.6065770146999095
1.7600191505183507,2.0,1.0,1.0758823603877723,1.1453607389623717,Feynman31,lambd,1.0892835787193635
1.8849181948817684,2.0,1.0,1.2299111387873127,1.201775458644676,Feynman31,lambd,1.2491153914475126
1.0632266999586082,2.0,1.0,0.5605042396322377,0.7663482873520611,Feynman31,lambd,0.5743306738221791
1.095967731925573,2.0,1.0,0.5799520956491047,0.624376759048191,Feynman31,lambd,0.5908291400482503
1.5118424815992921,2.0,1.0,0.8570601780139653,0.8876627723499677,Feynman31,lambd,0.8486159312098607
1.2595700984671276,2.0,1.0,0.6812764564905672,0.6548161735243988,Feynman31,lambd,0.6784511937668414
1.8114697120645311,2.0,1.0,1.133110308058035,1.027263710470081,Feynman31,lambd,1.1515485980706615
1.3784981223738084,2.0,1.0,0.7604520836208504,0.8355707758086339,Feynman31,lambd,0.7516471294182184
1.7775879621430137,2.0,1.0,1.0947069520116182,1.1727735925339526,Feynman31,lambd,1.110006575201401
1.0494611510803904,2.0,1.0,0.5523985845342381,0.6453104964403124,Feynman31,lambd,0.5674455583614585
1.2689150984577986,2.0,1.0,0.6873065318973925,0.6580380297478079,Feynman31,lambd,0.683844936698155
1.4800066281991209,2.0,1.0,0.8330752856010869,0.8840823426966111,Feynman31,lambd,0.8237588997387281
1.3161797707322618,2.0,1.0,0.7182790623049432,0.7134309780631748,Feynman31,lambd,0.7119956883463799
1.443046008606264,2.0,1.0,0.8059994376001507,0.9008338972564149,Feynman31,lambd,0.7963059388831044
1.599346480006918,2.0,1.0,0.9267508155631579,0.8168568139428377,Feynman31,lambd,0.9233385137296581
1.7754010931643835,2.0,1.0,1.0923266311312807,1.310102723785045,Feynman31,lambd,1.1073971202414332
1.4285204755290453,2.0,1.0,0.795566551548958,0.9230440573631811,Feynman31,lambd,0.7859062712271627
1.1915990065320008,2.0,1.0,0.6382607618314557,0.7295063027283966,Feynman31,lambd,0.6406773382958763
1.3866025178229302,2.0,1.0,0.7660599781580243,0.7628064924710997,Feynman31,lambd,0.7570414450569436
1.277261987842935,2.0,1.0,0.692717894514019,0.695536946574141,Feynman31,lambd,0.6887084236909736
1.6771319921276966,2.0,1.0,0.9946456998314807,0.8736755960282115,Feynman31,lambd,0.9986188381598267
1.6649918184780825,2.0,1.0,0.9835975516266041,0.9258022692755462,Feynman31,lambd,0.9862736623237021
1.3490734290312023,2.0,1.0,0.7403369692200586,0.6077362966970571,Feynman31,lambd,0.7325358748890782
1.84024379547151,2.0,1.0,1.1683916272346946,1.1607393565569926,Feynman31,lambd,1.1885152122501164
1.2507967717207196,2.0,1.0,0.6756419796035655,0.5921232783897339,Feynman31,lambd,0.6734351243411305
1.9679066247885482,2.0,1.0,1.3914096593327394,1.415016425292362,Feynman31,lambd,1.37267833755098
1.0576170723703946,2.0,1.0,0.5571961492616755,0.5617767980667101,Feynman31,lambd,0.5715219046905843
1.5190353915264843,2.0,1.0,0.862571342311507,0.9179138861611963,Feynman31,lambd,0.8543954455133204
1.8423674751437504,2.0,1.0,1.1711116415738791,1.1229075522220253,Feynman31,lambd,1.1913065828927036
1.2414017529948216,2.0,1.0,0.6696363082466215,0.6908952534193566,Feynman31,lambd,0.668113036854911
1.244261510642286,2.0,1.0,0.6714613423006977,0.642798728487903,Feynman31,lambd,0.6697277297442591
1.199176347247072,2.0,1.0,0.6429864251372037,0.5888026460268951,Feynman31,lambd,0.6447736855844598
1.7170934721290032,2.0,1.0,1.0324285751792504,1.0874384958339594,Feynman31,lambd,1.0409066115324768
1.1838604312698173,2.0,1.0,0.6334515812402238,0.7104615518040668,Feynman31,lambd,0.6365200616503488
1.5545362648011025,2.0,1.0,0.8903120733447134,0.7632627720765175,Feynman31,lambd,0.8838460621703461
1.4019902608541046,2.0,1.0,0.7767919113233709,0.7363860168977592,Feynman31,lambd,0.7674460951829746
1.8324603733475557,2.0,1.0,1.1585676803255371,1.2177613773210405,Feynman31,lambd,1.1783593648284292
1.5535606204682741,2.0,1.0,0.8895371012354951,0.9223337060016674,Feynman31,lambd,0.8830155804286176
1.5118698478103232,2.0,1.0,0.8570810792710494,1.019365067547356,Feynman31,lambd,0.8486378034722675
1.1055921927014856,2.0,1.0,0.585715901312627,0.5884817651347498,Feynman31,lambd,0.5957205701450078
1.769579801702394,2.0,1.0,1.086042951820372,1.0857064833393333,Feynman31,lambd,1.1004926409669458
1.2348547018318512,2.0,1.0,0.6654680110868441,0.5107116751036408,Feynman31,lambd,0.6644334958383605
1.880823866861056,2.0,1.0,1.2238397190656853,1.221871913544899,Feynman31,lambd,1.2433947125204283
1.125647184340877,2.0,1.0,0.5977978490770117,0.6011910169990424,Feynman31,lambd,0.6059881194846046
1.0460802005306213,2.0,1.0,0.5504139659581428,0.6020397590950365,Feynman31,lambd,0.5657580534562007
1.2056591984988334,2.0,1.0,0.6470428191465845,0.5753925558269186,Feynman31,lambd,0.6482992877418012
1.2779604838258631,2.0,1.0,0.6931718358308523,0.6280130502340737,Feynman31,lambd,0.6891174224888542
1.5098647530235292,2.0,1.0,0.8555509977750129,0.8375475832496156,Feynman31,lambd,0.8470375873306542
1.4094566835631186,2.0,1.0,0.7820401738643551,0.7847329791121727,Feynman31,lambd,0.7725733744096785
1.3287792370499827,2.0,1.0,0.7266768332812186,0.651092362351019,Feynman31,lambd,0.7197654208632432
1.7657316588548864,2.0,1.0,1.0819300041867042,1.0784529378432162,Feynman31,lambd,1.0959615800779994
1.6938893747973265,2.0,1.0,1.0102122018852415,1.0989017086634991,Feynman31,lambd,1.0160389681176973
1.5687155280005072,2.0,1.0,0.9016600992520477,0.7656694802050835,Feynman31,lambd,0.8960544388215004
1.554917047655975,2.0,1.0,0.8906147374656596,0.8655892698861625,Feynman31,lambd,0.8841705205870076
1.6721888202892654,2.0,1.0,0.9901247299293581,0.9831775062096862,Feynman31,lambd,0.9935645910114371
1.429689514732829,2.0,1.0,0.7964020787913808,0.809554035016893,Feynman31,lambd,0.786735427410783
1.5654528762383106,2.0,1.0,0.8990345930764588,0.9423095825344177,Feynman31,lambd,0.8932221202308664
1.311983540592129,2.0,1.0,0.7154958781252327,0.8518033386619082,Feynman31,lambd,0.7094339717071909
1.9058882555809606,2.0,1.0,1.2628040645737357,1.0958093253721166,Feynman31,lambd,1.2789560867335505
1.1492436937969597,2.0,1.0,0.6121420199051597,0.672919705352793,Feynman31,lambd,0.6182197795162895
1.0782483051544154,2.0,1.0,0.5693968435195171,0.6607317046318177,Feynman31,lambd,0.5818758352625597
1.8776012079495132,2.0,1.0,1.2191316687461873,1.2430793214827383,Feynman31,lambd,1.2389159569411192
1.1046790587036872,2.0,1.0,0.5851681093838474,0.6156628595692246,Feynman31,lambd,0.5952555506233332
1.3548121440430823,2.0,1.0,0.7442306527640823,0.939211667635766,Feynman31,lambd,0.7362064819169418
1.801637017911236,2.0,1.0,1.1216509588530286,1.1969391728106924,Feynman31,lambd,1.1392750860953038
1.0089287383380352,2.0,1.0,0.5287615022724208,0.5896084411168374,Feynman31,lambd,0.5472755592270616
1.7391309786756928,2.0,1.0,1.0543217366501205,0.9195492574875266,Feynman31,lambd,1.0653497692879765
1.908796333319769,2.0,1.0,1.267637296969766,1.4897198797405402,Feynman31,lambd,1.2831665312382803
1.799560477734964,2.0,1.0,1.119265610501703,1.0485173446904303,Feynman31,lambd,1.136706058993492
1.06012205249832,2.0,1.0,0.5586725320779855,0.7241791481641753,Feynman31,lambd,0.5727756188923048
1.6095534065790784,2.0,1.0,0.9352991843679461,0.9274197088638322,Feynman31,lambd,0.9327156005716695
1.8436727508554638,2.0,1.0,1.1727921660276883,1.2244249454702076,Feynman31,lambd,1.1930265964237448
1.7513167053286374,2.0,1.0,1.0667973796679484,0.9061942061299701,Feynman31,lambd,1.0792203299977297
1.2448169637169082,2.0,1.0,0.6718161270229517,0.6155575358071922,Feynman31,lambd,0.6700418866400624
1.0168929257694863,2.0,1.0,0.5333796830067461,0.5473819361071206,Feynman31,lambd,0.5512312276062155
1.7901284235360104,2.0,1.0,1.1085751747976094,0.9924710202387064,Feynman31,lambd,1.1251370204783893
1.7468240026693396,2.0,1.0,1.0621653207955426,1.2178830128207163,Feynman31,lambd,1.074076667673858
1.6147619842942667,2.0,1.0,0.9396997703287475,0.9372562351757538,Feynman31,lambd,0.9375571155192106
1.2239028231987672,2.0,1.0,0.6585255875629834,0.6103297924081417,Feynman31,lambd,0.6583300623338165
1.0355014200167458,2.0,1.0,0.544219738672155,0.7070112412026474,Feynman31,lambd,0.5604854116005865
1.577706524425285,2.0,1.0,0.9089408728510384,0.9650201451892015,Feynman31,lambd,0.9039322005443774
1.508534004415643,2.0,1.0,0.8545369940763071,0.8594694663032634,Feynman31,lambd,0.8459781667376711
1.5100980181455972,2.0,1.0,0.8557288630282076,0.8808517903452168,Feynman31,lambd,0.8472235065333528
1.65300269063166,2.0,1.0,0.9728639989200109,0.951542137900453,Feynman31,lambd,0.9743044058584049
1.1837864183158124,2.0,1.0,0.6334056676569283,0.6987947202046368,Feynman31,lambd,0.6364804253633988
1.6607915353955223,2.0,1.0,0.9798176214169744,1.016652320776944,Feynman31,lambd,0.9820554047014861
1.577650841336868,2.0,1.0,0.9088955725438641,0.9268828003224872,Feynman31,lambd,0.903883081524223
1.1942438756744154,2.0,1.0,0.6399083637867657,0.641204242766509,Feynman31,lambd,0.6421042276156058
1.2346447175672834,2.0,1.0,0.6653345469261523,0.5805180769874619,Feynman31,lambd,0.6643158700682517
1.785121589314786,2.0,1.0,1.1029925901066786,1.1417415068734507,Feynman31,lambd,1.1190619384107905
1.0589515015079773,2.0,1.0,0.5579824645240605,0.5088858370569627,Feynman31,lambd,0.5721896650587568
1.1894948780936199,2.0,1.0,0.6369514474901204,0.71073896960183,Feynman31,lambd,0.6395443895059928
1.1125573380475986,2.0,1.0,0.589900894060304,0.6349807957316702,Feynman31,lambd,0.599274440055591
1.5880243856747704,2.0,1.0,0.917380905503933,0.8328289247129047,Feynman31,lambd,0.9131056424516253
1.3567780652087822,2.0,1.0,0.7455677299691207,0.7909043254959787,Feynman31,lambd,0.7374701162706777
1.4354627125069443,2.0,1.0,0.8005387769119136,0.6911393963987187,Feynman31,lambd,0.7908501146544684
1.9065510153499707,2.0,1.0,1.263899085749208,1.3253820401947962,Feynman31,lambd,1.2799141000070944
1.0381630822870815,2.0,1.0,0.545776032779483,0.6151728549804867,Feynman31,lambd,0.5618110567922008
1.9095832010220954,2.0,1.0,1.2689579597918779,1.1994954969412999,Feynman31,lambd,1.284308844344806
1.0891910104507798,2.0,1.0,0.5759067507095051,0.6312200267744257,Feynman31,lambd,0.5873974615912336
1.5878513709511273,2.0,1.0,0.9172386139045574,0.9761744752642163,Feynman31,lambd,0.9129506322921328
1.9557710010594713,2.0,1.0,1.3600999001495686,1.4213358192517855,Feynman31,lambd,1.353679162819788
1.4699203331305246,2.0,1.0,0.8256079372918117,0.7226376042588252,Feynman31,lambd,0.8161217351542916
1.8436735900965084,2.0,1.0,1.1727932486992505,1.244202069572123,Feynman31,lambd,1.1930277033930496
1.0828865569945743,2.0,1.0,0.5721528442691852,0.6813715755175538,Feynman31,lambd,0.5842134509282947
1.0360647538814671,2.0,1.0,0.5445490018175515,0.5761803460989061,Feynman31,lambd,0.5607659309791799
1.572112344801622,2.0,1.0,0.90440286388843,0.8473761571104718,Feynman31,lambd,0.899018094216419
1.179720918408963,2.0,1.0,0.6308860250421127,0.5514262816233274,Feynman31,lambd,0.634306769403653
1.086252842749782,2.0,1.0,0.5741561222018969,0.4457199310430981,Feynman31,lambd,0.5859125807503837
1.1762782689512363,2.0,1.0,0.6287560226961473,0.7232475775166,Feynman31,lambd,0.6324715004001686
1.8421792279286255,2.0,1.0,1.1708698273116407,1.0113052511752862,Feynman31,lambd,1.1910587958795402
1.497894458345174,2.0,1.0,0.8464718720980292,0.7548849984038243,Feynman31,lambd,0.8375823174098931
1.233161002419107,2.0,1.0,0.6643919084324534,0.7541060861811232,Feynman31,lambd,0.6634854253991226
1.8130220048225039,2.0,1.0,1.1349451105334,1.235048349204491,Feynman31,lambd,1.1535027399359523
1.4620369752278473,2.0,1.0,0.8198133605670963,0.7845472270326059,Feynman31,lambd,0.8102296427682804
1.468515658134338,2.0,1.0,0.8245727902410181,0.7845010966197891,Feynman31,lambd,0.8150669591746574
1.2620674340057003,2.0,1.0,0.6828850201014246,0.7429579578014927,Feynman31,lambd,0.6798873972515891
1.7596229728132324,2.0,1.0,1.0754654535492456,1.0381320470351558,Feynman31,lambd,1.0888225719713045
1.4346300392348126,2.0,1.0,0.7999410511838104,0.7421989481551606,Feynman31,lambd,0.7902545900998413
1.5845509173567125,2.0,1.0,0.9145292803597621,0.7857301684222779,Feynman31,lambd,0.9100014101920615
1.6124079683319132,2.0,1.0,0.9377076583848902,0.8831946588130342,Feynman31,lambd,0.9353642393589577
1.2683273998727658,2.0,1.0,0.6869264289966314,0.7399657115318647,Feynman31,lambd,0.6835041494341717
1.4913570170949262,2.0,1.0,0.8415525755597915,0.9665904266610288,Feynman31,lambd,0.8324882964683895
1.814792742806461,2.0,1.0,1.1370469804876333,1.1679814679866967,Feynman31,lambd,1.15573740576212
1.7369601070695353,2.0,1.0,1.0521279224608096,1.3090442766355612,Feynman31,lambd,1.0629054869942196
1.403764694420551,2.0,1.0,0.7780367267778932,0.853339367892531,Feynman31,lambd,0.7686598915501027
1.1433570121420233,2.0,1.0,0.6085501674716336,0.5540300772237341,Feynman31,lambd,0.6151515201793885
1.1364772467526942,2.0,1.0,0.6043637246777022,0.5033154153382254,Feynman31,lambd,0.6115801616926906
1.7655794694388947,2.0,1.0,1.08176799604667,1.0347057971846558,Feynman31,lambd,1.0957829216585915
1.0758795148963416,2.0,1.0,0.5679912083487305,0.5490714192066392,Feynman31,lambd,0.5806835126463786
1.5005069322599929,2.0,1.0,0.8484453670498595,0.9767874820029978,Feynman31,lambd,0.8396316929842141
1.747366499028907,2.0,1.0,1.0627225976801364,0.8963984943325228,Feynman31,lambd,1.0746959141916441
1.9929606928870287,2.0,1.0,1.4868711201319327,1.352490776161578,Feynman31,lambd,1.412949050955468
1.4539232404205782,2.0,1.0,0.8138867724070974,1.0109094027558756,Feynman31,lambd,0.8042346544032278
1.198251255958428,2.0,1.0,0.6424085911479721,0.6677351534848002,Feynman31,lambd,0.644272180458641
1.4459833909684743,2.0,1.0,0.808122977985323,0.7938001662171975,Feynman31,lambd,0.7984350135819172
1.7645398712052338,2.0,1.0,1.0806626428539716,0.99956478429711,Feynman31,lambd,1.0945636106910184
1.7927775508737491,2.0,1.0,1.1115543780013835,1.0844627004382001,Feynman31,lambd,1.1283698601377359
1.6388353958861168,2.0,1.0,0.9603943949033178,0.9295269860387855,Feynman31,lambd,0.9604399113277046
1.0056247790673538,2.0,1.0,0.5268492991419582,0.6001833087874395,Feynman31,lambd,0.5456349931571822
1.2520572953898634,2.0,1.0,0.676449952818622,0.8140856971947428,Feynman31,lambd,0.674153036041103
1.208196751128099,2.0,1.0,0.6486339806554675,0.5067824841812513,Feynman31,lambd,0.6496847030953385
1.9527457318806327,2.0,1.0,1.3529855603034662,1.4339298758426609,Feynman31,lambd,1.3489937092387838
1.2524488915191734,2.0,1.0,0.6767010656549991,0.5712080664816744,Feynman31,lambd,0.6743762517686311
1.155761284117525,2.0,1.0,0.6161294294154787,0.5804284642961428,Feynman31,lambd,0.6216308440773342
1.8661509003584875,2.0,1.0,1.2028706601351962,1.1054221697730895,Feynman31,lambd,1.2231725137519602
1.7343575037682548,2.0,1.0,1.0495088759519227,1.1400759798855138,Feynman31,lambd,1.0599856765297804
1.0038223199721417,2.0,1.0,0.5258070025139976,0.6552874133403219,Feynman31,lambd,0.5447400553744505
1.8504607410137066,2.0,1.0,1.1816423327905872,1.1184730524597397,Feynman31,lambd,1.2020250762310931
1.562246102623547,2.0,1.0,0.8964624737265541,0.9470832273017769,Feynman31,lambd,0.8904518661401993
1.2584617748572735,2.0,1.0,0.6805632440067775,0.6481936254868751,Feynman31,lambd,0.6778150039866359
1.6910959674889765,2.0,1.0,1.00759071448813,1.0881467612706672,Feynman31,lambd,1.0131040986941313
1.1304473011368832,2.0,1.0,0.600704340475875,0.5132248161726093,Feynman31,lambd,0.6084622560785297
1.1856886819920953,2.0,1.0,0.6345862199719481,0.6346235056560441,Feynman31,lambd,0.6374998892334526
1.102452828456391,2.0,1.0,0.5838334191238795,0.6018978005472619,Feynman31,lambd,0.5941226700491324
1.6354686237980476,2.0,1.0,0.9574636924126376,0.9519098991193371,Feynman31,lambd,0.9571889235730464
1.6331798816721497,2.0,1.0,0.9554783407236758,0.8811178384884909,Feynman31,lambd,0.9549884026729224
1.514091526126433,2.0,1.0,0.858779598488879,0.9232384719112893,Feynman31,lambd,0.8504164249061896
1.2411581513392562,2.0,1.0,0.6694809690032633,0.6951882721778023,Feynman31,lambd,0.6679757047319687
1.1733439637674499,2.0,1.0,0.6269431395821927,0.6541987415621603,Feynman31,lambd,0.6309110440096932
1.5102078075896164,2.0,1.0,0.8558125903700348,0.8046964955403233,Feynman31,lambd,0.847311034167611
1.5176065516220674,2.0,1.0,0.8614737600394566,0.7461050955569226,Feynman31,lambd,0.8532424579451983
1.4985895150576196,2.0,1.0,0.8469964961330658,0.8725511177880062,Feynman31,lambd,0.8381267915897548
1.2101740677752992,2.0,1.0,0.6498751800571478,0.7145337742473525,Feynman31,lambd,0.6507663950101308
1.713078099124022,2.0,1.0,1.0285256791060986,0.984839290386136,Feynman31,lambd,1.0365403281355545
1.2643107945229795,2.0,1.0,0.6843317919407225,0.7329756259244086,Feynman31,lambd,0.681180760853629
1.170020858385318,2.0,1.0,0.6248929169634345,0.5268932956960702,Feynman31,lambd,0.6291479868390778
1.2360241822968498,2.0,1.0,0.6662115786181279,0.7097269354574411,Feynman31,lambd,0.6650890359248467
1.886508576555835,2.0,1.0,1.2322976906491965,1.1131025399418264,Feynman31,lambd,1.2513467417445185
1.7584872440156627,2.0,1.0,1.074272079141595,1.0267670653973864,Feynman31,lambd,1.0875025234928088
1.6509792037259032,2.0,1.0,0.9710690970281161,0.9950349924772008,Feynman31,lambd,0.9723057778606816
1.493302835560629,2.0,1.0,0.8430139250433294,0.9027564457195766,Feynman31,lambd,0.8339993898848712
1.3838815824758766,2.0,1.0,0.7641738485841563,0.8372376039953331,Feynman31,lambd,0.7552238974302097
1.776970905446872,2.0,1.0,1.0940341993077087,1.028502603144241,Feynman31,lambd,1.1092694103953262
1.7334390655526437,2.0,1.0,1.0485874827104347,1.0465989505857272,Feynman31,lambd,1.0589580448005391
1.096373850678399,2.0,1.0,0.5801948669835638,0.5942890873590566,Feynman31,lambd,0.5910351117344546
1.831865774999757,2.0,1.0,1.1578262708797196,1.087925329811569,Feynman31,lambd,1.1775883359399024
1.6513473982350586,2.0,1.0,0.9713953470947663,1.033648911182996,Feynman31,lambd,0.9726689899895877
1.2641661567737401,2.0,1.0,0.6842384617444689,0.5287426815892304,Feynman31,lambd,0.6810972804822015
1.1150827573164699,2.0,1.0,0.5914211820771793,0.7892752725530492,Feynman31,lambd,0.6005660770902165
1.5484504627568643,2.0,1.0,0.8854900399954551,0.8796547190383035,Feynman31,lambd,0.8786855889779169
1.4336529561804539,2.0,1.0,0.7992401311022554,0.7764088961915556,Feynman31,lambd,0.7895566722800451
1.2633097629499752,2.0,1.0,0.6836860031975764,0.6630142969093249,Feynman31,lambd,0.6806032582965503
1.0418889069956718,2.0,1.0,0.5479570254952963,0.5671647051166552,Feynman31,lambd,0.5636677690983968
1.941108725659697,2.0,1.0,1.327521624809856,1.458047032722058,Feynman31,lambd,1.331157923389536
1.4064177386382481,2.0,1.0,0.7799007665279469,0.7108177978303537,Feynman31,lambd,0.7704801837247748
1.5457626435318195,2.0,1.0,0.8833694077275354,0.7458367771380625,Feynman31,lambd,0.876421421669329
1.2501216497502234,2.0,1.0,0.6752094535673621,0.8422714272711149,Feynman31,lambd,0.6730509981240738
1.7025420147585155,2.0,1.0,1.018402784860212,0.9398451812460207,Feynman31,lambd,1.025209427612264
1.7782908047242378,2.0,1.0,1.095474304547654,1.0222860381193306,Feynman31,lambd,1.1108470574585394
1.4478896475820882,2.0,1.0,0.8095036082130449,0.8236737698867287,Feynman31,lambd,0.7998214621715476
1.8618420021760778,2.0,1.0,1.1969265605945267,1.2335741369015085,Feynman31,lambd,1.217316206977284
1.5707281875361514,2.0,1.0,0.9032840720894992,0.8198582408241593,Feynman31,lambd,0.8978086077529207
1.11340659457747,2.0,1.0,0.5904119687560796,0.6569418212531666,Feynman31,lambd,0.5997086091206855
1.0144849368799531,2.0,1.0,0.5319820437339302,0.5644725153244361,Feynman31,lambd,0.5500350151926297
1.2220748335290814,2.0,1.0,0.6573704578027633,0.5318616411345412,Feynman31,lambd,0.6573174584113975
1.0143057267611342,2.0,1.0,0.5318780730147643,0.5141828500129505,Feynman31,lambd,0.549945997455428
1.429861886076945,2.0,1.0,0.7965253351546525,0.8980321093016652,Feynman31,lambd,0.786857798739679
1.8334066131893525,2.0,1.0,1.159750153551382,1.208518312510875,Feynman31,lambd,1.179587777822892
1.5543707095812422,2.0,1.0,0.8901805175634986,0.8130065946451537,Feynman31,lambd,0.8837050534291547
1.5824940306842725,2.0,1.0,0.912845599315788,0.9810536973937214,Feynman31,lambd,0.9081708645765073
1.4607834877307384,2.0,1.0,0.8188953144710764,0.8677879805552068,Feynman31,lambd,0.8092989192123508
1.6295451765450208,2.0,1.0,0.9523368492566087,0.9702774226515407,Feynman31,lambd,0.9515095421050006
1.539724554067376,2.0,1.0,0.8786253279028168,0.9396871797923422,Feynman31,lambd,0.8713682120079019
1.6739593854481516,2.0,1.0,0.9917404747943888,0.9609474946710458,Feynman31,lambd,0.9953705636723794
1.1295604804987893,2.0,1.0,0.6001669317544684,0.7144596386269169,Feynman31,lambd,0.6080046442913944
1.658891948061247,2.0,1.0,0.9781151179566904,0.9698934091227999,Feynman31,lambd,0.9801565466521822
1.4952644430418223,2.0,1.0,0.844489562663086,0.9829730687484504,Feynman31,lambd,0.8355271142350176
1.1349480126390126,2.0,1.0,0.6034348079053687,0.5043816328040064,Feynman31,lambd,0.6107883747648262
1.4690861302459868,2.0,1.0,0.8249930483274428,0.8536947784700039,Feynman31,lambd,0.8154950709133608
1.4171896077738027,2.0,1.0,0.7875047657253748,0.8818725712182856,Feynman31,lambd,0.7779392887790894
1.8626100491760103,2.0,1.0,1.1979794573153062,1.103893492417452,Feynman31,lambd,1.2183573606945237
1.3286636605959408,2.0,1.0,0.7265995155229548,0.7549737620738693,Feynman31,lambd,0.7196936070339205
1.211975677642195,2.0,1.0,0.6510071051947903,0.6661284334987323,Feynman31,lambd,0.6517536195213242
1.7512291751733051,2.0,1.0,1.0667067632583382,1.0099299330899045,Feynman31,lambd,1.0791197832751884
1.652531018203327,2.0,1.0,0.9724451870808992,0.9512101111654245,Feynman31,lambd,0.973837976386638
1.9380423169936614,2.0,1.0,1.3212362168187477,1.425917574130526,Feynman31,lambd,1.3265072877656778
1.7032784134767684,2.0,1.0,1.019104882724827,1.0076511458775506,Feynman31,lambd,1.0259954884078077
1.1736452996077458,2.0,1.0,0.6271292021743622,0.6409543386216022,Feynman31,lambd,0.6310711337601229
1.3221274683846178,2.0,1.0,0.7222355660200891,0.6416198065334654,Feynman31,lambd,0.7156487265137812
1.2806042700032105,2.0,1.0,0.6948915430482109,0.6435710829813476,Feynman31,lambd,0.6906683154747905
1.8702981384948267,2.0,1.0,1.2086796281678152,1.294770474164791,Feynman31,lambd,1.2288442046837782
1.0862131535073005,2.0,1.0,0.5741324880120706,0.5365715648731386,Feynman31,lambd,0.585892534653011
1.288438681899481,2.0,1.0,0.7000021621631008,0.7860890369243171,Feynman31,lambd,0.6952909068052079
1.717620038462019,2.0,1.0,1.0329422836262723,1.123970999768564,Feynman31,lambd,1.0414811740541472
1.6434060541868982,2.0,1.0,0.96439282128575,0.9738192409608776,Feynman31,lambd,0.9648801825596035
1.8545877912226314,2.0,1.0,1.1871177491801448,1.15342614053124,Feynman31,lambd,1.207540313696492
1.0543443289486354,2.0,1.0,0.5552693061109575,0.49466140954315285,Feynman31,lambd,0.5698851870486785
1.2204338125814418,2.0,1.0,0.6563343526170667,0.7065888169043817,Feynman31,lambd,0.6564098860066889
1.3673091043995158,2.0,1.0,0.7527585334256212,0.8443735040157276,Feynman31,lambd,0.7442938418754536
1.4761946327631652,2.0,1.0,0.8302459231720785,0.8308431497820769,Feynman31,lambd,0.8208593852824826
1.0047354419163064,2.0,1.0,0.5263349488842233,0.540451326980405,Feynman31,lambd,0.5451934245154544
1.9581840138796158,2.0,1.0,1.3659487767166092,1.4610360875251227,Feynman31,lambd,1.3574308611788717
1.6468388722323013,2.0,1.0,0.9674110814178518,0.8916722230859055,Feynman31,lambd,0.9682354882408694
1.8253102425050347,2.0,1.0,1.149733684246001,1.1505173417681072,Feynman31,lambd,1.1691325823104715
1.4002952778143722,2.0,1.0,0.7756042533844751,0.7457588375165538,Feynman31,lambd,0.7662893786534659
1.3939473509131965,2.0,1.0,0.7711685469273883,0.8461819715160294,Feynman31,lambd,0.7619808539337632
1.3303556030883255,2.0,1.0,0.7277319139735916,0.5504262822517323,Feynman31,lambd,0.720745916179718
1.5620062997403674,2.0,1.0,0.8962704630960276,0.8545817617076067,Feynman31,lambd,0.8902452441762161
1.7578204712515437,2.0,1.0,1.0735726864485293,0.8708654540962331,Feynman31,lambd,1.0867285924977503
1.8459687859663807,2.0,1.0,1.1757646982625092,1.23322691687309,Feynman31,lambd,1.1960602375347613
1.2402014468615679,2.0,1.0,0.6688710849358539,0.6040384779087759,Feynman31,lambd,0.6674366756496616
1.954549887549243,2.0,1.0,1.3572001984425155,1.486260979668056,Feynman31,lambd,1.3517855062012396
1.5100580438538374,2.0,1.0,0.8556983799419372,0.7661044884649749,Feynman31,lambd,0.847191641286539
1.29440599211251,2.0,1.0,0.7039096168422903,0.551553192459936,Feynman31,lambd,0.6988392318319787
1.8380373298676849,2.0,1.0,1.1655838712012934,1.0578137502918559,Feynman31,lambd,1.1856243042415497
1.9098951683660053,2.0,1.0,1.2694831127009056,1.1863744434775712,Feynman31,lambd,1.2847620944382565
1.3402525462295345,2.0,1.0,0.7343788971340695,0.7616726627484707,Feynman31,lambd,0.7269454998961946
1.928723170065758,2.0,1.0,1.3030198049642114,1.3238346961235625,Feynman31,lambd,1.3124983432757247
1.070986692112926,2.0,1.0,0.5650917988963315,0.3824376562371391,Feynman31,lambd,0.5782238076396625
1.0057050042006748,2.0,1.0,0.5268957051040978,0.48051467979683116,Feynman31,lambd,0.5456748265670259
1.503035954925127,2.0,1.0,0.850360041044923,0.8429142872348184,Feynman31,lambd,0.8416231248021485
1.9182716822652024,2.0,1.0,1.2839320894022745,1.1139962900283757,Feynman31,lambd,1.297008887266761
1.5569635884274913,2.0,1.0,0.8922433687260547,0.9484516984280051,Feynman31,lambd,0.8859175309135295
1.2526753300563955,2.0,1.0,0.6768462935317094,0.8515223100340386,Feynman31,lambd,0.6745053659833913
1.8769389514407062,2.0,1.0,1.2181716308654618,1.320150867576692,Feynman31,lambd,1.2379981842673462
1.5340015604763448,2.0,1.0,0.8741537443310619,0.9543822477704185,Feynman31,lambd,0.8666206910363747
1.9796524107364077,2.0,1.0,1.4280301360926437,1.4727143263053986,Feynman31,lambd,1.3913808977095197
1.9910771754207144,2.0,1.0,1.4763004685934016,1.5546629984948592,Feynman31,lambd,1.4098719504120407
1.1364803335917704,2.0,1.0,0.6043656003471622,0.5414317261813226,Feynman31,lambd,0.6115817606992336
1.6658199240433387,2.0,1.0,0.9843453174098097,0.9976404247463171,Feynman31,lambd,0.9871085061248187
1.0351689008555987,2.0,1.0,0.5440254152605069,0.6672658373671312,Feynman31,lambd,0.5603198416340814
1.6253438479811022,2.0,1.0,0.9487228138640117,0.8462616174169614,Feynman31,lambd,0.9475122963131719
1.7134131804611128,2.0,1.0,1.0288504061076993,0.941663304640614,Feynman31,lambd,1.0369036745596136
1.439903649109264,2.0,1.0,0.8037329017700068,0.817100483249115,Feynman31,lambd,0.7940380722754
1.3594263493302687,2.0,1.0,0.7473715154645834,0.685247698435481,Feynman31,lambd,0.7391773940472678
1.7261986856262967,2.0,1.0,1.041374758782241,1.0432156839942097,Feynman31,lambd,1.0509067765918791
1.900055539582302,2.0,1.0,1.2533248440463567,1.280734581808147,Feynman31,lambd,1.2705645334677864
1.3828659378053942,2.0,1.0,0.7634706858628307,0.7294229472819304,Feynman31,lambd,0.7545471466750232
1.0007453273178748,2.0,1.0,0.5240291440067255,0.4678875409061118,Feynman31,lambd,0.5432123587163779
1.703673817183498,2.0,1.0,1.019482199526709,1.0103543280688803,Feynman31,lambd,1.026417921429959
1.9424749190783452,2.0,1.0,1.330373829897495,1.28195318567777,Feynman31,lambd,1.3332365278098064
1.7306858626189277,2.0,1.0,1.0458342154918365,1.0182624654016832,Feynman31,lambd,1.0558860729647959
1.1865262699145,2.0,1.0,0.6351063556908623,0.6340625970736395,Feynman31,lambd,0.6379492620409095
1.2154131468464133,2.0,1.0,0.6531695303204694,0.7113888785001333,Feynman31,lambd,0.6536416653719281
1.3214402709106738,2.0,1.0,0.7217777280326937,0.5636207625348318,Feynman31,lambd,0.7152253177519043
1.5597313783544482,2.0,1.0,0.8944512163086067,0.9775132815382488,Feynman31,lambd,0.888288808790051
1.0192062019242925,2.0,1.0,0.5347234364205841,0.3950791077223783,Feynman31,lambd,0.5523806025451441
1.1230225212921923,2.0,1.0,0.5962110357224968,0.701561815620801,Feynman31,lambd,0.6046381284817868
1.2979558059891136,2.0,1.0,0.7062402281591145,0.6576520179757939,Feynman31,lambd,0.7009615100190556
1.8167565189163641,2.0,1.0,1.1393891989104785,1.1055144851964405,Feynman31,lambd,1.1582225908443728
1.8475458797210624,2.0,1.0,1.1778187986628688,1.2631276853234672,Feynman31,lambd,1.1981499456152334
1.7055492100736784,2.0,1.0,1.0212749699095418,1.0625422469648749,Feynman31,lambd,1.0284249792578022
1.1614215706516822,2.0,1.0,0.619601501817662,0.6527578974295638,Feynman31,lambd,0.6246056120901654
1.402701833104047,2.0,1.0,0.7772909163046671,0.7171350495789576,Feynman31,lambd,0.7679324921567869
1.6510119668906256,2.0,1.0,0.9710981215270661,0.7381048328930686,Feynman31,lambd,0.9723380894078212
1.3771779338216454,2.0,1.0,0.7595414055547575,0.8429891600471017,Feynman31,lambd,0.7507738816179808
1.0109773839062624,2.0,1.0,0.529948251959925,0.5437017133737522,Feynman31,lambd,0.5482929127809985
1.166769479820581,2.0,1.0,0.6228898772926553,0.49480100570926483,Feynman31,lambd,0.6274271844220002
1.11896194268687,2.0,1.0,0.5937594590521844,0.7330766783134963,Feynman31,lambd,0.6025534208811939
1.2022518474631307,2.0,1.0,0.6449092575040307,0.7395669604850061,Feynman31,lambd,0.6464438000386249
1.1843444032155555,2.0,1.0,0.6337518491042291,0.7411336556545228,Feynman31,lambd,0.6367793014136011
1.421220902192581,2.0,1.0,0.7903654583130706,0.7632777623310026,Feynman31,lambd,0.7807594198620589
1.232404357661275,2.0,1.0,0.6639114624292917,0.509054634746213,Feynman31,lambd,0.6630623837993073
1.5661384269245344,2.0,1.0,0.8995855457460475,0.9477459157644325,Feynman31,lambd,0.8938160918840677
1.933987377154431,2.0,1.0,1.3131551184145027,1.1967393684639152,Feynman31,lambd,1.3203886979928379
1.4506066577019756,2.0,1.0,0.8114749020226506,0.6979054949469663,Feynman31,lambd,0.8018040891906122
1.320862316141074,2.0,1.0,0.7213928146299501,0.7618969681637272,Feynman31,lambd,0.7148694892536427
1.9643565669558372,2.0,1.0,1.381720124467828,1.4834743019042937,Feynman31,lambd,1.3670865647575323
1.1318723785591946,2.0,1.0,0.6015683448269753,0.6481233565618523,Feynman31,lambd,0.6091981131816457
1.0026216177355212,2.0,1.0,0.5251130298043878,0.5639657665948672,Feynman31,lambd,0.544143912257823
1.879646858302754,2.0,1.0,1.2221131356338406,1.2757382068574932,Feynman31,lambd,1.241756494314735
1.9851551003461896,2.0,1.0,1.4488811909695807,1.4848113737958255,Feynman31,lambd,1.4002499313049168
1.7898054026415715,2.0,1.0,1.1082131243577726,1.0877058880187145,Feynman31,lambd,1.1247437021810645
1.6293318479433156,2.0,1.0,0.9521528994952878,1.0063238191132857,Feynman31,lambd,0.951305958632028
1.6732486183605957,2.0,1.0,0.9910913790108091,1.1349791289451476,Feynman31,lambd,0.9946449968282882
1.5887897039238328,2.0,1.0,0.9180106397280008,0.8950015548166584,Feynman31,lambd,0.913791806937989
1.510306837753874,2.0,1.0,0.8558881194244106,0.8327782853909322,Feynman31,lambd,0.8473899963543763
1.101435974087165,2.0,1.0,0.5832241766716326,0.624580988785415,Feynman31,lambd,0.593605606751235
1.3507504441065747,2.0,1.0,0.7414733771552974,0.6749942286001739,Feynman31,lambd,0.733605763106413
1.58178374203204,2.0,1.0,0.9122650384948299,0.7894411214601361,Feynman31,lambd,0.9075400605561048
1.0886180120510076,2.0,1.0,0.5755651889640134,0.5534181466657242,Feynman31,lambd,0.5871077438300426
1.0560304098360898,2.0,1.0,0.5562617059238815,0.5316368681358968,Feynman31,lambd,0.5707282325981128
1.6857815601805928,2.0,1.0,1.0026331817212615,0.9306427410167591,Feynman31,lambd,1.0075549316061436
1.2082666754910205,2.0,1.0,0.6486778535818358,0.5883068344531395,Feynman31,lambd,0.6497229230545148
1.6974850710160667,2.0,1.0,1.0136028061123463,1.1188975418320874,Feynman31,lambd,1.0198351837188329
1.7652305369438865,2.0,1.0,1.0813967377017752,1.0786796064945883,Feynman31,lambd,1.0953734570015436
1.1214303948615665,2.0,1.0,0.5952493035402568,0.5258926955526574,Feynman31,lambd,0.6038201780494842
1.5574524307127737,2.0,1.0,0.8926328748338382,0.9918552675858417,Feynman31,lambd,0.886335623504141
1.1720920345850092,2.0,1.0,0.6261703926905627,0.7099215973573333,Feynman31,lambd,0.6302463243185413
1.346339393060203,2.0,1.0,0.7384868095768585,0.6810794718477806,Feynman31,lambd,0.7307964971167316
1.1611197208664796,2.0,1.0,0.61941612769359,0.5806371146898224,Feynman31,lambd,0.6244466767016947
1.5672618013794761,2.0,1.0,0.9004891890691848,0.9409378859983968,Feynman31,lambd,0.8947907305692804
1.0080551156633502,2.0,1.0,0.5282556760329997,0.5003373099961836,Feynman31,lambd,0.5468417473390137
1.8356436059365926,2.0,1.0,1.1625584641920608,1.346942136134782,Feynman31,lambd,1.1824987137496066
1.1971475347010316,2.0,1.0,0.641719507327535,0.668618164852572,Feynman31,lambd,0.6436743503389231
1.5885535436605667,2.0,1.0,0.9178162623889139,0.9272350242205608,Feynman31,lambd,0.9135799867945216
1.2867826815802084,2.0,1.0,0.6989200766282789,0.8471712288743944,Feynman31,lambd,0.6943104327702138
1.164157850590474,2.0,1.0,0.6212830457517642,0.6145123885789304,Feynman31,lambd,0.6260479260209832
1.6539344984122373,2.0,1.0,0.9736921363915797,0.9317412336012169,Feynman31,lambd,0.9752268430483254
1.425318436424623,2.0,1.0,0.7932816513323069,0.7540862218854626,Feynman31,lambd,0.7836421034940996
1.0474670174761842,2.0,1.0,0.5512277347747987,0.6719012566177903,Feynman31,lambd,0.5664500911856106
1.5484443040376057,2.0,1.0,0.8854851746123699,0.8325513640420055,Feynman31,lambd,0.8786803905409067
1.1813268612854735,2.0,1.0,0.6318807720930686,0.7443636866782843,Feynman31,lambd,0.6351645721962341
1.9402552061738028,2.0,1.0,1.3257562490660804,1.1509930152184498,Feynman31,lambd,1.3298613910483845
1.2758184916216715,2.0,1.0,0.6917803308728667,0.8439491680783408,Feynman31,lambd,0.6878641856736109
1.7578990493436626,2.0,1.0,1.073655061882009,1.0296992778996947,Feynman31,lambd,1.086819758525395
1.6931384027818033,2.0,1.0,1.0095063744039263,0.9704865432718343,Feynman31,lambd,1.0152487380196398
1.917654294616674,2.0,1.0,1.2828431000969083,1.251005366830188,Feynman31,lambd,1.2961011755457335
1.6802236233964016,2.0,1.0,0.9974893269488614,0.9355719556661034,Feynman31,lambd,1.0017993595070953
1.9547782522392931,2.0,1.0,1.3577395267697776,1.4890185942191358,Feynman31,lambd,1.3521393953188028
1.707936823650689,2.0,1.0,1.0235650173400601,1.111939125244682,Feynman31,lambd,1.030988519749546
1.8907748956010573,2.0,1.0,1.238781238143651,1.2321605050024254,Feynman31,lambd,1.257358130501354
1.2123429957445926,2.0,1.0,0.6512380055486132,0.6697383617326702,Feynman31,lambd,0.6519550927915233
1.683985733944126,2.0,1.0,1.000966635471229,1.0456269098807451,Feynman31,lambd,1.0056899124397574
1.2802971613863452,2.0,1.0,0.6946916512509647,0.668858112867522,Feynman31,lambd,0.6904879281029443
1.3052247859578143,2.0,1.0,0.7110271692001516,0.811375041152669,Feynman31,lambd,0.7053345047251083
1.6537081559607256,2.0,1.0,0.9734908834608814,1.0115588990973217,Feynman31,lambd,0.975002656184006
1.9093418414965178,2.0,1.0,1.268552272117282,1.4209140310716226,Feynman31,lambd,1.2839583190865067
1.9628545229065788,2.0,1.0,1.377765157816277,1.2581112136450392,Feynman31,lambd,1.36472912529845
1.5728236838317,2.0,1.0,0.9049784471993501,0.857536745724737,Feynman31,lambd,0.8996406524136894
1.5933584278579342,2.0,1.0,0.9217808189489802,0.8070777430773025,Feynman31,lambd,0.917904623127012
1.4203435377366689,2.0,1.0,0.7897421593431612,0.7486670234009464,Feynman31,lambd,0.7801443093561198
1.9212206324911352,2.0,1.0,1.289190126397255,1.195382183952652,Feynman31,lambd,1.3013557389808492
1.4571206397479752,2.0,1.0,0.8162178154357507,0.8568020421927355,Feynman31,lambd,0.8065888000208296
1.924685153837461,2.0,1.0,1.29549223125986,1.2836108604163567,Feynman31,lambd,1.306486218168676
1.789321205673247,2.0,1.0,1.1076709152416229,1.1450869866634503,Feynman31,lambd,1.1241544885789232
1.8350628099624227,2.0,1.0,1.1618275869446606,1.1503250860652952,Feynman31,lambd,1.1817420124009654
1.6231479306048826,2.0,1.0,0.9468410906873171,0.9979435604367071,Feynman31,lambd,0.9454332096790231
1.0073813117130324,2.0,1.0,0.5278656465156525,0.4819049705923768,Feynman31,lambd,0.5465071685519702
1.408400923383847,2.0,1.0,0.7812964076383341,0.7287008317318231,Feynman31,lambd,0.7718451914205661
1.5148279373571174,2.0,1.0,0.8593433380581216,0.987420560759999,Feynman31,lambd,0.8510072706383665
1.6919440049959746,2.0,1.0,1.0083854068345293,1.2245389481604125,Feynman31,lambd,1.0139937621878172
1.1023838683662577,2.0,1.0,0.583792094333686,0.6512120449089973,Feynman31,lambd,0.5940875966164623
1.5610680066882205,2.0,1.0,0.8955196126911907,0.8623632411410032,Feynman31,lambd,0.8894374979647907
1.3780766933816007,2.0,1.0,0.7601612924030423,0.8782615126070052,Feynman31,lambd,0.7513682068997374
1.1204713603671927,2.0,1.0,0.5946702960211776,0.6019782172648659,Feynman31,lambd,0.6033278207206424
1.3420223392669308,2.0,1.0,0.735571725577804,0.7169749942098999,Feynman31,lambd,0.7280621768934551
1.9480034279594043,2.0,1.0,1.3422718186060374,1.4555072023158981,Feynman31,lambd,1.341689491124804
1.1232342559161579,2.0,1.0,0.596338982384073,0.5620177118853045,Feynman31,lambd,0.6047469606382749
1.1461504568643583,2.0,1.0,0.6102535072828008,0.6313311805095112,Feynman31,lambd,0.616606060583532
1.2311423604943081,2.0,1.0,0.6631105347869122,0.5615279848237683,Feynman31,lambd,0.6623574823303974
1.3549794340505015,2.0,1.0,0.7443443671853975,0.6973129517163947,Feynman31,lambd,0.7363138872291212
1.2711651066913974,2.0,1.0,0.6887628564901085,0.7738384506417378,Feynman31,lambd,0.6851516313901451
1.7889766171660815,2.0,1.0,1.1072853995469054,1.139888059211314,Feynman31,lambd,1.1237354233833936
1.1287974338062496,2.0,1.0,0.5997046875598555,0.5862552172902247,Feynman31,lambd,0.6076110901265935
1.9798389220223096,2.0,1.0,1.4286870668931457,1.3288468122733919,Feynman31,lambd,1.3916803851146435
1.4586406609290417,2.0,1.0,0.8173280053661335,0.8522727099298296,Feynman31,lambd,0.8077117274855584
1.1642489410862973,2.0,1.0,0.6213390589755649,0.515473551080031,Feynman31,lambd,0.62609598910677
1.718850003925865,2.0,1.0,1.0341439426143733,1.1834344662515353,Feynman31,lambd,1.0428250423001406
1.025050948638246,2.0,1.0,0.5381233570618463,0.5086686528556189,Feynman31,lambd,0.5552857479099249
1.9715823796697738,2.0,1.0,1.4020208153860492,1.363414132410141,Feynman31,lambd,1.3784978075008316
1.894623228595689,2.0,1.0,1.2447359756473657,1.2222368866454918,Feynman31,lambd,1.2628127026495344
1.4423000685040948,2.0,1.0,0.8054609185609487,0.9985042171995471,Feynman31,lambd,0.7957666752690251
1.2993875411913114,2.0,1.0,0.7071815378255697,0.6652519129248914,Feynman31,lambd,0.7018199316845342
1.1653973533009352,2.0,1.0,0.6220454316300353,0.6424649634974907,Feynman31,lambd,0.62670220930334
1.292529205281368,2.0,1.0,0.7026792849133547,0.6203005230485957,Feynman31,lambd,0.6977206546898822
1.7194842956091247,2.0,1.0,1.0347645862134371,1.0534189600441362,Feynman31,lambd,1.0435190555187304
1.6431319955688863,2.0,1.0,0.9641524251735608,1.0318651972766928,Feynman31,lambd,0.9646130687028969
1.6018921322332231,2.0,1.0,0.928873656496446,1.0151787729839619,Feynman31,lambd,0.9256635968040232
1.628589831924252,2.0,1.0,0.9515134410648464,1.193889094324395,Feynman31,lambd,0.9505983542603096
1.5391516905103173,2.0,1.0,0.8781766444439176,0.9215328722762129,Feynman31,lambd,0.8708911589216495
1.8406604610162567,2.0,1.0,1.1689239205269193,1.135627530109933,Feynman31,lambd,1.189062187329367
1.948159588834089,2.0,1.0,1.3426167385178422,1.220393515926405,Feynman31,lambd,1.3419292281858062
1.1549988805359477,2.0,1.0,0.6156624169870062,0.6673951332238188,Feynman31,lambd,0.6212310528993101
1.5557709757569103,2.0,1.0,0.8912938917815917,0.8519172768481331,Feynman31,lambd,0.8848988141022263
1.2166277450587315,2.0,1.0,0.6539344589184306,0.7492489704097478,Feynman31,lambd,0.6543101907615363
1.1312908114300706,2.0,1.0,0.6012156870370067,0.6184693777269119,Feynman31,lambd,0.608897739118371
1.0792096087417165,2.0,1.0,0.5699676398039996,0.6384025645135849,Feynman31,lambd,0.5823599919212904
1.7541358504648126,2.0,1.0,1.0697239347457759,1.1249844412594192,Feynman31,lambd,1.0824658318954479
1.2951105518473554,2.0,1.0,0.7043718244113599,0.7289847413517209,Feynman31,lambd,0.6992597719368775
1.1529933647184087,2.0,1.0,0.6144346685061103,0.7221961638690557,Feynman31,lambd,0.6201803869124491
1.2390594847160874,2.0,1.0,0.6681434866883813,0.7970338889289037,Feynman31,lambd,0.6667939332415203
1.3998403181804906,2.0,1.0,0.7752857030998418,0.8763908174695565,Feynman31,lambd,0.7659793509968228
1.9751784972436437,2.0,1.0,1.4130845149163092,1.3468986075855482,Feynman31,lambd,1.3842205549836866
1.4663552737703023,2.0,1.0,0.822982996009116,0.7702449114867902,Feynman31,lambd,0.8134488857072699
1.1462136301207921,2.0,1.0,0.6102920514528175,0.6872658409012827,Feynman31,lambd,0.6166389850448677
1.2360696244371294,2.0,1.0,0.6662404799612753,0.7595827761536574,Feynman31,lambd,0.6651145230770626
1.8178369029692765,2.0,1.0,1.1406828807562763,1.1447231581735196,Feynman31,lambd,1.1595929344151368
1.7706320693469664,2.0,1.0,1.0871732312780642,1.0278667477853767,Feynman31,lambd,1.1017362315516754
1.5813491610900932,2.0,1.0,0.9119100445582288,0.9317421076858328,Feynman31,lambd,0.9071544458089449
1.8466768925190231,2.0,1.0,1.1766857231448813,1.3212856291142108,Feynman31,lambd,1.1969979030547553
1.8877344653632786,2.0,1.0,1.2341483778333322,1.288107962064874,Feynman31,lambd,1.2530702346011675
1.618309818108144,2.0,1.0,0.9427124684451007,0.8614347669936561,Feynman31,lambd,0.9408769737159276
1.889556545300659,2.0,1.0,1.2369173458597338,1.371066164694901,Feynman31,lambd,1.2556376187492475
1.0381222323585475,2.0,1.0,0.5457521364120437,0.4624025475010695,Feynman31,lambd,0.5617907068093559
1.5687721519157867,2.0,1.0,0.9017057422909538,0.9306333456059351,Feynman31,lambd,0.8961037175152274
1.6263779267147884,2.0,1.0,0.9496106474697592,1.0964458828060504,Feynman31,lambd,0.9484937704921843
1.9239258995376498,2.0,1.0,1.2940991542765636,1.4016084068988477,Feynman31,lambd,1.305359675615714
1.3826963960396164,2.0,1.0,0.7633533528651565,0.7924710708232313,Feynman31,lambd,0.7544342655053414
1.5679714202101072,2.0,1.0,0.9010605382069419,1.0012055431734304,Feynman31,lambd,0.8954072476859152
1.317458494548812,2.0,1.0,0.7191285323218185,0.7036742685541727,Feynman31,lambd,0.7127788743849173
1.00961812525808,2.0,1.0,0.5291607618240972,0.4834692362080245,Feynman31,lambd,0.5476178968242248
1.2164430163310471,2.0,1.0,0.6538180917199472,0.5651271941274699,Feynman31,lambd,0.6542084669454785
1.863607842631024,2.0,1.0,1.1993515559869876,1.0701907629584013,Feynman31,lambd,1.2197117119762457
1.0593494767907339,2.0,1.0,0.5582170470182006,0.5941673812514684,Feynman31,lambd,0.5723888621967417
1.396265402274868,2.0,1.0,0.7727860944176302,0.8964772468469209,Feynman31,lambd,0.7635498997873862
1.2202408900553556,2.0,1.0,0.6562125998356174,0.6210721592640222,Feynman31,lambd,0.656303279848654
1.8944590818146145,2.0,1.0,1.2444798442910412,1.2768734354396138,Feynman31,lambd,1.26257941908728
1.3443924523604025,2.0,1.0,0.7371711857990276,0.7129869770838269,Feynman31,lambd,0.7295615150261401
1.8239881350895637,2.0,1.0,1.1481192595294136,1.0912631319455623,Feynman31,lambd,1.1674371959368903
1.5105934474879632,2.0,1.0,0.8561067500873467,0.9155656713858256,Feynman31,lambd,0.8476185912172697
1.460705472072958,2.0,1.0,0.8188382061085651,0.7857685462716151,Feynman31,lambd,0.8092410473803241
1.269612483855572,2.0,1.0,0.6877577303117225,0.7050293431096917,Feynman31,lambd,0.6842496063075988
1.7857892524780548,2.0,1.0,1.103733456170174,0.9994066743899809,Feynman31,lambd,1.1198694180047817
1.8924803369616472,2.0,1.0,1.2414073616151724,1.181301511572401,Feynman31,lambd,1.2597716289719902
1.8826324842184903,2.0,1.0,1.2265090142233939,1.1241149195830293,Feynman31,lambd,1.2459175324713525
1.1522752947377062,2.0,1.0,0.6139953347766816,0.5584830915049932,Feynman31,lambd,0.619804545289757
1.8665264597858982,2.0,1.0,1.2033930875431618,1.3181912202204655,Feynman31,lambd,1.223684702059291
1.0510488193448448,2.0,1.0,0.5533313838384741,0.5364538715400137,Feynman31,lambd,0.5682384430632557
1.6681256164760576,2.0,1.0,0.9864317688230845,0.985256035331791,Feynman31,lambd,0.9894385233765366
1.529757088448068,2.0,1.0,0.870852764484171,0.9184817815203216,Feynman31,lambd,0.863125811534981
1.656931509203574,2.0,1.0,0.9763625776257283,1.053981425053494,Feynman31,lambd,0.9782026220956831
1.819409877963868,2.0,1.0,1.142572954528223,1.061275458917617,Feynman31,lambd,1.1615920184911046
1.3321979346350892,2.0,1.0,0.7289662668080515,0.8188890268954141,Feynman31,lambd,0.7218942463866161
1.7254930163643984,2.0,1.0,1.0406765401505145,1.1202335798758294,Feynman31,lambd,1.0501267953805098
1.3050728061227543,2.0,1.0,0.7109268822199377,0.794668301722369,Feynman31,lambd,0.7052426957329113
1.5060243864379808,2.0,1.0,0.8526279220095121,1.0131594206194066,Feynman31,lambd,0.8439858973008488
1.7754022979459672,2.0,1.0,1.09232793947996,1.2009478565749818,Feynman31,lambd,1.1073985554707622
1.8824759583256703,2.0,1.0,1.2262772167260843,1.1848809948425403,Feynman31,lambd,1.2456989327084023
1.9967885918511228,2.0,1.0,1.5141194536843507,1.449672866771411,Feynman31,lambd,1.4192277883697055
1.0177869791283745,2.0,1.0,0.5338989009325776,0.6123954484498781,Feynman31,lambd,0.551675420832832
1.8620111322300166,2.0,1.0,1.19715817402564,1.194903499390741,Feynman31,lambd,1.2175453763815307
1.6560455831530807,2.0,1.0,0.9755720904334922,0.9537442240446583,Feynman31,lambd,0.9773215552181886
1.9817844052322249,2.0,1.0,1.4357285187162616,1.4553769051421717,Feynman31,lambd,1.3948090117994176
1.3245947329349157,2.0,1.0,0.7238808794228078,0.7866191049915046,Feynman31,lambd,0.7171718054718086
1.2244886937445794,2.0,1.0,0.658896025021279,0.6810136847734357,Feynman31,lambd,0.6586549670464716
1.4728166251269146,2.0,1.0,0.8277459773315045,0.7426741662290596,Feynman31,lambd,0.8183033438603424
1.0220837707899069,2.0,1.0,0.5363964748300241,0.5300501528449959,Feynman31,lambd,0.5538106868592222
1.713596630804238,2.0,1.0,1.0290282618689341,1.028633746255525,Feynman31,lambd,1.03710267789004
1.2071567058917894,2.0,1.0,0.64798159298076,0.6014850596944357,Feynman31,lambd,0.6491165020547581
1.810193868434375,2.0,1.0,1.131607636447551,1.0954075577354747,Feynman31,lambd,1.1499458549167552
1.867590056440056,2.0,1.0,1.2048764824119425,1.1794798167988103,Feynman31,lambd,1.2251367693456476
1.1148494680116015,2.0,1.0,0.5912806782297355,0.6527950473386889,Feynman31,lambd,0.6004466896823557
1.5822584445222554,2.0,1.0,0.9126529925305783,0.8780534182179867,Feynman31,lambd,0.9079615663742285
1.7082209995691162,2.0,1.0,1.0238381540449852,1.0756812352171008,Feynman31,lambd,1.0312942551688158
1.5420787924217887,2.0,1.0,0.8804717924537546,0.7973975373260489,Feynman31,lambd,0.8733330106363764
1.4803907465283803,2.0,1.0,0.8333608764797836,0.708232218555734,Feynman31,lambd,0.8240519632203349
1.658222170075628,2.0,1.0,0.9775158556897645,1.0057904339778923,Feynman31,lambd,0.9794883369303622
1.8803856314242222,2.0,1.0,1.2231958991001788,1.2200689452515228,Feynman31,lambd,1.2427844256178213
1.0425168907438906,2.0,1.0,0.5483249151393443,0.5015534074791073,Feynman31,lambd,0.5639808450470856
1.479861066085389,2.0,1.0,0.8329670840303347,0.7950330300430154,Feynman31,lambd,0.8236478857460383
1.701438671935767,2.0,1.0,1.01735232891784,0.9916651340060091,Feynman31,lambd,1.0240333239837396
1.3890214258925573,2.0,1.0,0.7677396231185553,0.926644051404555,Feynman31,lambd,0.7586627955380526
1.8352767382305082,2.0,1.0,1.1620966521089817,1.0644953448490981,Feynman31,lambd,1.1820206572527392
1.9324047784135716,2.0,1.0,1.310067635453937,1.4148118273080792,Feynman31,lambd,1.318010317223294
1.453755675717552,2.0,1.0,0.8137647691827341,0.7297531043244443,Feynman31,lambd,0.804111578151232
1.020237125003733,2.0,1.0,0.5353226313310357,0.5705197454053891,Feynman31,lambd,0.5528929020456617
1.6577717281213853,2.0,1.0,0.9771131366184814,1.1100493918531373,Feynman31,lambd,0.9790393335252516
1.500596523851787,2.0,1.0,0.8485131239838712,0.7362631795529924,Feynman31,lambd,0.8397021135886106
1.978130611195982,2.0,1.0,1.4227782154783908,1.4756989026885436,Feynman31,lambd,1.3889402350509354
1.2986417154349386,2.0,1.0,0.7066910922817298,0.8774856842929819,Feynman31,lambd,0.7013725823627349
1.4184526819542858,2.0,1.0,0.7884001841696407,0.8012590394279755,Feynman31,lambd,0.778821191789815
1.1913765904071054,2.0,1.0,0.6381223011746537,0.7340834270373033,Feynman31,lambd,0.6405574880696646
1.5984631355510701,2.0,1.0,0.9260155889118717,1.048357539739242,Feynman31,lambd,0.9225338068473594
1.143986404009096,2.0,1.0,0.6089337708237329,0.6133912624178232,Feynman31,lambd,0.615479015680526
1.860996547712717,2.0,1.0,1.195770805489919,1.2426299811724681,Feynman31,lambd,1.2161714793451337
1.8320379977154682,2.0,1.0,1.1580408876240034,1.0174479140246595,Feynman31,lambd,1.177811591013293
1.7049911617755904,2.0,1.0,1.0207409593334535,1.151728547780295,Feynman31,lambd,1.027827153602659
1.977682793158389,2.0,1.0,1.4212676151730093,1.501423122583423,Feynman31,lambd,1.3882230216560765
1.1906660166076972,2.0,1.0,0.637680043065318,0.44260001235442314,Feynman31,lambd,0.6401747377233166
1.010276281198385,2.0,1.0,0.5295420209030915,0.6127341342706718,Feynman31,lambd,0.5479447355048466
1.9530282895652415,2.0,1.0,1.3536403171928755,1.3584275134863255,Feynman31,lambd,1.349430472579064
1.4911326235397322,2.0,1.0,0.8413842051349552,0.785021699279972,Feynman31,lambd,0.8323143126352273
1.2898806873510749,2.0,1.0,0.7009452202596195,0.6462393495308787,Feynman31,lambd,0.6961461688016065
1.5558280569559546,2.0,1.0,0.8913393105068244,1.008543174510983,Feynman31,lambd,0.8849475305837812
1.988553053903186,2.0,1.0,1.4637548293530591,1.3120679967629292,Feynman31,lambd,1.4057610346212825
1.0498441949064947,2.0,1.0,0.5526235843175895,0.48444588467217553,Feynman31,lambd,0.5676368244894221
1.3927267302084734,2.0,1.0,0.7703178134092094,0.7164211743261736,Feynman31,lambd,0.7611566066622572
1.9284674385491287,2.0,1.0,1.3025369659068964,1.3361755526985288,Feynman31,lambd,1.3121165530408214
1.4910063181067077,2.0,1.0,0.841289447647756,0.7558252047245131,Feynman31,lambd,0.8322164066956776
1.1359623502275205,2.0,1.0,0.6040508898502464,0.5157332595524875,Feynman31,lambd,0.6113134833160582
1.1658164077659383,2.0,1.0,0.6223032753912997,0.6955654434943499,Feynman31,lambd,0.626923543805547
1.725009148914174,2.0,1.0,1.0401982618485954,1.0415495395669454,Feynman31,lambd,1.0495924558726064
1.1640114132722272,2.0,1.0,0.6211930034544866,0.5703492603304636,Feynman31,lambd,0.6259706662766732
1.6941715327606044,2.0,1.0,1.010477603148577,1.0880277898702388,Feynman31,lambd,1.0163361099631805
1.1172229837952923,2.0,1.0,0.5927108023405372,0.6228624240601051,Feynman31,lambd,0.6016620320180666
1.8199160251209705,2.0,1.0,1.1431828029522026,1.1919131006790928,Feynman31,lambd,1.162236273775001
1.3206994689640381,2.0,1.0,0.7212843832020177,0.6744567367336199,Feynman31,lambd,0.7147692741396976
1.2332685476328136,2.0,1.0,0.6644602109862123,0.6526632387783368,Feynman31,lambd,0.6635455791617255
1.2388220671250416,2.0,1.0,0.667992269149741,0.6670776239643333,Feynman31,lambd,0.6666603956186024
1.5529853807849374,2.0,1.0,0.889080524823455,0.7922435130219838,Feynman31,lambd,0.882526499399153
1.5824216037675942,2.0,1.0,0.9127863805603159,0.8686438582794739,Feynman31,lambd,0.9081065114882887
1.9609309110202087,2.0,1.0,1.3728141173553543,1.3819504717414581,Feynman31,lambd,1.3617173713282527
1.6791379764342333,2.0,1.0,0.9964893448846391,1.0162890558037787,Feynman31,lambd,1.0006807898349899
1.5883247049516658,2.0,1.0,0.9176279583393113,0.8599360507774981,Feynman31,lambd,0.9133748059735366
1.9383797541939227,2.0,1.0,1.3219202677036526,1.254714629000718,Feynman31,lambd,1.3270180588487508
1.766610736151419,2.0,1.0,1.0828667639256864,1.0699193358004802,Feynman31,lambd,1.0969943502140527
1.77668998232312,2.0,1.0,1.093728209971989,1.0047170715473144,Feynman31,lambd,1.1089340330143564
1.2274938337012804,2.0,1.0,0.6607978053977719,0.6965043396225863,Feynman31,lambd,0.6603243292810674
1.4159070881723208,2.0,1.0,0.7865963851284892,0.6699126142713436,Feynman31,lambd,0.7770453825163846
1.5272977444803413,2.0,1.0,0.8689460105667063,0.885646759296433,Feynman31,lambd,0.8611109029381305
1.6631976424466617,2.0,1.0,0.9819803146508292,1.0609638714984444,Feynman31,lambd,0.9844685009186096
1.8344316060108723,2.0,1.0,1.1610346710406303,1.2303751368298121,Feynman31,lambd,1.180920374256574
1.0984945470628258,2.0,1.0,0.5814632139696638,0.5434652765773653,Feynman31,lambd,0.5921112679272151
1.5309163119470677,2.0,1.0,0.8717530201779355,0.9890610876051102,Feynman31,lambd,0.8640781141347468
1.121837185114857,2.0,1.0,0.5954949676734965,0.520133994234085,Feynman31,lambd,0.6040290973540204
1.8904108498283032,2.0,1.0,1.238223249398477,1.2183698362546227,Feynman31,lambd,1.2568437178226552
1.9952283503483157,2.0,1.0,1.5017054573079234,1.34712623323429,Feynman31,lambd,1.4166645234879771
1.1079019617626975,2.0,1.0,0.5871024287512914,0.6774481277945574,Feynman31,lambd,0.5968977476493574
1.1744979124020065,2.0,1.0,0.6276557918013613,0.5960385524366891,Feynman31,lambd,0.6315242963303834
1.1493426777059264,2.0,1.0,0.6122024938219689,0.5626328168152942,Feynman31,lambd,0.618271472823305
1.8533233948454044,2.0,1.0,1.1854324057283856,1.1109660285299303,Feynman31,lambd,1.2058470541264066
1.1056170759805817,2.0,1.0,0.5857308316546821,0.6322058731997954,Feynman31,lambd,0.5957332449593964
1.6043503148873075,2.0,1.0,0.9309292927296605,0.917377687581125,Feynman31,lambd,0.9279173440971021
1.5402552971623935,2.0,1.0,0.8790412382116102,0.7286513762662532,Feynman31,lambd,0.871810554519529
1.9601175909396416,2.0,1.0,1.370757158093875,1.320328777360928,Feynman31,lambd,1.3604464479649723
1.4320539987441072,2.0,1.0,0.7980941914910232,0.6617354882569405,Feynman31,lambd,0.7884166207445322
1.3456580612569362,2.0,1.0,0.7380262280742159,0.8365783962038944,Feynman31,lambd,0.7303639709529185
1.1331285296668958,2.0,1.0,0.6023303566534401,0.6598980911508564,Feynman31,lambd,0.6098472560387205
1.0402130485572134,2.0,1.0,0.5469756668407061,0.5603349932970517,Feynman31,lambd,0.5628324694823674
1.8784654093827302,2.0,1.0,1.2203882461945186,1.113732767115633,Feynman31,lambd,1.2401149281884558
1.2478110720261975,2.0,1.0,0.673730282527474,0.734038587281086,Feynman31,lambd,0.6717383312675286
1.5544093538965473,2.0,1.0,0.8902112237318862,0.9882515934337575,Feynman31,lambd,0.8837379649014954
1.3933088288598614,2.0,1.0,0.7707234298517924,0.7653788875624539,Feynman31,lambd,0.7615495108731526
1.7974400510598953,2.0,1.0,1.1168418963857063,1.0305603517676654,Feynman31,lambd,1.1340909594818804
1.7433316338627916,2.0,1.0,1.058591042964786,0.9082409804627843,Feynman31,lambd,1.0701023578774345
1.9409103412356512,2.0,1.0,1.327110178601254,1.390490592353289,Feynman31,lambd,1.3308564277331008
1.5065945521027675,2.0,1.0,0.8530612817440102,0.8106384977365919,Feynman31,lambd,0.844437877465494
1.3274560452787134,2.0,1.0,0.7257919685500683,0.7930437739585963,Feynman31,lambd,0.7189438572933617
1.652403083290242,2.0,1.0,0.9723316342583554,0.9775422981869035,Feynman31,lambd,0.973711521410616
1.1567929239120476,2.0,1.0,0.6167616092298676,0.6389170611811031,Feynman31,lambd,0.6221721513719852
1.9865766525308861,2.0,1.0,1.4548722571495285,1.4829418396285465,Feynman31,lambd,1.40255232737218
1.8209743425210285,2.0,1.0,1.1444605970523927,1.2945278397498978,Feynman31,lambd,1.1635849344643872
1.2819885803482016,2.0,1.0,0.6957929810749091,0.7021204352028739,Feynman31,lambd,0.6914821824917302
1.6165152222838879,2.0,1.0,0.9411870024244959,0.7530015312539433,Feynman31,lambd,0.9391954528502067
1.0226117284721308,2.0,1.0,0.5367036136410384,0.5585056302868917,Feynman31,lambd,0.5540731137154188
1.192554366902307,2.0,1.0,0.6388556639436465,0.5908612553968985,Feynman31,lambd,0.6411923892515833
1.1374846170947408,2.0,1.0,0.6049759665691694,0.4792373552194148,Feynman31,lambd,0.6121021472780462
1.387099312831534,2.0,1.0,0.7664047217082421,0.832044718471162,Feynman31,lambd,0.7573740101218814
1.689494444360807,2.0,1.0,1.0060926550625284,1.1297717362016062,Feynman31,lambd,1.0114270965563448
1.4036653227988003,2.0,1.0,0.7779669744278687,0.7822676667482767,Feynman31,lambd,0.7685918391227522
1.0807405335366007,2.0,1.0,0.5708770932903775,0.6006864064759838,Feynman31,lambd,0.583131386070169
1.5337139255934358,2.0,1.0,0.87392963610907,0.8043085410901687,Feynman31,lambd,0.8663831534123897
1.7179569768473284,2.0,1.0,1.0332712267564608,0.9099562058418906,Feynman31,lambd,1.0418490654143393
1.5257418825721505,2.0,1.0,0.8677419533774352,0.8590978042749755,Feynman31,lambd,0.8598400142448854
1.3511786271558068,2.0,1.0,0.7417637194775685,0.6668675269954992,Feynman31,lambd,0.7338792967177061
1.9902113476256773,2.0,1.0,1.471818310944112,1.766074517832204,Feynman31,lambd,1.4084601756528319
1.347897256752614,2.0,1.0,0.7395406546114994,0.8057927800799037,Feynman31,lambd,0.7317868645621743
1.2528683798302005,2.0,1.0,0.6769701206839898,0.8063687404941674,Feynman31,lambd,0.674615465723278
1.6341597181311105,2.0,1.0,0.9563276084011226,0.7686020986844717,Feynman31,lambd,0.9559295306016037
1.1983201689364518,2.0,1.0,0.6424516272152205,0.7729772112164925,Feynman31,lambd,0.6443095256230329
1.6557504727922838,2.0,1.0,0.9753089764989965,0.937720996242621,Feynman31,lambd,0.97702832780476
1.7825047657613253,2.0,1.0,1.1000992671853693,1.1224785650905431,Feynman31,lambd,1.115904913092908
1.7510512379687801,2.0,1.0,1.0665225979801867,1.0482739357635598,Feynman31,lambd,1.0789154261196439
1.3745090884415894,2.0,1.0,0.7577028119657248,0.7346149725340013,Feynman31,lambd,0.7490131901876075
1.9288934668554094,2.0,1.0,1.3033418091311928,1.3787751685747969,Feynman31,lambd,1.3127526629768154
1.312384069603349,2.0,1.0,0.7157612412480467,0.7096626529553418,Feynman31,lambd,0.7096779360621676
1.5808161410757746,2.0,1.0,0.9114748612877736,0.8469624736589764,Feynman31,lambd,0.9066818300253127
1.9082250092685076,2.0,1.0,1.2666818817465715,1.2147577233886304,Feynman31,lambd,1.28233794255948
1.242626324235239,2.0,1.0,0.6704174791540901,0.7239256967717326,Feynman31,lambd,0.6688038996033646
1.3509296250522174,2.0,1.0,0.7415948667583864,0.7251364875460756,Feynman31,lambd,0.7337202101016137
1.0498849742020333,2.0,1.0,0.5526475398974382,0.5115916016801614,Feynman31,lambd,0.5676571878992324
1.4621355559475442,2.0,1.0,0.8198855987354685,0.8142524656192187,Feynman31,lambd,0.8103029107737928
1.0489194132878539,2.0,1.0,0.5520804212446779,0.5863945447693054,Feynman31,lambd,0.5671750798255518
1.7719095695587512,2.0,1.0,1.0885487190732495,1.0793663293722655,Feynman31,lambd,1.1032486571433304
1.6790529299777253,2.0,1.0,0.9964110744471831,0.9508590331059685,Feynman31,lambd,1.0005932424842006
1.4504648171193173,2.0,1.0,0.8113718900943081,0.731874850251199,Feynman31,lambd,0.8017003970300743
1.7578566239919713,2.0,1.0,1.073610584742344,1.1506983601005336,Feynman31,lambd,1.0867705354374952
1.9564508190293952,2.0,1.0,1.3617313861655416,1.2552228678603095,Feynman31,lambd,1.3547348258319913
1.6967877083749698,2.0,1.0,1.0129437802431267,0.8901553323714813,Feynman31,lambd,1.01909730585963
1.0444083849572237,2.0,1.0,0.5494335029723091,0.5059857466044102,Feynman31,lambd,0.5649240698374945
1.8281287954148864,2.0,1.0,1.1531950025848587,1.2257630804878712,Feynman31,lambd,1.1727580523674934
1.8220563701797188,2.0,1.0,1.1457707458235826,1.065780192425579,Feynman31,lambd,1.1649660073305117
1.2136173374266574,2.0,1.0,0.6520393865820195,0.632561265413969,Feynman31,lambd,0.6526545808209268
1.010522309271641,2.0,1.0,0.5296845628270759,0.2960662717591529,Feynman31,lambd,0.5480669150694829
1.1706702496210144,2.0,1.0,0.6252933265875621,0.49998562588434287,Feynman31,lambd,0.6294921743644106
1.720874615566097,2.0,1.0,1.0361272644921993,1.0393871559279584,Feynman31,lambd,1.0450426217856954
1.394904375081482,2.0,1.0,0.771836054370934,0.7458361486430239,Feynman31,lambd,0.7626280511832948
1.0664748309935037,2.0,1.0,0.5624228578288334,0.4847096432020782,Feynman31,lambd,0.5759591055537708
1.9735577715411097,2.0,1.0,1.408005968622065,1.3720982090291693,Feynman31,lambd,1.3816377820632473
1.7281395743963106,2.0,1.0,1.0432994674407872,0.9935521297980994,Feynman31,lambd,1.0530563677059748
1.6598180466754822,2.0,1.0,0.9789445943809728,1.100038672431119,Feynman31,lambd,0.981081602295514
1.159640336395575,2.0,1.0,0.6185079516141656,0.6716433798230959,Feynman31,lambd,0.6236682139645515
1.1847564038933016,2.0,1.0,0.6340075164771618,0.699352389666741,Feynman31,lambd,0.6370000683653073
1.1613204448563343,2.0,1.0,0.6195393949993429,0.5401414046624083,Feynman31,lambd,0.6245523617307929
1.144069071357293,2.0,1.0,0.6089841627519168,0.6237013688960737,Feynman31,lambd,0.6155220402931815
1.308552695227886,2.0,1.0,0.7132253352281701,0.6832621876315497,Feynman31,lambd,0.707348949208975
1.687190080255424,2.0,1.0,1.003943354052454,1.162536968298837,Feynman31,lambd,1.0090212978568327
1.5694895508426612,2.0,1.0,0.9022842468999895,0.9889636429467025,Feynman31,lambd,0.8967284209781184
1.849476700975987,2.0,1.0,1.1803475592011061,1.06372950328032,Feynman31,lambd,1.2007149904775436
1.617477285755383,2.0,1.0,0.9420043904394291,0.9244883209339877,Feynman31,lambd,0.9400963265792819
1.023097453916186,2.0,1.0,0.5369862334709523,0.5814017150889306,Feynman31,lambd,0.554314561456022
1.7977453830248131,2.0,1.0,1.1171901575454823,1.1970044915259586,Feynman31,lambd,1.1344670108989816
1.3833159425391133,2.0,1.0,0.7637821798577756,0.7457312458703382,Feynman31,lambd,0.7548468839027227
1.0473684191195989,2.0,1.0,0.5511698649146752,0.5028859382703625,Feynman31,lambd,0.5664008825684419
1.3115459197351538,2.0,1.0,0.7152060104306939,0.7849443833115731,Feynman31,lambd,0.7091675467434359
1.514812268466772,2.0,1.0,0.8593313393278273,0.8538028872030345,Feynman31,lambd,0.8509946922828282
1.5300544589785652,2.0,1.0,0.8710836113155411,0.8512776853642776,Feynman31,lambd,0.8633699445134811
1.7488612410250104,2.0,1.0,1.0642609583923475,1.1771185252076357,Feynman31,lambd,1.0764047571989814
1.9571068785445387,2.0,1.0,1.3633178394546406,1.3457146444645833,Feynman31,lambd,1.3557545639201811
1.5072362387694174,2.0,1.0,0.8535492591014934,0.8964586969559762,Feynman31,lambd,0.8449470088197408
1.4222825338035148,2.0,1.0,0.7911201897860797,0.7957649267049121,Feynman31,lambd,0.7815047201665197
1.4746291327018333,2.0,1.0,0.829086503045417,0.8644869523146279,Feynman31,lambd,0.8196732603008143
1.5525911272836757,2.0,1.0,0.8887677481865217,0.897948387578688,Feynman31,lambd,0.8821915409539772
1.3946949370234756,2.0,1.0,0.7716899379768728,0.7899338105383454,Feynman31,lambd,0.7624863452022945
1.1313839807326085,2.0,1.0,0.6012721784385298,0.5695806755588017,Feynman31,lambd,0.6089458532890585
1.352109309091479,2.0,1.0,0.7423950628016514,0.68880798437045,Feynman31,lambd,0.7344743521517773
1.5545840121495154,2.0,1.0,0.8903500189763401,0.8752638368409227,Feynman31,lambd,0.883886736658983
1.7997120971683822,2.0,1.0,1.1194393803126106,1.0744699244728702,Feynman31,lambd,1.1368933676481536
1.2957787971828645,2.0,1.0,0.7048103767018348,0.7623874767535139,Feynman31,lambd,0.6996589494091539
1.109607022249493,2.0,1.0,0.58812677774354,0.5214042538692127,Feynman31,lambd,0.5977675864345677
1.9537149528169628,2.0,1.0,1.3552396459568814,1.2779966295019571,Feynman31,lambd,1.350492614867697
1.2400920324668783,2.0,1.0,0.6688013537168777,0.6340962441350907,Feynman31,lambd,0.6673750615055541
1.5625764430482394,2.0,1.0,0.896727053499278,0.9865806963645842,Feynman31,lambd,0.8907366205713602
1.7698152126789637,2.0,1.0,1.086295604641525,1.089006477547727,Feynman31,lambd,1.1007706831777235
1.8473621830118545,2.0,1.0,1.1775790179162233,1.2469138067731897,Feynman31,lambd,1.1979062901007185
1.522226725056432,2.0,1.0,0.8650279032898311,0.7828753451173558,Feynman31,lambd,0.8569795126992111
1.45176797625897,2.0,1.0,0.812318732264911,0.8572705403712312,Feynman31,lambd,0.8026538565039213
1.485498265501392,2.0,1.0,0.8371668814844505,0.8879489968996486,Feynman31,lambd,0.8279643719432853
1.7336762915565997,2.0,1.0,1.048825330580486,1.1391302182021708,Feynman31,lambd,1.0592233376683613
1.556593487752992,2.0,1.0,0.8919486002188266,0.8509779896094553,Feynman31,lambd,0.8856011991878979
1.1918348028596537,2.0,1.0,0.638407567595677,0.6248023247729855,Feynman31,lambd,0.6408044224450805
1.3031704263492985,2.0,1.0,0.7096722898952141,0.7711455864031332,Feynman31,lambd,0.7040948686191133
1.374795380588214,2.0,1.0,0.757899888140508,0.8288737925152541,Feynman31,lambd,0.7492017669466788
1.645273055779312,2.0,1.0,0.966032723077571,1.0109061499517942,Feynman31,lambd,0.9667028480817093
1.2182605171618792,2.0,1.0,0.6549634519672649,0.8406793236592747,Feynman31,lambd,0.6552100472576167
1.7676826002406623,2.0,1.0,1.0840112025456585,1.060590292579591,Feynman31,lambd,1.0982554655513839
1.8111608312670961,2.0,1.0,1.13274607015911,1.152730640652474,Feynman31,lambd,1.1511602952471367
1.979527837700292,2.0,1.0,1.4275930316705563,1.2883601248046257,Feynman31,lambd,1.391180910493972
1.7705970920964273,2.0,1.0,1.0871356218531698,1.2669744565500995,Feynman31,lambd,1.1016948630774566
1.819983222068724,2.0,1.0,1.1432638288242818,1.115067020789833,Feynman31,lambd,1.1623218426871236
1.196765805269472,2.0,1.0,0.6414812656251787,0.7784787103703659,Feynman31,lambd,0.6434677161065049
1.6742701984551198,2.0,1.0,0.9920245219940326,0.9336591597666366,Feynman31,lambd,0.995688095741585
1.8125238033444953,2.0,1.0,1.1343554524113315,0.9991136845373643,Feynman31,lambd,1.1528750737957527
1.7411771147783157,2.0,1.0,1.0563972837876658,1.1205622377882287,Feynman31,lambd,1.0676609757615174
1.1728148963172407,2.0,1.0,0.6266165226624559,0.46434625343682656,Feynman31,lambd,0.6306300559656715
1.5706313531284244,2.0,1.0,0.9032058618576714,0.7591083546913245,Feynman31,lambd,0.8977240878131156
1.879936168065241,2.0,1.0,1.2225367702170618,1.1907398334650905,Feynman31,lambd,1.2421589086186735
1.8491476742065809,2.0,1.0,1.1799155423719832,1.345017305066341,Feynman31,lambd,1.2002773702343896
1.1093069643150368,2.0,1.0,0.5879464612760508,0.6288774731562279,Feynman31,lambd,0.5976144584238612
1.1202997956660568,2.0,1.0,0.594566739456053,0.6118440696053753,Feynman31,lambd,0.6032397684299575
1.1301987896929775,2.0,1.0,0.6005537238780214,0.5262650119259482,Feynman31,lambd,0.608333996873466
1.5887106436740879,2.0,1.0,0.9179455618017524,0.6540847734549692,Feynman31,lambd,0.9137208866713996
1.2327768201821878,2.0,1.0,0.6641479420219775,0.6279866314258833,Feynman31,lambd,0.66327058984894
1.6016008595474525,2.0,1.0,0.928630456595806,0.9977398074968354,Feynman31,lambd,0.9253971055670758
1.6556811021977302,2.0,1.0,0.9752471420278098,0.9424715968761682,Feynman31,lambd,0.9769594189903067
1.2650686940150724,2.0,1.0,0.6848209569231353,0.7203994770369144,Feynman31,lambd,0.6816184057529048
1.9905190267618798,2.0,1.0,1.4733875311980258,1.5016940809799442,Feynman31,lambd,1.4089616650162327
1.1661009944105687,2.0,1.0,0.6224784084432583,0.6888728512526976,Feynman31,lambd,0.6270738939951136
1.0079487422683955,2.0,1.0,0.5281940961936942,0.5577959015162133,Feynman31,lambd,0.5467889268594159
1.5053304945015873,2.0,1.0,0.8521008127164431,0.8799052364240146,Feynman31,lambd,0.843436350043444
1.5482840648500724,2.0,1.0,0.8853585959637158,0.9651535960834273,Feynman31,lambd,0.8785451531281031
1.045259660934421,2.0,1.0,0.5499326737502765,0.5102089229037488,Feynman31,lambd,0.5653486915295548
1.567343314268364,2.0,1.0,0.9005547981795685,0.9054900303141442,Feynman31,lambd,0.894861515421492
1.2730063102881828,2.0,1.0,0.6899558811874217,0.6771340027103534,Feynman31,lambd,0.6862232715910627
1.6925235737766897,2.0,1.0,1.008929095106059,1.048675702511373,Feynman31,lambd,1.0146024406487955
1.7599897689391188,2.0,1.0,1.075851430426984,1.1887999661749094,Feynman31,lambd,1.0892493797846463
1.1061210328306093,2.0,1.0,0.586033245188273,0.5922995040894597,Feynman31,lambd,0.5959899784120575
1.996691518574026,2.0,1.0,1.5132689941663655,1.5400056651318956,Feynman31,lambd,1.4190681466440886
1.9742974904992976,2.0,1.0,1.4103041134998957,1.2704845454375708,Feynman31,lambd,1.3828158573212428
1.7043668911214551,2.0,1.0,1.0201441294795661,0.9710312869672008,Feynman31,lambd,1.0271589865856887
1.4257203872642288,2.0,1.0,0.7935681826193852,0.7523172733554649,Feynman31,lambd,0.7839257689348447
1.7294540089944426,2.0,1.0,1.0446065635364452,1.1679572956363429,Feynman31,lambd,1.054515741857036
1.7488622563049023,2.0,1.0,1.0642620047487583,1.1577658957206982,Feynman31,lambd,1.0764059192168984
1.4019259055929534,2.0,1.0,0.7767467929155308,0.676721626312549,Feynman31,lambd,0.7674021281938312
1.605266018459067,2.0,1.0,0.9316964950662059,0.8375574115568619,Feynman31,lambd,0.9287590487516029
1.2564081352238508,2.0,1.0,0.6792428023901363,0.7729094362702762,Feynman31,lambd,0.6766381296423015
1.3782110227378246,2.0,1.0,0.760253972589722,0.7358803742889553,Feynman31,lambd,0.751457095843549
1.6981129506483146,2.0,1.0,1.0141967656483049,0.9950871511434594,Feynman31,lambd,1.0205002124094773
1.2775291491413685,2.0,1.0,0.6928914981455766,0.7538630603641993,Feynman31,lambd,0.6888648209115855
1.6213460888988878,2.0,1.0,0.945300724634251,0.909022765462895,Feynman31,lambd,0.9437324206894199
1.5432877089399342,2.0,1.0,0.8814215695315634,0.9570185277286235,Feynman31,lambd,0.8743446437904596
1.4699201003467226,2.0,1.0,0.8256077656502758,0.8498006040895426,Feynman31,lambd,0.8161215601786611
1.7511783535404093,2.0,1.0,1.066654156518908,0.9548631086450439,Feynman31,lambd,1.079061410085778
1.2689675311230613,2.0,1.0,0.6873404492738598,0.8574924251030097,Feynman31,lambd,0.6838753511158308
1.6579204843947526,2.0,1.0,0.9772461060567587,0.8905013408024779,Feynman31,lambd,0.9791875806023144
1.436644650520495,2.0,1.0,0.8013878516158167,0.8467962001273263,Feynman31,lambd,0.7916966304878746
1.0903626977096323,2.0,1.0,0.5766054241467031,0.6591886707863097,Feynman31,lambd,0.5879900978135605
1.0738484917839162,2.0,1.0,0.566787006809861,0.6375032253612228,Feynman31,lambd,0.5796619887179019
1.3088187749908378,2.0,1.0,0.7134012678310635,0.853046663679992,Feynman31,lambd,0.7075103520126266
1.396601230347616,2.0,1.0,0.7730206484076947,0.8067167768956185,Feynman31,lambd,0.7637776230026104
1.0497493554013433,2.0,1.0,0.5525678727243029,0.6166969159973715,Feynman31,lambd,0.5675894664984622
1.4832485163059625,2.0,1.0,0.8354884472122579,0.7750592855876256,Feynman31,lambd,0.8262374535658892
1.6418411706572469,2.0,1.0,0.9630212695666891,0.9328037211132904,Feynman31,lambd,0.9633564542968355
1.1942129305112048,2.0,1.0,0.6398890750486482,0.601440745609793,Feynman31,lambd,0.6420875148324896
1.6302843601299593,2.0,1.0,0.9529746033777222,0.9667008215954471,Feynman31,lambd,0.9522154711777283
1.5309598756897782,2.0,1.0,0.8717868706750379,0.7936810969896995,Feynman31,lambd,0.8641139338926594
1.1754149234546352,2.0,1.0,0.628222379649723,0.6737386076604128,Feynman31,lambd,0.6320120137564218
1.475411767232794,2.0,1.0,0.8296659439604318,0.7971219449416059,Feynman31,lambd,0.8202658986777669
1.9575585973397742,2.0,1.0,1.3644171515339756,1.3261750465146367,Feynman31,lambd,1.3564572409261915
1.1017797783856589,2.0,1.0,0.5834301376236946,0.5951449140817758,Feynman31,lambd,0.5937804015746924
1.2252915868137322,2.0,1.0,0.6594038553439328,0.7048524155456668,Feynman31,lambd,0.6591005147281676
1.2487748832232908,2.0,1.0,0.6743470764519097,0.8574216787722466,Feynman31,lambd,0.6722855105926863
1.9388818527222962,2.0,1.0,1.3229415410377903,1.4666375616543263,Feynman31,lambd,1.3277785311971733
1.8688603865851179,2.0,1.0,1.2066557686290438,1.18941708505867,Feynman31,lambd,1.2268740506982458
1.1371252770788332,2.0,1.0,0.6047575434705588,0.7173163508872175,Feynman31,lambd,0.6119159124385344
1.1013910574196062,2.0,1.0,0.583197270757665,0.4305610117971445,Feynman31,lambd,0.5935827725496907
1.0764877674337219,2.0,1.0,0.5683520236787363,0.590448991063484,Feynman31,lambd,0.5809895793910407
1.6417586709914913,2.0,1.0,0.9629490372889553,0.9067813221886777,Feynman31,lambd,0.963276225192084
1.7390704378608652,2.0,1.0,1.054260441201036,0.9828321537660298,Feynman31,lambd,1.0652814946380142
1.090798938685161,2.0,1.0,0.5768656343674327,0.6771163634030523,Feynman31,lambd,0.5882108203575648
1.0003248042160517,2.0,1.0,0.5237863115535973,0.5565599841276627,Feynman31,lambd,0.5430035758946732
1.6280494272197275,2.0,1.0,0.9510480890845965,0.9972028086629565,Feynman31,lambd,0.9500835147620622
1.5255383556791577,2.0,1.0,0.8675845736315623,0.8026689157324279,Feynman31,lambd,0.8596739832765801
1.453403908509276,2.0,1.0,0.8135087000480278,0.8216263716792569,Feynman31,lambd,0.8038533009618829
1.9218479723707285,2.0,1.0,1.2903210566543561,1.3038711227798259,Feynman31,lambd,1.302282845407608
1.8423079088460321,2.0,1.0,1.1710351103067134,1.2496536062731727,Feynman31,lambd,1.191228169199129
1.6566906948905744,2.0,1.0,0.9761476142745772,1.0029926667546,Feynman31,lambd,0.9779630107465995
1.0244195369339364,2.0,1.0,0.5377557298211695,0.4558771888979418,Feynman31,lambd,0.5549718161286804
1.6513401993553964,2.0,1.0,0.9713889668130721,0.9247906722983041,Feynman31,lambd,0.9726618865689356
1.8355939760788949,2.0,1.0,1.162495961427476,1.2218240479997098,Feynman31,lambd,1.182434027072717
1.9643912231585157,2.0,1.0,1.3818123411541317,1.3716267573579342,Feynman31,lambd,1.367141016555239
1.947032087987443,2.0,1.0,1.3401377536532055,1.2944895285775069,Feynman31,lambd,1.3401994963619208
1.9215852675896996,2.0,1.0,1.2898469290526973,1.2227668307116937,Feynman31,lambd,1.3018945084078641
1.5560519831643882,2.0,1.0,0.8915175101782326,0.8242856890067769,Feynman31,lambd,0.8851386829154985
1.6963633236008646,2.0,1.0,1.0125430660576114,1.1837135414771864,Feynman31,lambd,1.0186486486413575
1.1900243279211629,2.0,1.0,0.6372807832527184,0.6401949770781963,Feynman31,lambd,0.6398292835320328
1.9843953439771793,2.0,1.0,1.4457963649683196,1.290790292161193,Feynman31,lambd,1.3990212901925068
1.235932973098097,2.0,1.0,0.6661535712643609,0.4440987424476348,Feynman31,lambd,0.6650378827826661
1.1031578305057543,2.0,1.0,0.5842559610230442,0.5710152508714353,Feynman31,lambd,0.5944813022079235
1.5711912376473567,2.0,1.0,0.9036581710443704,0.8544756289564673,Feynman31,lambd,0.8982129426297372
1.5243023236021407,2.0,1.0,0.8666294228073148,0.8400580216828079,Feynman31,lambd,0.8586667462882863
1.9021202082563256,2.0,1.0,1.2566486721148753,1.3340237838248592,Feynman31,lambd,1.2735268657041605
1.8775714292190986,2.0,1.0,1.2190884461885352,1.243634046892611,Feynman31,lambd,1.2388746696891668
1.802696658588184,2.0,1.0,1.1228727412608617,1.071057490197421,Feynman31,lambd,1.1405891158410477
1.62299224469174,2.0,1.0,0.9467078672450261,0.9551795078780763,Feynman31,lambd,0.9452860707445406
1.1618496962643454,2.0,1.0,0.6198644673931049,0.5388838745943758,Feynman31,lambd,0.6248310948147702
1.8646418696376306,2.0,1.0,1.2007785990096598,1.1751480526359326,Feynman31,lambd,1.2211173414669538
1.7483494913401243,2.0,1.0,1.0637337955692967,1.050251974450935,Feynman31,lambd,1.0758192715515573
1.0700436964769175,2.0,1.0,0.5645336077771733,0.514293677909029,Feynman31,lambd,0.5777502075415326
1.382067608578984,2.0,1.0,0.7629183094632839,0.67594357764731,Feynman31,lambd,0.7540158397483964
1.7613047873005017,2.0,1.0,1.0772374894510155,1.0945197543889527,Feynman31,lambd,1.0907814920478047
1.4236706320669796,2.0,1.0,0.7921078819305962,0.8361956853107407,Feynman31,lambd,0.782480870599267
1.9344176281959253,2.0,1.0,1.3140007660941986,1.374902433316027,Feynman31,lambd,1.321036227552907
1.3302618117260057,2.0,1.0,0.7276691105568364,0.8019895949508464,Feynman31,lambd,0.7206875252171587
1.1952770588465231,2.0,1.0,0.6405525265987972,0.5137076746019739,Feynman31,lambd,0.6426624737021058
1.3780528318681613,2.0,1.0,0.7601448300686807,0.7421451073697026,Feynman31,lambd,0.7513524188156196
1.3814534581340272,2.0,1.0,0.7624935676718263,0.7015876342612871,Feynman31,lambd,0.753607491206805
1.6766103171002729,2.0,1.0,0.9941670994824819,0.9817604142683997,Feynman31,lambd,0.9980836408454653
1.006320476630805,2.0,1.0,0.5272517647789059,0.6072639268704716,Feynman31,lambd,0.5459804240535825
1.7934762429381512,2.0,1.0,1.1123431205325902,1.1908205666228884,Feynman31,lambd,1.1292246441051914
1.8122155678168506,2.0,1.0,1.133991005962172,1.2465583574404921,Feynman31,lambd,1.152486972343801
1.4877522415995497,2.0,1.0,0.8388516089712563,0.9068307453257721,Feynman31,lambd,0.8297002301636597
1.2581599006449014,2.0,1.0,0.6803690576141476,0.6470672709921524,Feynman31,lambd,0.6776418521915852
1.5247873618574617,2.0,1.0,0.8670041107386016,0.8321704082524595,Feynman31,lambd,0.8590617808453964
1.3818084647128805,2.0,1.0,0.7627390665045682,0.6272142787198177,Feynman31,lambd,0.7538434944422655
1.2807672192420878,2.0,1.0,0.6949976174735162,0.6534002958159637,Feynman31,lambd,0.6907640523239341
1.3670156848583603,2.0,1.0,0.752557526571902,0.7683790105480327,Feynman31,lambd,0.744102454306308
1.9682162390418476,2.0,1.0,1.392279371007456,1.5666837899314148,Feynman31,lambd,1.3731673527781394
1.434779811556902,2.0,1.0,0.800048536526862,0.8385784921696107,Feynman31,lambd,0.7903616552495396
1.4072003176595391,2.0,1.0,0.7804512661968277,0.8124627186379181,Feynman31,lambd,0.7710183833476899
1.9579483828764461,2.0,1.0,1.365370402115681,1.3574700529238664,Feynman31,lambd,1.3570639397970143
1.599668171923486,2.0,1.0,0.9270187455590024,0.8014387322415742,Feynman31,lambd,0.9236318362141646
1.93693829851291,2.0,1.0,1.319010873080528,1.3152041194706792,Feynman31,lambd,1.324837884464463
1.5999114673836414,2.0,1.0,0.9272214444496045,0.9053968486032228,Feynman31,lambd,0.9238537711354554
1.3957018493700857,2.0,1.0,0.7723926099863068,0.6443540136900251,Feynman31,lambd,0.763167989636125
1.2677042457470065,2.0,1.0,0.6865235240850641,0.6165658025073143,Feynman31,lambd,0.6831430366138468
1.366688075093586,2.0,1.0,0.7523331424224174,0.5750824977029139,Feynman31,lambd,0.7438888519057457
1.8503242379149814,2.0,1.0,1.1814624815978225,1.204783486705992,Feynman31,lambd,1.2018432313937555
1.8355934731579693,2.0,1.0,1.1624953281060058,1.2194420951770404,Feynman31,lambd,1.1824333715988424
1.8100845533340622,2.0,1.0,1.1314791101197248,1.197970105796597,Feynman31,lambd,1.1498086726894732
1.978147728425201,2.0,1.0,1.4228362598565918,1.4655805182548074,Feynman31,lambd,1.3889676585417434
1.886240824482067,2.0,1.0,1.2318947667189635,1.3648941392971379,Feynman31,lambd,1.2509707155034226
1.048771744703664,2.0,1.0,0.5519937061142444,0.5892152051895122,Feynman31,lambd,0.5671013577095853
1.6107999149111691,2.0,1.0,0.936349928976824,0.8513035957658169,Feynman31,lambd,0.933870772941233
1.3322270844362993,2.0,1.0,0.7289858079577877,0.7119535723557839,Feynman31,lambd,0.7219124364401174
1.5046940034526974,2.0,1.0,0.8516175866811364,0.9241674454650101,Feynman31,lambd,0.8429327575322566
1.2925018561657056,2.0,1.0,0.7026613656184649,0.7128736378093373,Feynman31,lambd,0.6977043720804762
1.566281875377828,2.0,1.0,0.8997008785134264,1.0664280847724945,Feynman31,lambd,0.8939404556035829
1.4294631346290032,2.0,1.0,0.7962402263520293,0.8324527044342863,Feynman31,lambd,0.786574758545223
1.1254368343778631,2.0,1.0,0.5976706129927272,0.6067093659793908,Feynman31,lambd,0.6058798531532307
1.4997350976492074,2.0,1.0,0.8478618543541483,0.8137539503433652,Feynman31,lambd,0.8390254014593723
1.0221432058521989,2.0,1.0,0.5364310483111401,0.5054639735728178,Feynman31,lambd,0.5538402289580623
1.0930803508011264,2.0,1.0,0.5782271761028568,0.5157254371476072,Feynman31,lambd,0.589365789362626
1.4959992789689736,2.0,1.0,0.8450429812503115,0.7898349636214106,Feynman31,lambd,0.8361005466980477
1.5937143726794532,2.0,1.0,0.922075336265672,0.9643839083219555,Feynman31,lambd,0.9182262477079053
1.580692234312243,2.0,1.0,0.9113737328278442,0.8931705093729909,Feynman31,lambd,0.9065720195803791
1.0151655102519817,2.0,1.0,0.5323769438366092,0.6064419004896584,Feynman31,lambd,0.5503730813548725
1.6086215212308304,2.0,1.0,0.9345146281775536,0.8909331562190743,Feynman31,lambd,0.9318534278468892
1.6168954894791572,2.0,1.0,0.941509975213635,0.9613078909153192,Feynman31,lambd,0.9395513763288654
1.5207129879655588,2.0,1.0,0.8638618082690461,0.7971220023729041,Feynman31,lambd,0.8557522908086003
1.6550127347179875,2.0,1.0,0.9746516719057201,1.0496411551527607,Feynman31,lambd,0.9762958741321769
1.6817546085987636,2.0,1.0,0.9989021451232698,0.8367143694661145,Feynman31,lambd,1.0033799221473756
1.0760384267042173,2.0,1.0,0.5680854667940093,0.685099638766947,Feynman31,lambd,0.5807634692359473
1.9655803619599679,2.0,1.0,1.385003916830836,1.3601374539185591,Feynman31,lambd,1.3690110129284594
1.5042477190998969,2.0,1.0,0.8512789251675229,0.7158293328418183,Feynman31,lambd,0.8425799386574435
1.690696838956386,2.0,1.0,1.0072170388026578,0.8630077679146229,Feynman31,lambd,1.0126857765302997
1.962731250173516,2.0,1.0,1.377444121993279,1.362191474887353,Feynman31,lambd,1.3645358733130835
1.9218968109284345,2.0,1.0,1.290409286158997,1.3106445429534432,Feynman31,lambd,1.3023550560336348
1.016817997390223,2.0,1.0,0.5333361758801458,0.5846680261611725,Feynman31,lambd,0.5511940023214206
1.3273400936169906,2.0,1.0,0.7257144607264258,0.7224631645894528,Feynman31,lambd,0.7188719266722768
1.261531174809888,2.0,1.0,0.6825394318927706,0.6878355231850097,Feynman31,lambd,0.6795786803804656
1.1957611073457222,2.0,1.0,0.6408544246442218,0.6373881759405426,Feynman31,lambd,0.6429241787454032
1.493713496947061,2.0,1.0,0.8433226464697033,0.7446424708713603,Feynman31,lambd,0.8343188544323792
1.4119917837833729,2.0,1.0,0.7838283601864288,0.7595280707903976,Feynman31,lambd,0.774326206006681
1.313882713177099,2.0,1.0,0.7167546837846611,0.6620485449511124,Feynman31,lambd,0.7105917964876844
1.4836503389519238,2.0,1.0,0.8357879999121025,0.8443163010897121,Feynman31,lambd,0.82654547915616
1.6071362383103347,2.0,1.0,0.9332658845703176,1.0101638622784554,Feynman31,lambd,0.9304817804637648
1.149023836484258,2.0,1.0,0.6120077079358074,0.542950512020988,Feynman31,lambd,0.6181049734298775
1.08663054542349,2.0,1.0,0.5743810550526294,0.6845624101419893,Feynman31,lambd,0.5861033651687617
1.5570620024589656,2.0,1.0,0.8923217692055221,0.8892075050199669,Feynman31,lambd,0.886001676833772
1.7407264307452552,2.0,1.0,1.055939467916424,0.9177711486517328,Feynman31,lambd,1.0671512918904744
1.7219612077466928,2.0,1.0,1.0371944402621276,1.0209998481008233,Feynman31,lambd,1.046235593139557
1.0012188518190013,2.0,1.0,0.5243026230922456,0.4295769109717158,Feynman31,lambd,0.5434474562366501
1.4133803830991511,2.0,1.0,0.7848091900936184,0.7732920190532736,Feynman31,lambd,0.7752889098071224
1.444919316263722,2.0,1.0,0.8073531755527553,0.9017178605899207,Feynman31,lambd,0.7976627262738619
1.3633975873780013,2.0,1.0,0.7500820512144175,0.7250247017390643,Feynman31,lambd,0.7417484767073133
1.2765430938608362,2.0,1.0,0.6922508753738609,0.8856811275553764,Feynman31,lambd,0.6882878074710507
1.6261344489947698,2.0,1.0,0.9494015046376485,0.9512277393520975,Feynman31,lambd,0.9482625394731854
1.3294953446904698,2.0,1.0,0.7271560099267067,0.7077459659793757,Feynman31,lambd,0.7202106032381661
1.547243757980452,2.0,1.0,0.8845372964432197,0.8304724874656443,Feynman31,lambd,0.877667953985362
1.3804645272004605,2.0,1.0,0.761809992418407,0.7777830640387365,Feynman31,lambd,0.7529506497648366
1.493405928313122,2.0,1.0,0.8430914166504324,0.9745458270391261,Feynman31,lambd,0.8340795704306724
1.649107155287977,2.0,1.0,0.969412712304029,0.9629664124703421,Feynman31,lambd,0.970462214285974
1.3579712280982204,2.0,1.0,0.7463800383772811,0.723646629838314,Feynman31,lambd,0.738238598016074
1.9593931455211908,2.0,1.0,1.3689423868809723,1.3802501353493066,Feynman31,lambd,1.3593156394130514
1.1594783954246322,2.0,1.0,0.6184085736813886,0.5593816079945833,Feynman31,lambd,0.6235830486310151
1.2137808221660729,2.0,1.0,0.6521422308813598,0.7330755504829308,Feynman31,lambd,0.6527443757610503
1.9834165961932984,2.0,1.0,1.4419306135290009,1.4899192799173153,Feynman31,lambd,1.397440442267465
1.4244447763479466,2.0,1.0,0.7926591488196718,0.9120535626062565,Feynman31,lambd,0.7830260901374926
1.8517542788300636,2.0,1.0,1.1833505807526106,1.044279560165407,Feynman31,lambd,1.2037501025925215
1.310283439204289,2.0,1.0,0.7143701875865427,0.7180718612602615,Feynman31,lambd,0.7083997166397032
1.6725376880136116,2.0,1.0,0.9904427772113462,0.9987141267543016,Feynman31,lambd,0.9939200496691613
1.9876495300547319,2.0,1.0,1.4596063897752696,1.4006885594229554,Feynman31,lambd,1.4042930483892204
1.168107868567805,2.0,1.0,0.623714053520475,0.5671008851725264,Feynman31,lambd,0.6281350329674228
1.340372498790452,2.0,1.0,0.7344597037377808,0.838903667337462,Feynman31,lambd,0.7270211077744866
1.859581345301918,2.0,1.0,1.193843748182002,1.2197972155534078,Feynman31,lambd,1.214258507377945
1.9304448470328346,2.0,1.0,1.3062928407273147,1.4212619926153989,Feynman31,lambd,1.3150723487382425
1.3271964679761301,2.0,1.0,0.7256184616361275,0.7923123791448798,Feynman31,lambd,0.7187828425986393
1.5417151302826735,2.0,1.0,0.8801862974257336,0.9200716340181562,Feynman31,lambd,0.8730290530327385
1.8372744059677575,2.0,1.0,1.16461730812603,1.2349369815273268,Feynman31,lambd,1.1846269176114073
1.5064768467827738,2.0,1.0,0.852971801102083,0.8264560930207465,Feynman31,lambd,0.8443445392632211
1.59060593376873,2.0,1.0,0.9195071861694719,0.9481697478185549,Feynman31,lambd,0.9154233835654603
1.2270902238206731,2.0,1.0,0.6605422206320187,0.6737630843307489,Feynman31,lambd,0.6600998483981667
1.7408612792724503,2.0,1.0,1.056076411496215,1.017341781556029,Feynman31,lambd,1.067303757209598
1.408428944037516,2.0,1.0,0.7813161406526733,0.7042518963725504,Feynman31,lambd,0.7718645043310508
1.1894692377479972,2.0,1.0,0.6369355003622428,0.48473339166468266,Feynman31,lambd,0.6395305956971317
1.008934406067088,2.0,1.0,0.5287647843670941,0.6855021366368943,Feynman31,lambd,0.5472783736820646
1.1650417552282968,2.0,1.0,0.6218266699012017,0.7475087939548029,Feynman31,lambd,0.6265144435999244
1.2493385626958164,2.0,1.0,0.674707945814762,0.647855307419538,Feynman31,lambd,0.672605772687936
1.5608282402928553,2.0,1.0,0.895327857303209,0.9734135076573049,Feynman31,lambd,0.8892312740239325
1.6906771608291693,2.0,1.0,1.0071986212860669,1.0683615364207237,Feynman31,lambd,1.012665158683729
1.0361725585710784,2.0,1.0,0.5446120200903968,0.46473433973626727,Feynman31,lambd,0.5608196167203019
1.3480704204946532,2.0,1.0,0.7396578569039262,0.6421219892881845,Feynman31,lambd,0.731897068824037
1.4078498935533066,2.0,1.0,0.7809084337572066,0.8287767670420678,Feynman31,lambd,0.7714655510226381
1.9766410875590317,2.0,1.0,1.417810953340374,1.3738046538415314,Feynman31,lambd,1.3865564065127038
1.027882324264747,2.0,1.0,0.5397728643018905,0.6441638602848642,Feynman31,lambd,0.556693772569389
1.4669974231506724,2.0,1.0,0.8234552591109304,0.8442906788763596,Feynman31,lambd,0.8139293129589358
1.644089242985498,2.0,1.0,0.9649924573826,1.008399004435701,Feynman31,lambd,0.9655465454105993
1.7143952588206126,2.0,1.0,1.0298031479044454,0.987903036828257,Feynman31,lambd,1.0379696608327527
1.962700620994024,2.0,1.0,1.3773644368649314,1.375688338189534,Feynman31,lambd,1.3644878618583165
1.640573242905673,2.0,1.0,0.9619119667515693,0.9433287650177954,Feynman31,lambd,0.9621245365590135
1.8275856905103964,2.0,1.0,1.1525259479055374,1.2645827686289344,Feynman31,lambd,1.1720582821500178
1.8532867198106715,2.0,1.0,1.1853836252261374,1.1532523753384087,Feynman31,lambd,1.2057979865773563
1.8179711263187008,2.0,1.0,1.140843858334996,0.9989131162010496,Feynman31,lambd,1.1597633353942374
1.5750550041047797,2.0,1.0,0.9067866742197863,0.7659559081771723,Feynman31,lambd,0.9015978361724815
1.549302675503526,2.0,1.0,0.8861635668730028,0.8258185105766455,Feynman31,lambd,0.8794053865331155
1.4712260336542153,2.0,1.0,0.8265711896552521,0.9363323652263795,Feynman31,lambd,0.8171041124424373
1.8949891179457354,2.0,1.0,1.245307601520953,1.3657313020970194,Feynman31,lambd,1.263332900993301
1.281879079152976,2.0,1.0,0.6957216511582979,0.7454442193568349,Feynman31,lambd,0.6914177588818327
1.2936537919613942,2.0,1.0,0.7034163561524326,0.6744588610336687,Feynman31,lambd,0.6983906287225526
1.2783006402549546,2.0,1.0,0.6933929600108409,0.6414460555788196,Feynman31,lambd,0.6893167118306245
1.4500465530604578,2.0,1.0,0.8110681902695841,0.7890996580745265,Feynman31,lambd,0.8013947481872563
1.7507952262708517,2.0,1.0,1.0662577332534904,1.1039730466890947,Feynman31,lambd,1.0786214984598306
1.0867415179914774,2.0,1.0,0.5744471486450573,0.48327005945879076,Feynman31,lambd,0.5861594248334367
1.3225030789621863,2.0,1.0,0.7224858906296823,0.6301700179331229,Feynman31,lambd,0.7158803031730105
1.324118146732332,2.0,1.0,0.7235628781495079,0.6677190418435932,Feynman31,lambd,0.7168772469581588
1.5907527333851907,2.0,1.0,0.9196282751925012,0.881208010414454,Feynman31,lambd,0.9155554547880952
1.1746693098466003,2.0,1.0,0.6277616743568217,0.5700489216126624,Feynman31,lambd,0.63161542919071
1.6189752034583007,2.0,1.0,0.9432788828548186,0.9806655484228023,Feynman31,lambd,0.9415016028961641
1.0373518940270658,2.0,1.0,0.5453015692391224,0.468415386227589,Feynman31,lambd,0.561406978978615
1.6203404529580396,2.0,1.0,0.9444424493054068,0.9777196284656176,Feynman31,lambd,0.9427852118959568
1.0757894503814587,2.0,1.0,0.5679377891519632,0.5733510966413805,Feynman31,lambd,0.5806381985882703
1.7244861213566152,2.0,1.0,1.0396817138744185,1.0725208986794117,Feynman31,lambd,1.0490153126911228
1.7843356545456426,2.0,1.0,1.1021218748406296,1.2094151794419972,Feynman31,lambd,1.1181124562121314
1.2736781725442912,2.0,1.0,0.6903915130023401,0.6401316390079573,Feynman31,lambd,0.6866148491227781
1.6464710216370724,2.0,1.0,0.9670870220104135,0.9374896470890743,Feynman31,lambd,0.9678751025460364
1.7998410114893177,2.0,1.0,1.1195871769917336,1.2999579750393422,Feynman31,lambd,1.1370526601263047
1.2924132999941635,2.0,1.0,0.7026033449808498,0.5240208809203197,Feynman31,lambd,0.6976516526181249
1.3980157329938747,2.0,1.0,0.774009176011231,0.7266000302395245,Feynman31,lambd,0.7647379253895227
1.690740636860647,2.0,1.0,1.0072580328738345,0.9614611022797638,Feynman31,lambd,1.0127316682010927
1.549234998751522,2.0,1.0,0.8861100597910512,0.9328370169537277,Feynman31,lambd,0.8793481915817253
1.623493385850526,2.0,1.0,0.9471367914985486,0.9542708873287314,Feynman31,lambd,0.9457598245046103
1.0075213109694383,2.0,1.0,0.5279466773884298,0.7374726099447212,Feynman31,lambd,0.54657668482013
1.2947364124304181,2.0,1.0,0.7041263576592276,0.7273765423045523,Feynman31,lambd,0.6990364121718642
1.7395863715491617,2.0,1.0,1.0547830181851812,0.9726358140699014,Feynman31,lambd,1.0658635374065768
1.4050240895461705,2.0,1.0,0.7789211553028481,0.9817635213841738,Feynman31,lambd,0.7695231592644501
1.2682476510013923,2.0,1.0,0.6868748593461497,0.7571042310769,Feynman31,lambd,0.6834579221768272
1.2993756612763492,2.0,1.0,0.7071737241335594,0.5578487887809823,Feynman31,lambd,0.7018128030491982
1.202217365637805,2.0,1.0,0.6448876837323727,0.5653479309010822,Feynman31,lambd,0.6464250507041167
1.03183882578494,2.0,1.0,0.5420805844330141,0.48194642266947635,Feynman31,lambd,0.5586621919674789
1.0373764262245944,2.0,1.0,0.5453159161039796,0.5811328473506251,Feynman31,lambd,0.5614191983812893
1.983120361190955,2.0,1.0,1.4407831124309718,1.3799618380085168,Feynman31,lambd,1.3969624005287047
1.5347529965927884,2.0,1.0,0.8747395027805458,0.921294656467309,Feynman31,lambd,0.8672417317652619
1.289027125237515,2.0,1.0,0.7003869080607337,0.7486378523087638,Feynman31,lambd,0.695639748234855
1.18812215470176,2.0,1.0,0.6360979403526887,0.47866592370254446,Feynman31,lambd,0.6388063055731829
1.6615489608532679,2.0,1.0,0.980497668889978,1.0372824125102424,Feynman31,lambd,0.9828140752263868
1.4494831746550552,2.0,1.0,0.810659276907475,0.8216729477764234,Feynman31,lambd,0.8009833437949174
1.3295126206906143,2.0,1.0,0.7271675725220901,0.6778372747837326,Feynman31,lambd,0.7202213480236592
1.643310956399779,2.0,1.0,0.9643093948820609,1.02871178538572,Feynman31,lambd,0.9647874819393901
1.8487161370466962,2.0,1.0,1.179349613543276,1.2098092339684245,Feynman31,lambd,1.199703728660154
1.4999135637674668,2.0,1.0,0.847996741751547,0.8765054031719894,Feynman31,lambd,0.8391655289724177
1.344340098516425,2.0,1.0,0.7371358299708688,0.8581490929173173,Feynman31,lambd,0.7295283477044938
1.7912823579356947,2.0,1.0,1.1098706899030801,1.0133214257134913,Feynman31,lambd,1.1265436364695443
1.7218506817580277,2.0,1.0,1.0370858012367343,1.0413770592087337,Feynman31,lambd,1.0461141565196819
1.259968662702717,2.0,1.0,0.6815330356442136,0.9959043324652508,Feynman31,lambd,0.6786801539503202
1.805986620827268,2.0,1.0,1.126686082490555,1.0919642457013499,Feynman31,lambd,1.1446821889071417
1.5037538730531321,2.0,1.0,0.8509043241038258,0.7639954511677235,Feynman31,lambd,0.8421897894781304
1.1755401262420417,2.0,1.0,0.6282997559975702,0.5635161013301302,Feynman31,lambd,0.6320786299659922
1.97147828608598,2.0,1.0,1.4017112488518708,1.3651714551282534,Feynman31,lambd,1.3783325892372578
1.8867836798940227,2.0,1.0,1.2327121579368538,1.2508301817973257,Feynman31,lambd,1.251733244961756
1.9506671616160303,2.0,1.0,1.3482272502583332,1.3458847120124682,Feynman31,lambd,1.34578616069535
1.3811165849217586,2.0,1.0,0.7622606618866571,0.7725946976850417,Feynman31,lambd,0.7533836455130787
1.6146258132213989,2.0,1.0,0.9395843861788363,0.9692763035881515,Feynman31,lambd,0.9374300515259028
1.6162845629984468,2.0,1.0,0.9409911660488418,0.9216643884062679,Feynman31,lambd,0.938979660174011
1.5454593214440782,2.0,1.0,0.8831304370652471,0.9179102180279053,Feynman31,lambd,0.8761664819994226
1.225651518859391,2.0,1.0,0.6596315774662577,0.6790645861020148,Feynman31,lambd,0.6593003599176495
1.9236316233432078,2.0,1.0,1.293561051696908,1.406896977228374,Feynman31,lambd,1.3049233747717246
1.5281344692303198,2.0,1.0,0.8695942482498659,0.8439342795281789,Feynman31,lambd,0.86179559165318
1.6306918945291442,2.0,1.0,0.9533264614987312,0.9678283278557572,Feynman31,lambd,0.9526050116699221
1.1017288261879905,2.0,1.0,0.5833996122034761,0.5663751593797067,Feynman31,lambd,0.5937544950254449
1.328126412573568,2.0,1.0,0.7262401797522198,0.6115039250218651,Feynman31,lambd,0.7193599192673207
1.277648940297663,2.0,1.0,0.6929693475592454,0.6168700972594144,Feynman31,lambd,0.6889349619646556
1.809656678835578,2.0,1.0,1.1309763778815594,1.037166162416168,Feynman31,lambd,1.1492719375217666
1.785847259336688,2.0,1.0,1.1037978743192165,1.2042806131978823,Feynman31,lambd,1.1199396103875296
1.6101530363364425,2.0,1.0,0.9358044554262747,1.0404549202917477,Feynman31,lambd,0.9332710198887473
1.2298039670058074,2.0,1.0,0.6622616692575432,0.7299628481224566,Feynman31,lambd,0.6616108384280941
1.5453396057112976,2.0,1.0,0.8830361388072785,0.8571340549656739,Feynman31,lambd,0.876065893856409
1.6671352781371818,2.0,1.0,0.9855347938921326,0.9340577802417277,Feynman31,lambd,0.9884367329800544
1.3989687354271119,2.0,1.0,0.7746757222472863,0.7910211711252575,Feynman31,lambd,0.7653859537480612
1.2782596306678757,2.0,1.0,0.6933662989125529,0.5774994609069618,Feynman31,lambd,0.6892926813718601
1.6953755630208214,2.0,1.0,1.011611393105758,1.1307422005069832,Feynman31,lambd,1.0176055158149957
1.6493730843963121,2.0,1.0,0.9696477620075912,0.984381944351916,Feynman31,lambd,0.9707237763191778
1.817391215766314,2.0,1.0,1.140148761108883,1.1979971141939367,Feynman31,lambd,1.1590273640116235
1.566036583194983,2.0,1.0,0.8995036734029411,0.955815256594705,Feynman31,lambd,0.8937278140377257
1.7299916516237976,2.0,1.0,1.0451420528238278,1.0405464880349191,Feynman31,lambd,1.0551135081227905
1.208987641609542,2.0,1.0,0.6491302974088993,0.6796397888797381,Feynman31,lambd,0.6501171333166968
1.0656513986476495,2.0,1.0,0.5619362505253072,0.5788983117509281,Feynman31,lambd,0.5755461322632179
1.9770042786196813,2.0,1.0,1.4190072496890211,1.5752816196859758,Feynman31,lambd,1.387137194274601
1.549114540250398,2.0,1.0,0.8860148306962136,0.8578497847576917,Feynman31,lambd,0.879246404121396
1.647630680898749,2.0,1.0,0.9681091459507424,0.8677743390132153,Feynman31,lambd,0.9690119150071688
1.0602685512504073,2.0,1.0,0.5587589175175902,0.5498736958336521,Feynman31,lambd,0.572848966493952
1.4791596909403002,2.0,1.0,0.8324459069734047,0.6233648678634409,Feynman31,lambd,0.8231133062184971
1.8816382824234754,2.0,1.0,1.2250392474420655,1.238499328858412,Feynman31,lambd,1.2445299066220268
1.9454762007179465,2.0,1.0,1.3367592500644947,1.2595436246081029,Feynman31,lambd,1.337817132868987
1.7346521236757182,2.0,1.0,1.0498047570810483,1.1610641149301464,Feynman31,lambd,1.0603156271257843
1.7510197018623361,2.0,1.0,1.0664899644731518,1.1692804257731682,Feynman31,lambd,1.0788792132951088
1.0386063109825798,2.0,1.0,0.5460353347452629,0.5919553318221432,Feynman31,lambd,0.5620318670741269
1.4077356212558407,2.0,1.0,0.7808279945994765,0.6795364976837097,Feynman31,lambd,0.7713868572262318
1.834047166411283,2.0,1.0,1.1605524480610592,1.1191816250419653,Feynman31,lambd,1.1804203257891368
1.7170975295263862,2.0,1.0,1.0324325318121508,1.0631535735442315,Feynman31,lambd,1.040911037001845
1.156899267131616,2.0,1.0,0.6168267915285965,0.7443370371262288,Feynman31,lambd,0.622227972150548
1.4924467607305898,2.0,1.0,0.8423707004250363,0.8343118697148826,Feynman31,lambd,0.8333340442221138
1.2685544958220207,2.0,1.0,0.6870732926654645,0.6604925815594391,Feynman31,lambd,0.6836358095587936
1.173831654503453,2.0,1.0,0.6272442812789449,0.7943545673939345,Feynman31,lambd,0.6311701561762267
1.0611754649039187,2.0,1.0,0.5592937982267157,0.3972949582367923,Feynman31,lambd,0.5733030982111018
1.5422268643292578,2.0,1.0,0.8805880654213445,0.8266351376308346,Feynman31,lambd,0.8734568201744043
1.2103765965773812,2.0,1.0,0.6500023773305833,0.7633427539340748,Feynman31,lambd,0.6508772954004242
1.0452732921062933,2.0,1.0,0.5499406680321445,0.709513850252776,Feynman31,lambd,0.5653554914547193
1.4372639567047436,2.0,1.0,0.8018330429799152,0.7186165618699989,Feynman31,lambd,0.792140746404009
1.1465664431647438,2.0,1.0,0.6105073338984399,0.7125564130818018,Feynman31,lambd,0.6168228879758931
1.4944363571892632,2.0,1.0,0.8438663287217855,0.902347432121787,Feynman31,lambd,0.8348816544515525
1.2588277859276595,2.0,1.0,0.6807987286219535,0.7519732124443043,Feynman31,lambd,0.678025017010468
1.885971484860509,2.0,1.0,1.2314899179135577,1.2187375138765333,Feynman31,lambd,1.2505926078889553
1.9645997163943756,2.0,1.0,1.3823680618702499,1.5788200796707053,Feynman31,lambd,1.3674686574591859
1.9551309085125381,2.0,1.0,1.3585750458473984,1.3174143991057636,Feynman31,lambd,1.3526861210260528
1.6173519610356273,2.0,1.0,0.941897860074316,0.8364303198847853,Feynman31,lambd,0.9399788980563898
1.729453306253722,2.0,1.0,1.0446058639334201,1.0640886647810228,Feynman31,lambd,1.0545149608490274
1.6689803181214113,2.0,1.0,0.9872068731493944,1.0121002755369655,Feynman31,lambd,0.9903043260582574
1.2206865852792812,2.0,1.0,0.6564938939311669,0.6324834751192397,Feynman31,lambd,0.656549593192155
1.9792847370530289,2.0,1.0,1.4267438286407157,1.5918175948011375,Feynman31,lambd,1.3907907424444907
1.315884150307482,2.0,1.0,0.7180827682344636,0.789604024765241,Feynman31,lambd,0.7118147985272749
1.9489216034038086,2.0,1.0,1.344307239964007,1.4080114985626746,Feynman31,lambd,1.3430998342892164
1.7065111027857234,2.0,1.0,1.0221965241623991,0.930033038314392,Feynman31,lambd,1.029456627368355
1.1431788351390821,2.0,1.0,0.6084415903220832,0.612457060893841,Feynman31,lambd,0.615058832060393
1.9756932439330324,2.0,1.0,1.4147317532229358,1.2985978438941836,Feynman31,lambd,1.3850420886217083
1.8378346014714695,2.0,1.0,1.165326818353126,1.1054994754095844,Feynman31,lambd,1.1853591631607887
1.4367666826208942,2.0,1.0,0.8014755588116992,0.8494319255091638,Feynman31,lambd,0.7917841113265073
1.8650655814618173,2.0,1.0,1.2013648750476413,1.1823171650825448,Feynman31,lambd,1.221693941332781
1.0496734424253895,2.0,1.0,0.5525232805256921,0.5802791644070405,Feynman31,lambd,0.5675515601920151
1.1942258964870434,2.0,1.0,0.6398971569665721,0.5848443914244544,Feynman31,lambd,0.6420945174106142
1.4794964538960333,2.0,1.0,0.8326961111447075,0.7795846998241427,Feynman31,lambd,0.8233699147721437
1.1939248605893023,2.0,1.0,0.6397095286006035,0.6627770012696014,Feynman31,lambd,0.6419319553953742
1.9676943566326024,2.0,1.0,1.3908157968444108,1.2251278538084727,Feynman31,lambd,1.372343197954158
1.3944071063997985,2.0,1.0,0.7714891641690207,0.7088729719370438,Feynman31,lambd,0.7622916640174161
1.312279150349383,2.0,1.0,0.7156917230096078,0.7156710457561425,Feynman31,lambd,0.7096140179954763
1.5981158583835633,2.0,1.0,0.9257267394278276,0.9083412021268702,Feynman31,lambd,0.9222177408229671
1.5895497575074684,2.0,1.0,0.9186365557076235,0.9210787609730744,Feynman31,lambd,0.9144740400887102
1.0056275930747185,2.0,1.0,0.5268509268739802,0.49549158149975076,Feynman31,lambd,0.5456363903676309
1.0209550454833565,2.0,1.0,0.5357400281197113,0.535528324247111,Feynman31,lambd,0.5532496894955261
1.250847236852583,2.0,1.0,0.6756743167959566,0.6292908975870813,Feynman31,lambd,0.6734638482452975
1.5226030718575614,2.0,1.0,0.8653180666667679,0.9876095121418886,Feynman31,lambd,0.8572850547690769
1.3314222088625272,2.0,1.0,0.7284463687966615,0.6414566997256275,Feynman31,lambd,0.7214104176382001
1.7481318317961279,2.0,1.0,1.063509732027544,1.1239450308575296,Feynman31,lambd,1.0755703876290605
1.8083112456575452,2.0,1.0,1.1293990452158642,1.2528760613908012,Feynman31,lambd,1.1475864280386627
1.9877203524202476,2.0,1.0,1.4599259790623607,1.321750156429165,Feynman31,lambd,1.4044080485892367
1.0647902268022826,2.0,1.0,0.5614275005126482,0.6446436748438342,Feynman31,lambd,0.5751143416469027
1.3102142000130974,2.0,1.0,0.7143243654388989,0.7305609864716366,Feynman31,lambd,0.7083576390466628
1.668783241746245,2.0,1.0,0.9870280695851016,1.0503951553479307,Feynman31,lambd,0.9901045898770023
1.998715980558281,2.0,1.0,1.534961192395731,1.5216731734840616,Feynman31,lambd,1.4224019701289996
1.4912389259071062,2.0,1.0,0.8414639636087466,0.8179840460917823,Feynman31,lambd,0.8323967271869963
1.0783395641365678,2.0,1.0,0.5694510216924021,0.4662961242489919,Feynman31,lambd,0.5819217902676463
1.8372138954745632,2.0,1.0,1.1645407391788982,1.2887377460008829,Feynman31,lambd,1.1845478591802439
1.7353678820158498,2.0,1.0,1.050524215811731,1.0423870235299146,Feynman31,lambd,1.0611178329584574
1.1617696891452503,2.0,1.0,0.6198153212487181,0.8071813197683412,Feynman31,lambd,0.6247889519237069
1.9532528612042204,2.0,1.0,1.3541620950116444,1.4256101586471184,Feynman31,lambd,1.3497777294524151
1.343341050625563,2.0,1.0,0.7364613658240436,0.6262975619920212,Feynman31,lambd,0.7288958462886597
1.2414476277636317,2.0,1.0,0.6696655636822385,0.6425400891414028,Feynman31,lambd,0.6681389027775086
1.415219519768014,2.0,1.0,0.7861097359207466,0.8398020047198841,Feynman31,lambd,0.7765668039857087
1.840086610452817,2.0,1.0,1.1681909950774167,1.1438449264954893,Feynman31,lambd,1.1883089561948446
1.2762436460231954,2.0,1.0,0.6920563967398231,0.7238184918949188,Feynman31,lambd,0.6881127016428354
1.287162531527386,2.0,1.0,0.6991681961434686,0.7242743842993737,Feynman31,lambd,0.6945351708616934
1.3144127548940627,2.0,1.0,0.7171062513800552,0.8390208620735891,Feynman31,lambd,0.7109154011579643
1.6690284992037578,2.0,1.0,0.9872505942746248,0.9994657913306175,Feynman31,lambd,0.9903531665424302
1.7861211737917044,2.0,1.0,1.104102174823261,1.0616913433521706,Feynman31,lambd,1.1202711487338617
1.6315994469454589,2.0,1.0,0.9541106536952735,0.8871471702609948,Feynman31,lambd,0.9534733629173842
1.038178122375109,2.0,1.0,0.5457848310087775,0.6419085025864169,Feynman31,lambd,0.5618185492666877
1.6223740834924896,2.0,1.0,0.9461791377869294,0.9951391542015963,Feynman31,lambd,0.9447021901867806
1.493219679492379,2.0,1.0,0.8429514241306805,0.8931963838344791,Feynman31,lambd,0.8339347239546722
1.661461001448301,2.0,1.0,0.9804186599331244,0.9410206116228805,Feynman31,lambd,0.9827259262347201
1.479339800682269,2.0,1.0,0.8325797142273946,0.9069385581817809,Feynman31,lambd,0.8232505316363075
1.7902488056779622,2.0,1.0,1.1087101696267925,1.0845407910007563,Feynman31,lambd,1.1252836495099097
1.363013375706259,2.0,1.0,0.7498195119892702,0.7520444009581294,Feynman31,lambd,0.7414991516551754
1.2957109427973545,2.0,1.0,0.7047658381471169,0.7041507149431195,Feynman31,lambd,0.699618402565109
1.4067643088934538,2.0,1.0,0.7801445219224755,0.8715534534945965,Feynman31,lambd,0.770718457926061
1.8580762637956285,2.0,1.0,1.1918045439468405,1.122034532801025,Feynman31,lambd,1.2122284088737654
1.6136480431698819,2.0,1.0,0.9387564098841249,0.7937834693909971,Feynman31,lambd,0.936518447675315
1.915950667259134,2.0,1.0,1.2798586852294251,1.2475175626114472,Feynman31,lambd,1.293600615675184
1.5788278421570854,2.0,1.0,0.9098536687886621,0.9128152348824964,Feynman31,lambd,0.9049222160280338
1.4687519714173136,2.0,1.0,0.824746855440661,0.8101119546670104,Feynman31,lambd,0.815244258090619
1.3467902279967074,2.0,1.0,0.738791680980172,0.503750479724349,Feynman31,lambd,0.7310829024458575
1.8000636011204332,2.0,1.0,1.1198424759829195,1.1071156760372522,Feynman31,lambd,1.1373277744563552
1.4202504958438396,2.0,1.0,0.7896760833257565,0.7666591571982574,Feynman31,lambd,0.7800791225995287
1.6652737158058601,2.0,1.0,0.983852005921573,0.8925513843253939,Feynman31,lambd,0.9865577350413081
1.182208942238712,2.0,1.0,0.6324274555780286,0.7379409401714261,Feynman31,lambd,0.6356361886192341
1.3366390574551508,2.0,1.0,0.7319474087604677,0.600793678760542,Feynman31,lambd,0.7246731506199485
1.4761925345747717,2.0,1.0,0.8302443682554911,0.9964646147699265,Feynman31,lambd,0.8208577937549432
1.9318582604448338,2.0,1.0,1.309009704718041,1.1750835867393385,Feynman31,lambd,1.317190246491403
1.356084099835655,2.0,1.0,0.74509555667737,0.5545166120493912,Feynman31,lambd,0.7370236934083899
1.489558848752008,2.0,1.0,0.8402042359981997,0.8172842676621738,Feynman31,lambd,0.8310956889548906
1.9493914339222704,2.0,1.0,1.3453557499220883,1.2958403242296619,Feynman31,lambd,1.3438222220925657
1.7102327283961367,2.0,1.0,1.025775250384306,0.9574152871452707,Feynman31,lambd,1.0334623904066318
1.9448588602367098,2.0,1.0,1.3354319325263515,1.5038061246628476,Feynman31,lambd,1.3368733318403887
1.838023425838847,2.0,1.0,1.165566236436502,1.1060884335995402,Feynman31,lambd,1.1856061171266756
1.1826131520951688,2.0,1.0,0.632678044148319,0.5666311091876719,Feynman31,lambd,0.6358524142254286
1.6817820792137539,2.0,1.0,0.9989275237701601,1.0619380341698217,Feynman31,lambd,1.0034083160385638
1.5700903700070532,2.0,1.0,0.9027690687665322,0.8364022448266131,Feynman31,lambd,0.8972521291889715
1.6528700016876923,2.0,1.0,0.9727461544737708,0.9538469417001938,Feynman31,lambd,0.9741731579103436
1.8458366951025114,2.0,1.0,1.1755931145011007,1.1744461665667598,Feynman31,lambd,1.1958854330447262
1.4475126862471452,2.0,1.0,0.8092304307032465,0.8645336870652542,Feynman31,lambd,0.7995469947574179
1.7182790269678945,2.0,1.0,1.0335858046702244,1.0213951558875043,Feynman31,lambd,1.0422008768693427
1.6120809862828054,2.0,1.0,0.9374313739896797,1.0270046513064752,Feynman31,lambd,0.9350602613337338
1.3630342698557745,2.0,1.0,0.7498337877128851,0.7637714047674788,Feynman31,lambd,0.7415127072323133
1.9161141323741964,2.0,1.0,1.2801437516919694,1.360549522092784,Feynman31,lambd,1.2938402807710436
1.1204517940923018,2.0,1.0,0.5946584854385363,0.6452498721807396,Feynman31,lambd,0.6033177782917009
1.9675397122057023,2.0,1.0,1.3903843657933068,1.4599269335771679,Feynman31,lambd,1.3720991010392216
1.6165316510880845,2.0,1.0,0.9412009529606316,1.1399620042876237,Feynman31,lambd,0.9392108256656397
1.1041121025707716,2.0,1.0,0.5848280906700886,0.5952990458053669,Feynman31,lambd,0.5949669260864965
1.1884579394829582,2.0,1.0,0.6363066688100787,0.6144024827158757,Feynman31,lambd,0.6389867739275494
1.0640368254435963,2.0,1.0,0.5609825509805768,0.6009358851065735,Feynman31,lambd,0.5747366781589915
1.3752827064890134,2.0,1.0,0.7582354353705083,0.7315654103477929,Feynman31,lambd,0.7495229252295627
1.555657831947108,2.0,1.0,0.8912038723540425,0.9210766096789714,Feynman31,lambd,0.8848022628318901
1.9760549286354194,2.0,1.0,1.4158995707319857,1.398180164198533,Feynman31,lambd,1.385619693335683
1.5060012797982032,2.0,1.0,0.8526103641241184,0.6544806955347005,Feynman31,lambd,0.8439675882876572
1.195831604590197,2.0,1.0,0.6408983990090554,0.642546454906471,Feynman31,lambd,0.6429623025331224
1.8706736103906656,2.0,1.0,1.2092099460051333,1.1652346985162663,Feynman31,lambd,1.2293593989073819
1.2376635050604379,2.0,1.0,0.6672546089683256,0.6930091645766373,Feynman31,lambd,0.6660091979195922
1.4912404528139296,2.0,1.0,0.8414651092960255,0.7891938087422539,Feynman31,lambd,0.8323979110672738
1.2504003078661,2.0,1.0,0.6753879615013613,0.5827980260138537,Feynman31,lambd,0.6732095151136297
1.8771837941959135,2.0,1.0,1.218526274193004,1.2748754940253308,Feynman31,lambd,1.2383373902619834
1.7486320320208473,2.0,1.0,1.0640247840588346,1.0662588169681075,Feynman31,lambd,1.0761424663634611
1.8169230591260885,2.0,1.0,1.139588381596717,1.0644431722194538,Feynman31,lambd,1.1584336843307494
1.0146455693669383,2.0,1.0,0.5320752418435294,0.46822788427659956,Feynman31,lambd,0.5501148059114286
1.2384469946280796,2.0,1.0,0.6677534123200871,0.696740393987161,Feynman31,lambd,0.6664494961650936
1.7458007625966538,2.0,1.0,1.0611157152344606,0.956777567010725,Feynman31,lambd,1.072910046164974
1.0898094219349495,2.0,1.0,0.5762754680079717,0.607971814091019,Feynman31,lambd,0.5877102169337163
1.6499162318087093,2.0,1.0,0.9701280902054623,1.0146772233955936,Feynman31,lambd,0.9712583340024866
1.2628470736398232,2.0,1.0,0.6833876263801157,0.7671306475836064,Feynman31,lambd,0.6803365356051778
1.3618123264805178,2.0,1.0,0.7489992255055723,0.8253796478399291,Feynman31,lambd,0.7407205573520546
1.4602633244593823,2.0,1.0,0.8185146148047615,0.683962310130244,Feynman31,lambd,0.8089131857277384
1.9132969535754516,2.0,1.0,1.2752682528743426,1.2293068213235232,Feynman31,lambd,1.289717767580288
1.4439268459125496,2.0,1.0,0.8066357328237811,0.8267770639359836,Feynman31,lambd,0.7969434576401123
1.6901699559421393,2.0,1.0,1.0067240937651118,1.065438070882782,Feynman31,lambd,1.0121339457173364
1.7220859774226944,2.0,1.0,1.0373171038095288,1.1512094874233556,Feynman31,lambd,1.0463727040128987
1.6983004560924098,2.0,1.0,1.0143742514029281,0.998899691305567,Feynman31,lambd,1.020698935094799
1.6581575935815316,2.0,1.0,0.9774581061025496,1.1287242341417671,Feynman31,lambd,0.9794239477219023
1.2834097657293424,2.0,1.0,0.6967191379841017,0.8995389147241957,Feynman31,lambd,0.6923190284796474
1.1377216515799644,2.0,1.0,0.6051200648984619,0.7172019805239287,Feynman31,lambd,0.6122250173880506
1.614751688872781,2.0,1.0,0.9396910458976544,0.901083961925173,Feynman31,lambd,0.9375475077317749
1.9751189272501386,2.0,1.0,1.4128949855584716,1.4930080880430672,Feynman31,lambd,1.3841255200742457
1.854417422026152,2.0,1.0,1.1868902502728678,1.2391104411831777,Feynman31,lambd,1.2073119740061375
1.9872264247262743,2.0,1.0,1.4577158444037281,1.6188029014268734,Feynman31,lambd,1.403606255357297
1.20744880258842,2.0,1.0,0.6481647835001231,0.5807744800718136,Feynman31,lambd,0.6492760289007234
1.1192421891765783,2.0,1.0,0.593928527511004,0.5675251072407484,Feynman31,lambd,0.6026971524691866
1.8499625253278453,2.0,1.0,1.1809862839089065,1.2026340029114118,Feynman31,lambd,1.2013615471139658
1.3688141751735503,2.0,1.0,0.7537901768578029,0.844577282898552,Feynman31,lambd,0.7452766984688396
1.3945676109591603,2.0,1.0,0.7716011179252723,0.8769994320350115,Feynman31,lambd,0.7624002158296829
1.3969011019203288,2.0,1.0,0.7732301344964762,0.7515908826371286,Feynman31,lambd,0.7639810516716757
1.848572216115136,2.0,1.0,1.1791610444444678,1.0495933294296316,Feynman31,lambd,1.1995124960600787
1.8520043706643845,2.0,1.0,1.1836816778486743,0.9971970669569196,Feynman31,lambd,1.204083997990244
1.4795261209226749,2.0,1.0,0.8327181561008393,0.7776733800485576,Feynman31,lambd,0.8233925266442236
1.5941946391348187,2.0,1.0,0.9224729017165608,0.8827818773413787,Feynman31,lambd,0.91866048237183
1.6317679450579643,2.0,1.0,0.9542563439702183,0.990953003690394,Feynman31,lambd,0.9536347151401087
1.4975583879732932,2.0,1.0,0.8462183200356932,0.9540499300454511,Feynman31,lambd,0.837319255385135
1.2991165788393677,2.0,1.0,0.707003332658607,0.700449955760561,Feynman31,lambd,0.701657362898485
1.3988316261583744,2.0,1.0,0.7745797989030687,0.7250794005199256,Feynman31,lambd,0.7652926698299084
1.1990076694640857,2.0,1.0,0.6428810463476387,0.6537299719547024,Feynman31,lambd,0.644682213649607
1.3247698807615222,2.0,1.0,0.7239977689530146,0.8058678177284178,Feynman31,lambd,0.7172801000112186
1.0960243576607618,2.0,1.0,0.579985943296629,0.45398161572599594,Feynman31,lambd,0.59085785678523
1.409496146798892,2.0,1.0,0.7820679857364355,0.7329444913406021,Feynman31,lambd,0.7726006135787834
1.8907408528938876,2.0,1.0,1.2387290211436872,1.3191314544428683,Feynman31,lambd,1.2573100150973562
1.6631003515214409,2.0,1.0,0.981892730379681,0.8722544461566448,Feynman31,lambd,0.984370755452936
1.9643152831108657,2.0,1.0,1.3816103302547047,1.5011639522157756,Feynman31,lambd,1.3670217031073375
1.4517079816494776,2.0,1.0,0.8122751209441783,0.7733060861247545,Feynman31,lambd,0.8026099224081281
1.5924550202878396,2.0,1.0,0.9210338305583904,0.9821102222910713,Feynman31,lambd,0.91708910207995
1.2666667470063635,2.0,1.0,0.6858530165258476,0.7001368234519108,Feynman31,lambd,0.6825423471324773
1.3073567653598732,2.0,1.0,0.7124349137769634,0.7596533818948467,Feynman31,lambd,0.7066241262614865
1.1715552782400822,2.0,1.0,0.6258392148541616,0.6988160305728067,Feynman31,lambd,0.6299615213483936
1.147310257472977,2.0,1.0,0.6109613070938293,0.6141876611684606,Feynman31,lambd,0.6172107376298593
1.2698868228448945,2.0,1.0,0.6879352695691039,0.5798526174265338,Feynman31,lambd,0.6844088791344833
1.0968206907774813,2.0,1.0,0.5804620255349486,0.6445913940200172,Feynman31,lambd,0.5912617785622932
1.115312726381417,2.0,1.0,0.5915596992118738,0.6094007426798728,Feynman31,lambd,0.6006837795102088
1.048919167756201,2.0,1.0,0.5520802770577673,0.5681853781850974,Feynman31,lambd,0.567174957244199
1.25460851404202,2.0,1.0,0.6780868449635699,0.7745274937361923,Feynman31,lambd,0.6756088804013854
1.003087381824807,2.0,1.0,0.52538219542726,0.3474418927272519,Feynman31,lambd,0.5443751607208922
1.587864252198158,2.0,1.0,0.9172492068506192,0.9473339229639306,Feynman31,lambd,0.9129621716666737
1.5854099270063213,2.0,1.0,0.9152335199085875,0.783816727879426,Feynman31,lambd,0.9107675847232937
1.5178753965144998,2.0,1.0,0.8616801695400096,0.8587435981044178,Feynman31,lambd,0.8534592128088009
1.2270075865828258,2.0,1.0,0.6604898971050557,0.6367185972972879,Feynman31,lambd,0.6600538975355762
1.1752523493610831,2.0,1.0,0.6281219140180326,0.6185105780180047,Feynman31,lambd,0.6319255230095847
1.7282174259438439,2.0,1.0,1.0433768026028427,1.012870954426399,Feynman31,lambd,1.0531427227011603
1.950503133292767,2.0,1.0,1.347856006185499,1.4557126654431065,Feynman31,lambd,1.3455334445474532
1.2993839725653982,2.0,1.0,0.7071791906531353,0.7865147197050355,Feynman31,lambd,0.7018177902925486
1.4707428767488968,2.0,1.0,0.8262146337364245,0.7558423818888977,Feynman31,lambd,0.8167403808117208
1.6110578354015423,2.0,1.0,0.9365675304764718,0.8613842032656883,Feynman31,lambd,0.9341100684397345
1.9070683444227727,2.0,1.0,1.2647564606547668,1.1946113547147554,Feynman31,lambd,1.280662534038804
1.7178185642350754,2.0,1.0,1.0331360765934707,1.0226993397904758,Feynman31,lambd,1.0416979146811969
1.148555565149934,2.0,1.0,0.6117216807497448,0.5932286841159194,Feynman31,lambd,0.6178605048461364
1.991678648450086,2.0,1.0,1.479543226198428,1.3817379414375002,Feynman31,lambd,1.410853692402148
1.993529068549924,2.0,1.0,1.4903325220336048,1.4150860892535921,Feynman31,lambd,1.4138792040703754
1.5239572533569263,2.0,1.0,0.8663629595625825,0.8134307641107938,Feynman31,lambd,0.8583858808438355
1.0700237184622532,2.0,1.0,0.5645217842473287,0.5530238115004281,Feynman31,lambd,0.5777401755599607
1.1380504391710549,2.0,1.0,0.6053199656830639,0.6227632153700761,Feynman31,lambd,0.6123954786058791
1.7313719583988705,2.0,1.0,1.0465191006018724,1.0990706751772534,Feynman31,lambd,1.0566504062835937
1.9062371667816018,2.0,1.0,1.2633800698731048,1.1710070160991428,Feynman31,lambd,1.2794603200533867
1.1758171869791054,2.0,1.0,0.6284709972671874,0.6199974290649888,Feynman31,lambd,0.6322260673188214
1.7402265991724155,2.0,1.0,1.0554321596541116,1.0474136904086175,Feynman31,lambd,1.0665864331513024
1.8937996680215892,2.0,1.0,1.2434528557028077,1.172758586409477,Feynman31,lambd,1.2616428288330053
1.5593116589326508,2.0,1.0,0.8941160186953137,0.9374893612675808,Feynman31,lambd,0.8879285818903837
1.9445764774046093,2.0,1.0,1.3348272359585465,1.347424434313312,Feynman31,lambd,1.3364418974199361
1.135213772214058,2.0,1.0,0.603596197971844,0.6726554266533015,Feynman31,lambd,0.6109259237020676
1.84528809152803,2.0,1.0,1.1748812418023395,1.2131659065355218,Feynman31,lambd,1.1951597949559247
1.4118181742626512,2.0,1.0,0.7837057994606368,0.8513267034109648,Feynman31,lambd,0.7742059732894564
1.9681962509538193,2.0,1.0,1.3922230975979628,1.2961681860566523,Feynman31,lambd,1.3731357764392103
1.3348977568594358,2.0,1.0,0.7307775966218277,0.7234305776705396,Feynman31,lambd,0.7235817644582909
1.9204969871881932,2.0,1.0,1.2878910491479334,1.1543390024474258,Feynman31,lambd,1.3002873494888652
1.2639126482893945,2.0,1.0,0.6840748978200354,0.7963358304438561,Feynman31,lambd,0.6809509941452814
1.4407950190840273,2.0,1.0,0.8043752909962957,0.9328712422624273,Feynman31,lambd,0.7946803581949508
1.6974425946265916,2.0,1.0,1.0135626448849635,0.9456930767943519,Feynman31,lambd,1.0197902171327444
1.239622868855157,2.0,1.0,0.6685023931881551,0.6275939656493988,Feynman31,lambd,0.6671109383221808
1.2252987019862878,2.0,1.0,0.6594083565880479,0.674479821473204,Feynman31,lambd,0.6591044646338825
1.2466863263305918,2.0,1.0,0.673010881864103,0.6098623599310393,Feynman31,lambd,0.6711004580273419
1.1557917991107254,2.0,1.0,0.6161481246728328,0.6342153240269768,Feynman31,lambd,0.6216468499573731
1.45359863969371,2.0,1.0,0.8136504461484418,0.7312308927818054,Feynman31,lambd,0.8039962619413401
1.982874995765814,2.0,1.0,1.4398402310819582,1.323896406576205,Feynman31,lambd,1.3965665992593945
1.582208943305467,2.0,1.0,0.9126125282137614,0.9851395919694842,Feynman31,lambd,0.9079175982634671
1.0852652349955165,2.0,1.0,0.573568127838717,0.5114661683443802,Feynman31,lambd,0.5854138563797209
1.2279692440536785,2.0,1.0,0.6610989227526703,0.6976283799257116,Feynman31,lambd,0.6605888542247186
1.202078373885506,2.0,1.0,0.6448007262145206,0.6319571383831536,Feynman31,lambd,0.6463494802091087
1.5988856216608949,2.0,1.0,0.9263671434673156,0.8088532295932619,Feynman31,lambd,0.9229185474153158
1.0760498770869735,2.0,1.0,0.5680922588008168,0.5789576282373539,Feynman31,lambd,0.5807692306755011
1.9450380445911049,2.0,1.0,1.3358164311559424,1.5557764386772435,Feynman31,lambd,1.3371471862980333
1.890986600748295,2.0,1.0,1.239106143459867,1.277242578608818,Feynman31,lambd,1.2576574046419604
1.6094704815589707,2.0,1.0,0.9352293358063177,0.8954259650018848,Feynman31,lambd,0.9326388294575779
1.1723139336927577,2.0,1.0,0.6263073272736619,0.35969714686243887,Feynman31,lambd,0.6303640974651458
1.2532819439669687,2.0,1.0,0.6772354329780846,0.716699273549729,Feynman31,lambd,0.6748514020791283
1.4345175306077669,2.0,1.0,0.7998603162617975,0.7508650910645271,Feynman31,lambd,0.7901741778247149
1.8102531972952285,2.0,1.0,1.131677406589204,1.1298180864185576,Feynman31,lambd,1.1500203175413177
1.0429218904521442,2.0,1.0,0.5485622186321124,0.5419063543955176,Feynman31,lambd,0.5641827747207759
1.253512943693684,2.0,1.0,0.6773836500298981,0.7022758380931353,Feynman31,lambd,0.6749832298841899
1.5229000413887785,2.0,1.0,0.8655470999665908,0.8796910327908598,Feynman31,lambd,0.8575262741138708
1.1575491295592637,2.0,1.0,0.617225185442924,0.7981532897296295,Feynman31,lambd,0.6225691816145723
1.1881027783264853,2.0,1.0,0.6360858967121747,0.559007976011537,Feynman31,lambd,0.6387958931896296
1.2028947648912398,2.0,1.0,0.6453115669986067,0.7352805284989683,Feynman31,lambd,0.6467934853337367
1.2843780033939618,2.0,1.0,0.6973505295065386,0.8823771057467269,Feynman31,lambd,0.6928899195559777
1.086231184233939,2.0,1.0,0.5741432249224254,0.5708839854402827,Feynman31,lambd,0.5859016415075339
1.2492734436218864,2.0,1.0,0.6746662510586413,0.8144394831472336,Feynman31,lambd,0.6725687650611679
1.619517627060838,2.0,1.0,0.9437409525941933,0.8902705724271043,Feynman31,lambd,0.9420112705596464
1.4707374108723001,2.0,1.0,0.8262106008657472,0.7747690417851436,Feynman31,lambd,0.8167362674274452
1.32954599445786,2.0,1.0,0.7271899094741653,0.5479086165947897,Feynman31,lambd,0.7202421054378311
1.1650061635115212,2.0,1.0,0.6218047759861355,0.5577335302732043,Feynman31,lambd,0.6264956528376057
1.662897352937728,2.0,1.0,0.9817100218043171,0.9572365836641985,Feynman31,lambd,0.9841668551736726
1.293543599020056,2.0,1.0,0.7033441136653941,0.6932556369370303,Feynman31,lambd,0.6983249432507821
1.5673793189849619,2.0,1.0,0.9005837798339809,0.9895170466244154,Feynman31,lambd,0.8948927842759176
1.7260205940272733,2.0,1.0,1.0411984689557352,1.1371362109316079,Feynman31,lambd,1.0507098518760771
1.8373492807659482,2.0,1.0,1.1647120722934776,1.224189385815845,Feynman31,lambd,1.1847247531644296
1.9521292791847742,2.0,1.0,1.35156376459046,1.2630904665005063,Feynman31,lambd,1.3480414380115355
1.644536475628637,2.0,1.0,0.9653852755870985,1.037497781906918,Feynman31,lambd,0.9659831396075568
1.514846003366905,2.0,1.0,0.859357172632373,0.8323173678060946,Feynman31,lambd,0.851021773667651
1.0092036188630211,2.0,1.0,0.5289206886049178,0.4501032128197445,Feynman31,lambd,0.5474120589140479
1.2313814742487015,2.0,1.0,0.6632622500520795,0.540009232782205,Feynman31,lambd,0.6624909763003513
1.2012526300012585,2.0,1.0,0.6442842326051945,0.6543546612496127,Feynman31,lambd,0.6459007050400499
1.042303573173342,2.0,1.0,0.5481999387439273,0.5000388360249486,Feynman31,lambd,0.5638744930719364
1.1820585340770013,2.0,1.0,0.6323342222808936,0.5721222455584336,Feynman31,lambd,0.6355557477483613
1.081677669923459,2.0,1.0,0.5714340659601941,0.6585641943483902,Feynman31,lambd,0.5836038005825052
1.1568350859790084,2.0,1.0,0.6167874518000347,0.5810683328568846,Feynman31,lambd,0.6221942822352124
1.9287188822910297,2.0,1.0,1.3030117023409704,1.2332861448839634,Feynman31,lambd,1.31249194075477
1.5574863997609154,2.0,1.0,0.8926599481306327,0.9279270702510419,Feynman31,lambd,0.8863646876803948
1.0496136257147548,2.0,1.0,0.5524881443313165,0.6969676550481719,Feynman31,lambd,0.5675216918440402
1.6830169590115738,2.0,1.0,1.0000693995267078,1.0193684906315676,Feynman31,lambd,1.0046859285236693
1.8005810941018705,2.0,1.0,1.1204365350152017,1.155059313952373,Feynman31,lambd,1.1379677349087942
1.0537272597566854,2.0,1.0,0.5549062619499625,0.5240493826657313,Feynman31,lambd,0.5695767404203137
1.9265173013621846,2.0,1.0,1.2988824880530745,1.2110521334938626,Feynman31,lambd,1.3092097398886657
1.6984743428518243,2.0,1.0,1.0145388914862772,1.0136086112411515,Feynman31,lambd,1.0208832750866812
1.598133138271235,2.0,1.0,0.9257411094373427,1.0328199200534742,Feynman31,lambd,0.9222334637581552
1.2847377281997359,2.0,1.0,0.6975851925367879,0.7226746402106989,Feynman31,lambd,0.6931021769162526
1.393786232357067,2.0,1.0,0.7710562121764533,0.8057392111702374,Feynman31,lambd,0.7618719779530394
1.837180407568821,2.0,1.0,1.1644983700111957,1.0960742492580142,Feynman31,lambd,1.1845041094623168
1.114631322804645,2.0,1.0,0.5911493072542902,0.6371569200067055,Feynman31,lambd,0.6003350654413325
1.9903871086404856,2.0,1.0,1.4727116598745842,1.412739321444207,Feynman31,lambd,1.4087466237886201
1.1022881057591312,2.0,1.0,0.5837347098288431,0.6266486504704554,Feynman31,lambd,0.5940388931612135
1.3898588640353882,2.0,1.0,0.7683217593818555,0.7356421073888972,Feynman31,lambd,0.7592253394830758
1.32065838367091,2.0,1.0,0.7212570282849039,0.6255436847056648,Feynman31,lambd,0.7147439936178699
1.7152249540795754,2.0,1.0,1.0306092375515166,0.9954024874364508,Feynman31,lambd,1.0388714854161831
1.1373863280799303,2.0,1.0,0.6049162187876962,0.6572232951734945,Feynman31,lambd,0.6120512030433046
1.2945175301457463,2.0,1.0,0.7039827762984939,0.5749515958313682,Feynman31,lambd,0.6989057845235769
1.496217092052313,2.0,1.0,0.8452070866540305,0.8676109035311063,Feynman31,lambd,0.8362706369913844
1.517785718933879,2.0,1.0,0.8616113127800341,0.8601778802515821,Feynman31,lambd,0.8533869010901196
1.2786192422978235,2.0,1.0,0.6936001092746019,0.6627992590211974,Feynman31,lambd,0.6895034404804711
1.2533256517685114,2.0,1.0,0.6772634759915956,0.6765188532084012,Feynman31,lambd,0.6748763430171554
1.7156045257167274,2.0,1.0,1.0309783714463472,1.1389728718152639,Feynman31,lambd,1.0392844342960947
1.3561187677954056,2.0,1.0,0.7451191398383505,0.7338233640790062,Feynman31,lambd,0.7370459856424564
1.316025176855348,2.0,1.0,0.7181764066681148,0.8197155063236048,Feynman31,lambd,0.7119010845577903
1.5389449409750022,2.0,1.0,0.8780147717495135,1.0635175688551306,Feynman31,lambd,0.870719088346681
1.9053348809836255,2.0,1.0,1.2618926504195394,1.2170782548715386,Feynman31,lambd,1.278156893263776
1.575685334336423,2.0,1.0,0.9072982410868913,1.0072878404930277,Feynman31,lambd,0.9021519225691454
1.6314876035638264,2.0,1.0,0.954013965919954,0.9700013076283608,Feynman31,lambd,0.9533662856223466
1.8348723136775078,2.0,1.0,1.1615881335365752,1.249358555585324,Feynman31,lambd,1.181493962411525
1.3012779162818489,2.0,1.0,0.7084255465690692,0.6085667383523082,Feynman31,lambd,0.7029555126508221
1.9160203394111304,2.0,1.0,1.2799801531457387,1.1617838017699214,Feynman31,lambd,1.2937027588892351
1.5990358144155539,2.0,1.0,0.9264921598631508,0.9045358148520873,Feynman31,lambd,0.9230553812413053
1.8328488216727714,2.0,1.0,1.1590527192484001,1.1842174602068138,Feynman31,lambd,1.1788634417167505
1.1271703307114334,2.0,1.0,0.5987194961785394,0.5675496662822955,Feynman31,lambd,0.6067724618747978
1.6360706997132286,2.0,1.0,0.9579868891778501,0.9407946319353182,Feynman31,lambd,0.9577690690165184
1.8406853836633823,2.0,1.0,1.1689557805225388,1.0981988378788325,Feynman31,lambd,1.1890949150677401
1.0997171695836907,2.0,1.0,0.5821949211665325,0.6050158425902606,Feynman31,lambd,0.5927321566405577
1.6403803149298057,2.0,1.0,0.9617433298531997,0.8699797461875409,Feynman31,lambd,0.9619372966148184
1.87769763718327,2.0,1.0,1.2192716666204468,1.2646360291193606,Feynman31,lambd,1.2390496653148824
1.5771907233147002,2.0,1.0,0.9085213497996648,0.88317730034342,Feynman31,lambd,0.9034773618058521
1.9317689384896477,2.0,1.0,1.308837195263877,1.3315142988759447,Feynman31,lambd,1.3170562767126899
1.4576144233504715,2.0,1.0,0.8165783202024536,0.744764402970775,Feynman31,lambd,0.8069533184215428
1.6549152464010843,2.0,1.0,0.9745648600957366,0.9251060558907894,Feynman31,lambd,0.9761991457744754
1.0053630576093913,2.0,1.0,0.5266979159412307,0.3974504826710218,Feynman31,lambd,0.5455050437073927
1.5473609187510597,2.0,1.0,0.8846297511428916,0.8899400740618084,Feynman31,lambd,0.8777666768974487
1.1418724069251063,2.0,1.0,0.607645732316318,0.5654072235124229,Feynman31,lambd,0.6143795449254514
1.609045855557367,2.0,1.0,0.9348717727247773,0.9247448904353621,Feynman31,lambd,0.9322458669189292
1.7151476393698797,2.0,1.0,1.030534076751863,1.115964519562137,Feynman31,lambd,1.03878740131636
1.5757008179154859,2.0,1.0,0.9073108115471674,0.8676814423620607,Feynman31,lambd,0.9021655399266871
1.6631132548846221,2.0,1.0,0.9819043457219075,1.0514131931385633,Feynman31,lambd,0.9843837182658399
1.7681513940736848,2.0,1.0,1.0845125162904903,1.1024994617468082,Feynman31,lambd,1.0988076714612516
1.5453220791177857,2.0,1.0,0.8830223342849831,0.6888497631333945,Feynman31,lambd,0.8760511690915709
1.7644987763986073,2.0,1.0,1.0806189958398529,1.189170654840288,Feynman31,lambd,1.0945154511822113
1.7435567321480998,2.0,1.0,1.0588207348132581,1.0672302582550957,Feynman31,lambd,1.0703578865460461
1.5318883118431041,2.0,1.0,0.8725086213160953,0.8052605456990622,Feynman31,lambd,0.8648778832524058
1.4241765318864283,2.0,1.0,0.7924680974780124,0.977437961877429,Feynman31,lambd,0.7828371026184906
1.22334566667062,2.0,1.0,0.6581734040341607,0.5896332895224828,Feynman31,lambd,0.658021246263491
1.0199388695046798,2.0,1.0,0.5351492568702056,0.5786355530542793,Feynman31,lambd,0.5527446841046493
1.8355094074850151,2.0,1.0,1.1623894783760234,1.1063020763124043,Feynman31,lambd,1.1823238128247755
1.6054250396394745,2.0,1.0,0.9318298082237486,0.9799153630096755,Feynman31,lambd,0.9289053387590117
1.186494185669304,2.0,1.0,0.6350864279475807,0.6354728680856635,Feynman31,lambd,0.6379320430176041
1.9904416488512444,2.0,1.0,1.4729905275134347,1.55152408740718,Feynman31,lambd,1.4088355255752396
1.1744933906275659,2.0,1.0,0.6276529985382643,0.5726601891870783,Feynman31,lambd,0.6315218922412331
1.4540498692836374,2.0,1.0,0.8139789808563955,0.8413691782778068,Feynman31,lambd,0.8043276828268409
1.9274787498845813,2.0,1.0,1.3006781753798977,1.1989225852272958,Feynman31,lambd,1.310641825997163
1.6436037058966435,2.0,1.0,0.9645662472456786,0.9545763129793063,Feynman31,lambd,0.9650728950095298
1.3147952386157367,2.0,1.0,0.7173600132416877,0.723140473816808,Feynman31,lambd,0.7111490445107289
1.00321191878805,2.0,1.0,0.5254541726030294,0.7168645849706842,Feynman31,lambd,0.5444369926647166
1.2740356980218839,2.0,1.0,0.6906233944766209,0.7212471284382267,Feynman31,lambd,0.6868233399455078
1.250255370340059,2.0,1.0,0.675295111573883,0.7615065578066669,Feynman31,lambd,0.67312706059012
1.1631726065053791,2.0,1.0,0.6206773444378275,0.6222395099333212,Feynman31,lambd,0.6255282715886021
1.3564716092563964,2.0,1.0,0.745359192299267,0.5883390704297977,Feynman31,lambd,0.7372729264766535
1.433752127184882,2.0,1.0,0.7993112493538357,0.770423813534219,Feynman31,lambd,0.7896274651833902
1.0034292367898514,2.0,1.0,0.5255797805484683,0.7758370525880053,Feynman31,lambd,0.5445448901820489
1.881807230731246,2.0,1.0,1.225288586904788,1.1307290336944804,Feynman31,lambd,1.2447655687923906
1.4720348372912844,2.0,1.0,0.8271683727219901,0.7977221716559563,Feynman31,lambd,0.8177135675695462
1.4585585798302811,2.0,1.0,0.8172680215987393,0.7086010192770145,Feynman31,lambd,0.8076510269539493
1.0510058550701085,2.0,1.0,0.553306134059277,0.47554700530823457,Feynman31,lambd,0.5682169827452564
1.209044134354867,2.0,1.0,0.6491657561135751,0.7154661095352662,Feynman31,lambd,0.6501480330477277
1.152057691514696,2.0,1.0,0.6138622263769713,0.5572402465995155,Feynman31,lambd,0.6196906864800431
1.7331595893012244,2.0,1.0,1.0483073998957129,1.070123324535346,Feynman31,lambd,1.0586456253311516
1.4878883227031565,2.0,1.0,0.8389534234602559,0.7926527863811769,Feynman31,lambd,0.8298052135757709
1.7973790500102322,2.0,1.0,1.1167723484720682,1.1639027123168653,Feynman31,lambd,1.134015850271119
1.7872454180428152,2.0,1.0,1.1053530648072805,1.0811958011213743,Feynman31,lambd,1.121633330783875
1.0733025411260537,2.0,1.0,0.5664634679566507,0.49457378249652023,Feynman31,lambd,0.5793875180962238
1.0838320435665882,2.0,1.0,0.5727152422362937,0.6358169121750665,Feynman31,lambd,0.5846904614254523
1.9271767528683434,2.0,1.0,1.3001128870610184,1.2818892408962712,Feynman31,lambd,1.3101917854095917
1.3227843426269252,2.0,1.0,0.7226733741771472,0.8329765239704592,Feynman31,lambd,0.7160537806086898
1.7295386541080706,2.0,1.0,1.0446908368793992,0.841311874871712,Feynman31,lambd,1.0546098203547047
1.321272952744299,2.0,1.0,0.7216662820207137,0.8450493008006026,Feynman31,lambd,0.7151222797395924
1.8094110536504298,2.0,1.0,1.1306880224645126,1.0581377479491496,Feynman31,lambd,1.14896397468651
1.4826128045354818,2.0,1.0,0.8350147362181167,0.8283806279924484,Feynman31,lambd,0.8257505036236853
1.2660914218420183,2.0,1.0,0.6854813578866612,0.5765511340486275,Feynman31,lambd,0.6822095323257689
1.7634512249235512,2.0,1.0,1.0795075884957472,1.1050341936419674,Feynman31,lambd,1.0932888197878583
1.3865117209831954,2.0,1.0,0.7659969833922845,0.8766867506845282,Feynman31,lambd,0.7569806875791949
1.8824478972139485,2.0,1.0,1.226235677156804,1.3249573975723654,Feynman31,lambd,1.245659748612884
1.207309167356434,2.0,1.0,0.6480772071018325,0.7038802088048943,Feynman31,lambd,0.6491997628625074
1.9640976744383778,2.0,1.0,1.3810326382560167,1.4158876019554696,Feynman31,lambd,1.3666798777278324
1.5951671805580854,2.0,1.0,0.9232786130623327,0.9273647269968257,Feynman31,lambd,0.9195407796778979
1.6071370335983075,2.0,1.0,0.9332665526409057,0.8997267492255058,Feynman31,lambd,0.9304825140771268
1.8041617103784977,2.0,1.0,1.1245671044998924,1.009398961213338,Feynman31,lambd,1.1424093157172348
1.5615811966460518,2.0,1.0,0.8959301954866745,0.9156477231183144,Feynman31,lambd,0.8898791450717034
1.0348787539103164,2.0,1.0,0.5438558727318086,0.46418926105064345,Feynman31,lambd,0.5601753772447302
1.8820897427547036,2.0,1.0,1.225705913775365,1.1756455638345171,Feynman31,lambd,1.2451597683918034
1.5362241173215008,2.0,1.0,0.8758874595011832,0.9387965468646173,Feynman31,lambd,0.8684595929003499
1.917582272231929,2.0,1.0,1.2827163229335925,1.2928945364226772,Feynman31,lambd,1.2959953375865159
1.0718661385351427,2.0,1.0,0.5656125511729099,0.6190304279747086,Feynman31,lambd,0.5786656228922173
1.848522936753362,2.0,1.0,1.1790964970773086,1.2463207028993268,Feynman31,lambd,1.1994470262450014
1.948812577911554,2.0,1.0,1.3440646115791635,1.3961191157330097,Feynman31,lambd,1.3429322713820582
1.2960321208355063,2.0,1.0,0.7049766692857469,0.5467702093123388,Feynman31,lambd,0.6998103524753307
1.354236206145044,2.0,1.0,0.7438392533121163,0.7354823415232256,Feynman31,lambd,0.7358368875754163
1.1975224250807992,2.0,1.0,0.6419535219852014,0.7829705628995356,Feynman31,lambd,0.6438773471399266
1.2900704096450109,2.0,1.0,0.7010693527248222,0.6032242396769306,Feynman31,lambd,0.6962587977736753
1.049671008483184,2.0,1.0,0.55252185081894,0.6237364931414457,Feynman31,lambd,0.5675503448407975
1.1020181174607444,2.0,1.0,0.5835729345387609,0.4500321878829013,Feynman31,lambd,0.5939015927444545
1.5372611661148385,2.0,1.0,0.8766976485363372,0.9415598460098645,Feynman31,lambd,0.8693197207444618
1.7045552687730288,2.0,1.0,1.020324165549707,1.007744667227094,Feynman31,lambd,1.0273605433829338
1.5443779347601452,2.0,1.0,0.8822790374998972,0.9029854504679081,Feynman31,lambd,0.8752585289691043
1.7430467798357503,2.0,1.0,1.0583005103762497,1.0022198178015163,Feynman31,lambd,1.0697791200364153
1.6134639031175537,2.0,1.0,0.9386005847273345,0.9039240718408709,Feynman31,lambd,0.936346920260229
1.745259418405014,2.0,1.0,1.0605612189027456,1.1169047986451954,Feynman31,lambd,1.0722935762758248
1.9765809109249517,2.0,1.0,1.4176136358455045,1.5382850454475532,Feynman31,lambd,1.386460205332408
1.983742325499547,2.0,1.0,1.443204209603246,1.410392215575097,Feynman31,lambd,1.3979663099254842
1.9387120956753532,2.0,1.0,1.322595793042678,1.4051238534624841,Feynman31,lambd,1.3275213580344611
1.7605151618686872,2.0,1.0,1.0764047788918103,1.099585582521251,Feynman31,lambd,1.0898611442006139
1.5717614713160892,2.0,1.0,0.9041191080684132,0.9886906236279209,Feynman31,lambd,0.8987112590190348
1.5592046862977158,2.0,1.0,0.8940306102503506,0.792904092392557,Feynman31,lambd,0.8878368083590796
1.8027852100770458,2.0,1.0,1.1229749831851132,1.0878283855224602,Feynman31,lambd,1.1406990202538771
1.9192134679357138,2.0,1.0,1.285601061137431,1.28441538960543,Feynman31,lambd,1.2983951022559088
1.5777906460656053,2.0,1.0,0.9090093139961211,0.8291351487842653,Feynman31,lambd,0.9040064135568677
1.8917816380606867,2.0,1.0,1.240329039420777,1.2162015421767904,Feynman31,lambd,1.2587821227501244
1.6739816076551226,2.0,1.0,0.9917607792291838,1.0393340022175177,Feynman31,lambd,0.995393261276861
1.873086987887389,2.0,1.0,1.2126365274158604,1.0929252113746764,Feynman31,lambd,1.2326776306833604
1.6534159985457664,2.0,1.0,0.9732311989993543,0.9401994649460022,Feynman31,lambd,0.9747133955787833
1.4738167359460805,2.0,1.0,0.8284854143647231,0.7584480372889888,Feynman31,lambd,0.819058795619755
1.0446314011809568,2.0,1.0,0.5495642603570168,0.43737217296209097,Feynman31,lambd,0.5650353044530381
1.0945226577236098,2.0,1.0,0.5790885661054267,0.42103786913301056,Feynman31,lambd,0.5900965358023142
1.1968107649133992,2.0,1.0,0.641509323250314,0.6481388602580928,Feynman31,lambd,0.6434920497983477
1.6952320824865814,2.0,1.0,1.0114761751364287,1.045638363393513,Feynman31,lambd,1.0174541224767888
1.8850418972593936,2.0,1.0,1.230096192188477,1.2774793544369618,Feynman31,lambd,1.2492887637166514
1.3059351125377014,2.0,1.0,0.7114960075405097,0.6753575536054919,Feynman31,lambd,0.7057638197178607
1.616194542039501,2.0,1.0,0.9409147499374715,1.0191614990382456,Feynman31,lambd,0.9388954618676439
1.516872895373303,2.0,1.0,0.8609107373440492,0.9331431007828208,Feynman31,lambd,0.8526513910213646
1.0610676158795012,2.0,1.0,0.5592301815106613,0.5515792700739331,Feynman31,lambd,0.5732490873832125
1.6005627940747869,2.0,1.0,0.927764359810499,0.8548046047455712,Feynman31,lambd,0.9244483175339938
1.2378072686981034,2.0,1.0,0.667346120431282,0.7010106269528695,Feynman31,lambd,0.666089963592172
1.0722474400568711,2.0,1.0,0.5658383871980728,0.4205583172034759,Feynman31,lambd,0.5788572205301526
1.9854251109711538,2.0,1.0,1.449996385597364,1.2920158150936976,Feynman31,lambd,1.400686895864663
1.336865601910056,2.0,1.0,0.7320996925183005,0.8460953787069455,Feynman31,lambd,0.7248153139062612
1.1324873974710703,2.0,1.0,0.6019413804209834,0.5676507688598551,Feynman31,lambd,0.6095158769392884
1.414058536719007,2.0,1.0,0.7852885497135451,0.7474813502367197,Feynman31,lambd,0.7757597369452408
1.4348519808954865,2.0,1.0,0.8001003336958841,0.9073908190988869,Feynman31,lambd,0.7904132537435737
1.0458625771589265,2.0,1.0,0.5502863038752963,0.6358226388815986,Feynman31,lambd,0.5656494756215176
1.1088380982375456,2.0,1.0,0.5876647448212203,0.517823825504574,Feynman31,lambd,0.5973752283812287
1.3404887612842358,2.0,1.0,0.7345380301378186,0.7564107009434331,Feynman31,lambd,0.727094400550701
1.194579787709435,2.0,1.0,0.6401177622902947,0.6198448694420126,Feynman31,lambd,0.6422856737880125
1.0068097836780545,2.0,1.0,0.5275348886356286,0.6478073983790695,Feynman31,lambd,0.5462233811875838
1.563713329746856,2.0,1.0,0.8976382914908494,0.8834165079629446,Feynman31,lambd,0.8917177052373976
1.5976386985793445,2.0,1.0,0.9253300401679551,0.8877080770384517,Feynman31,lambd,0.9217837370975713
1.8319281890022259,2.0,1.0,1.1579040364512116,1.168324453316646,Feynman31,lambd,1.177669237625134
1.4676224983635198,2.0,1.0,0.823915196455011,0.811062738486934,Feynman31,lambd,0.8143973935496203
1.735185121659824,2.0,1.0,1.050340424754002,1.0868955449426012,Feynman31,lambd,1.0609129165218782
1.8326598162014855,2.0,1.0,1.1588166488969862,1.1926655200306344,Feynman31,lambd,1.1786181391291788
1.6200795019314749,2.0,1.0,0.9442199030149343,0.858918931981442,Feynman31,lambd,0.9425396590745485
1.528807648370674,2.0,1.0,0.8701161433496241,0.8011720279496053,Feynman31,lambd,0.8623470718835269
1.8470615952703242,2.0,1.0,1.1771869570609985,1.3480153004561384,Feynman31,lambd,1.1975077327297532
1.087719184592076,2.0,1.0,0.5750295544297029,0.680069565980028,Feynman31,lambd,0.5866534166492189
1.1986082249562577,2.0,1.0,0.642631532842213,0.5473570870939151,Feynman31,lambd,0.6444656518606572
1.4693220944749408,2.0,1.0,0.8251669354706294,0.7280937832981903,Feynman31,lambd,0.8156722537848884
1.3621142711977938,2.0,1.0,0.7492053872707243,0.7933357296503203,Feynman31,lambd,0.7409161829060086
1.8530597525243886,2.0,1.0,1.1850818723516678,1.2307967229472414,Feynman31,lambd,1.2054943859196654
1.621215352164653,2.0,1.0,0.9451890877182887,0.9975759823695766,Feynman31,lambd,0.9436091976422614
1.9102556877653716,2.0,1.0,1.270091103625324,1.2968698544423853,Feynman31,lambd,1.285286139609189
1.3411987182459957,2.0,1.0,0.7350164506200056,0.7393444090362251,Feynman31,lambd,0.7275421938487173
1.0933593490185491,2.0,1.0,0.5783937646087463,0.8038423320488154,Feynman31,lambd,0.5895071090004417
1.0976000401774944,2.0,1.0,0.580928098144039,0.6873497717370035,Feynman31,lambd,0.5916572231243797
1.282895050237619,2.0,1.0,0.6963836257902436,0.6407166001893176,Feynman31,lambd,0.6920157926949437
1.124335877097482,2.0,1.0,0.5970048477086582,0.44602958871904874,Feynman31,lambd,0.6053134033725325
1.2462150296042411,2.0,1.0,0.672709557546576,0.6755133649873803,Feynman31,lambd,0.6708333877213328
1.7819793400323438,2.0,1.0,1.0995203056046243,1.0769937241884977,Feynman31,lambd,1.115272515814529
1.331777557470416,2.0,1.0,0.7286844965114307,0.8838021281897404,Feynman31,lambd,0.7216319952212793
1.6268948890572115,2.0,1.0,0.9500549112844292,0.9997469320780916,Feynman31,lambd,0.9489850147079139
1.3942170441809654,2.0,1.0,0.771356609370496,0.855814424555183,Feynman31,lambd,0.7621631522522504
1.7208592520373776,2.0,1.0,1.0361121892859,1.0792021461139591,Feynman31,lambd,1.0450257682522668
1.4915631533926854,2.0,1.0,0.8417072748817253,0.6853616567876394,Feynman31,lambd,0.8326481749043179
1.0766426218123082,2.0,1.0,0.5684438965541514,0.7008071806538412,Feynman31,lambd,0.5810675110283294
1.9756297279739208,2.0,1.0,1.4145275647489224,1.4216894332570518,Feynman31,lambd,1.3849406850992747
1.0802036232489933,2.0,1.0,0.5705580786380502,0.6691079992749833,Feynman31,lambd,0.5828608012329212
1.8321996985117277,2.0,1.0,1.1582424881754458,1.0928425115736955,Feynman31,lambd,1.1780212582696954
1.6369050750492664,2.0,1.0,0.9587125956719231,1.0266573312549456,Feynman31,lambd,0.958573933505896
1.1823283425559672,2.0,1.0,0.632501472621779,0.6226356625881624,Feynman31,lambd,0.6357000527445679
1.4476022221558036,2.0,1.0,0.8092953087745269,0.7516039830299763,Feynman31,lambd,0.7996121729825926
1.4025746594251929,2.0,1.0,0.7772017151165664,0.8180727547833216,Feynman31,lambd,0.7678455277122458
1.4126880736947105,2.0,1.0,0.7843200609518773,0.9780250417178055,Feynman31,lambd,0.7748087078456699
1.2986337018369007,2.0,1.0,0.7066858237568102,0.7713906420977137,Feynman31,lambd,0.7013677778605361
1.2682041300000368,2.0,1.0,0.6868467173871261,0.835766764222639,Feynman31,lambd,0.6834326964417682
1.3022757281332002,2.0,1.0,0.7090827165168315,0.7287631598963874,Feynman31,lambd,0.7035559178032703
1.1630690714518253,2.0,1.0,0.620613709130756,0.7017321638112081,Feynman31,lambd,0.6254736846385862
1.112250033262471,2.0,1.0,0.5897160039767494,0.672975168692927,Feynman31,lambd,0.5991173816129727
1.1500688524871623,2.0,1.0,0.6126462266518277,0.5663267499302529,Feynman31,lambd,0.6186508135325778
1.175410807634273,2.0,1.0,0.6282198361128719,0.710250178186071,Feynman31,lambd,0.6320098239741807
1.9640269523106277,2.0,1.0,1.380845263933503,1.4381544365492926,Feynman31,lambd,1.366568808283793
1.5025147773023195,2.0,1.0,0.8499651263332438,0.9230201863395344,Feynman31,lambd,0.8412121261147351
1.7684105987521406,2.0,1.0,1.0847899060257489,1.0659450449676016,Feynman31,lambd,1.0991131636894318
1.6460942996272714,2.0,1.0,0.9667553050570266,0.9138818665336633,Feynman31,lambd,0.9675062350121616
1.7793429317706408,2.0,1.0,1.0966251435103356,1.1949534164414573,Feynman31,lambd,1.1121068864733825
1.229853499943377,2.0,1.0,0.6622930751169301,0.701832822597538,Feynman31,lambd,0.6616384541703502
1.1170039269769556,2.0,1.0,0.5925787554975939,0.5965269273818494,Feynman31,lambd,0.601549802030255
1.3153780911460244,2.0,1.0,0.7177468194543704,0.7154860224621017,Feynman31,lambd,0.7115052895316513
1.140264754865802,2.0,1.0,0.6066669769648789,0.6542052912977587,Feynman31,lambd,0.6135444017108064
1.2008636903583665,2.0,1.0,0.6440410246094007,0.5088012904099458,Feynman31,lambd,0.645689434130273
1.6714565575548237,2.0,1.0,0.9894576592216371,1.1115563016578038,Feynman31,lambd,0.9928191089405786
1.525324295798053,2.0,1.0,0.8674190806352584,0.7253273171981686,Feynman31,lambd,0.8594994141069229
1.0223502400161246,2.0,1.0,0.536551486001829,0.5486376203262874,Feynman31,lambd,0.5539431363596353
1.0334226714966877,2.0,1.0,0.5430052975092334,0.6897245063137918,Feynman31,lambd,0.5594504940211436
1.6231045616819668,2.0,1.0,0.9468039765853754,0.9735670462707638,Feynman31,lambd,0.9453922181531074
1.8594153777677382,2.0,1.0,1.1936183673201606,1.284705604577775,Feynman31,lambd,1.214034424831138
1.699966276174702,2.0,1.0,1.0159532854029723,1.0653912645490544,Feynman31,lambd,1.0224669034991065
1.0116357950713175,2.0,1.0,0.5303298348430856,0.46050204944264306,Feynman31,lambd,0.5486199001882024
1.4687694650433403,2.0,1.0,0.8247597423144882,0.9031832629624492,Feynman31,lambd,0.8152573854491624
1.233673798502362,2.0,1.0,0.6647176208685139,0.716610332144947,Feynman31,lambd,0.6637723060498119
1.0030838333711662,2.0,1.0,0.5253801446129156,0.46511578038525964,Feynman31,lambd,0.544373398934063
1.6360502162864579,2.0,1.0,0.9579690829287908,0.9635094497270368,Feynman31,lambd,0.9577493229400619
1.8796620879014831,2.0,1.0,1.2221354239346391,1.0796788155707062,Feynman31,lambd,1.2417776736231145
1.9308783569183277,2.0,1.0,1.3071232263091646,1.2520842100415146,Feynman31,lambd,1.315721474892754
1.777797532474798,2.0,1.0,1.094935638065527,1.1502695850736067,Feynman31,lambd,1.1102570933652525
1.6883647198687135,2.0,1.0,1.0050380419286906,0.8969678336200815,Feynman31,lambd,1.0102465877396198
1.2232233051017822,2.0,1.0,0.6580960710573416,0.6765206824704535,Feynman31,lambd,0.6579534461881201
1.5806922282454177,2.0,1.0,0.9113737278766321,0.9104971614145492,Feynman31,lambd,0.906572014204254
1.6528985792423558,2.0,1.0,0.9727715332088243,0.9402007456911021,Feynman31,lambd,0.9742014228692045
1.3493603736783832,2.0,1.0,0.740531329877844,0.8186495750027,Feynman31,lambd,0.7327187762623179
1.4942835429940708,2.0,1.0,0.8437513654414542,0.9667697030985793,Feynman31,lambd,0.8347626275856861
1.2472445855606087,2.0,1.0,0.6733678994715753,0.7933747561539725,Feynman31,lambd,0.6714169713486374
1.8145903667349672,2.0,1.0,1.1368062772916196,1.2397222390580849,Feynman31,lambd,1.1554817091793341
1.462098603448653,2.0,1.0,0.8198585199575553,0.8329356465120096,Feynman31,lambd,0.8102754454055101
1.5198680953276122,2.0,1.0,0.8632116438930733,0.9558356670099593,Feynman31,lambd,0.8550685163158348
1.2742140405503763,2.0,1.0,0.6907390792879086,0.531559010017666,Feynman31,lambd,0.6869273705685707
1.6584992034035282,2.0,1.0,0.9777636577122939,0.985878316320968,Feynman31,lambd,0.979764638794422
1.4015657759492397,2.0,1.0,0.776494348899073,0.713459471323574,Feynman31,lambd,0.7671561615451405
1.715573411370284,2.0,1.0,1.0309481041497788,1.0742184910794446,Feynman31,lambd,1.0392505749774723
1.7581967053820993,2.0,1.0,1.0739672158389229,0.9973021730093588,Feynman31,lambd,1.0871651961110598
1.0254164683603526,2.0,1.0,0.538336210710922,0.4265400826377771,Feynman31,lambd,0.5554674912854771
1.4993264241523292,2.0,1.0,0.8475530503805302,0.8917510466778966,Feynman31,lambd,0.8387046589253472
1.1546164818977083,2.0,1.0,0.6154282357347526,0.5119050862768003,Feynman31,lambd,0.6210306081795921
1.5436680961819031,2.0,1.0,0.8817206445821465,0.8870065724037627,Feynman31,lambd,0.874663334905144
1.0041225809156205,2.0,1.0,0.5259805887147043,0.36812987705438105,Feynman31,lambd,0.5448891353808659
1.0115914059616236,2.0,1.0,0.5303041064045666,0.5470123318988462,Feynman31,lambd,0.5485978548203563
1.0549373405584057,2.0,1.0,0.555618273387886,0.6850666484580441,Feynman31,lambd,0.5701816533733669
1.478488091763587,2.0,1.0,0.8319471353876547,0.9199346159817732,Feynman31,lambd,0.8226019321496003
1.0900180159377402,2.0,1.0,0.5763998585495012,0.481181519579816,Feynman31,lambd,0.5878157291133282
1.4500137330951401,2.0,1.0,0.8110443639353624,0.7057523509777862,Feynman31,lambd,0.8013707725122856
1.1397031415841428,2.0,1.0,0.6063252176325885,0.48304158532543356,Feynman31,lambd,0.6132528527613074
1.5957304324694537,2.0,1.0,0.9237456372790422,0.9240698141044096,Feynman31,lambd,0.9200512027867895
1.219418104453514,2.0,1.0,0.6556934705894966,0.5537559247713987,Feynman31,lambd,0.6558488330858682
1.379635632813395,2.0,1.0,0.7612373818632847,0.7253486127897605,Feynman31,lambd,0.75240076611383
1.0068826369567905,2.0,1.0,0.5275770471445138,0.6118397144624976,Feynman31,lambd,0.5462595555659965
1.9767663877747366,2.0,1.0,1.4182226216791776,1.4024283642405224,Feynman31,lambd,1.3867567435243313
1.9263776050100507,2.0,1.0,1.298622540124212,1.176058854617709,Feynman31,lambd,1.3090018256778968
1.0238441014103783,2.0,1.0,0.5374207638148504,0.5852937211042861,Feynman31,lambd,0.5546857347740516
1.1160801069383441,2.0,1.0,0.5920220084167247,0.5013851817205696,Feynman31,lambd,0.6010766412134018
1.2731088950622018,2.0,1.0,0.6900223864607403,0.6202238012728972,Feynman31,lambd,0.6862830420308904
1.104292212028597,2.0,1.0,0.5849360988170227,0.5834492914680776,Feynman31,lambd,0.5950586073328695
1.4256936524716293,2.0,1.0,0.7935491220900808,0.7729907158474316,Feynman31,lambd,0.7839068966775128
1.0142657820262186,2.0,1.0,0.531854899504939,0.5567448004453347,Feynman31,lambd,0.5499261561433435
1.5130823281597205,2.0,1.0,0.8580076319956408,0.8344011171306825,Feynman31,lambd,0.849607760236132
1.2860962159887181,2.0,1.0,0.6984718057240729,0.6701183069215081,Feynman31,lambd,0.6939045281339907
1.279019901545189,2.0,1.0,0.6938606612974442,0.876060441924805,Feynman31,lambd,0.6897383546194079
1.9667300308149835,2.0,1.0,1.3881419497044143,1.3671633353220842,Feynman31,lambd,1.3708219405178186
1.2387178705482889,2.0,1.0,0.6679259092925438,0.5247492096604287,Feynman31,lambd,0.6666017991582157
1.349012037324339,2.0,1.0,0.740295390307766,0.8503485254245391,Feynman31,lambd,0.7324967518324985
1.6356251229898615,2.0,1.0,0.9575996509197262,0.9233943257779242,Feynman31,lambd,0.9573396710914664
1.5577596773346047,2.0,1.0,0.8928777831922587,0.8279176616338743,Feynman31,lambd,0.8865985601525026
1.6770281898848707,2.0,1.0,0.9945504404443181,1.0401621732367623,Feynman31,lambd,0.9985123113385701
1.074463875579037,2.0,1.0,0.5671517727100182,0.7905612409488263,Feynman31,lambd,0.5799714270847368
1.1990108823425252,2.0,1.0,0.6428830534651551,0.5884520232498089,Feynman31,lambd,0.6446839558326862
1.2037564022850544,2.0,1.0,0.6458509330106785,0.584635190865904,Feynman31,lambd,0.6472624373327518
1.646519375814084,2.0,1.0,0.9671296111155371,1.0193888832686773,Feynman31,lambd,0.9679224639138015
1.1698033564401817,2.0,1.0,0.6247588327971265,0.7029458392184263,Feynman31,lambd,0.6290327444784747
1.8179565789702006,2.0,1.0,1.140826408588613,1.0490730316513053,Feynman31,lambd,1.159744865408898
1.3511847247699384,2.0,1.0,0.7417678547049817,0.6549286717626496,Feynman31,lambd,0.7338831930942049
1.7613290748286112,2.0,1.0,1.0772631226344436,1.1156551323663713,Feynman31,lambd,1.0908098177589858
1.09875584255029,2.0,1.0,0.5816195628153983,0.42092737113621026,Feynman31,lambd,0.5922439338037371
1.2878202729878543,2.0,1.0,0.6995979579942058,0.7902879972052773,Feynman31,lambd,0.6949245499158907
1.497713770089372,2.0,1.0,0.846335540787381,0.6921524624134481,Feynman31,lambd,0.8374408659482688
1.7040966089700604,2.0,1.0,1.0198859079036922,0.8554510257739358,Feynman31,lambd,1.0268698960436342
1.7479334496810808,2.0,1.0,1.0633055917504888,1.0559501444501496,Feynman31,lambd,1.075343617936551
1.531704460344622,2.0,1.0,0.8723656489955359,0.7708784773445119,Feynman31,lambd,0.8647265198026161
1.630288325310382,2.0,1.0,0.9529780260062466,0.9304256922044649,Feynman31,lambd,0.9522192601173688
1.3827612830175318,2.0,1.0,0.7633982569615285,0.6978650317421757,Feynman31,lambd,0.7544774643517794
1.6740350336812817,2.0,1.0,0.9918095971802166,1.0249934219253038,Feynman31,lambd,0.9954478333886116
1.6190443260020273,2.0,1.0,0.943337749313816,0.8900042351048063,Feynman31,lambd,0.9415665278511062
1.3502240355795652,2.0,1.0,0.7411165358693573,0.7518110811962563,Feynman31,lambd,0.733269684359578
1.0064963672756213,2.0,1.0,0.5273535336134261,0.6367189067509031,Feynman31,lambd,0.5460677591599888
1.5245742944043146,2.0,1.0,0.8668394975781346,0.9622568361019702,Feynman31,lambd,0.8588882150623153
1.9784137987296608,2.0,1.0,1.4237414262987502,1.4208993455214598,Feynman31,lambd,1.3893940146081156
1.090833419272621,2.0,1.0,0.5768862033219863,0.5987365310054213,Feynman31,lambd,0.5882282680189389
1.3599925459037374,2.0,1.0,0.7477575514932772,0.7814342553835172,Feynman31,lambd,0.7395431602855985
1.9622601249729679,2.0,1.0,1.3762220030990433,1.4359768983348336,Feynman31,lambd,1.3637976120799722
1.1177040275253547,2.0,1.0,0.5930008153876073,0.48085855557808505,Feynman31,lambd,0.6019085321421354
1.8185796825033442,2.0,1.0,1.1415744258338996,1.1415709679184067,Feynman31,lambd,1.1605363449392176
1.281858010983155,2.0,1.0,0.6957079276785805,0.6987293457042547,Feynman31,lambd,0.6914053645931507
1.9282605051058472,2.0,1.0,1.3021468809638543,1.3328791000306501,Feynman31,lambd,1.3118077178254868
1.2489879087724804,2.0,1.0,0.6744834438350387,0.6507010100829265,Feynman31,lambd,0.6724065224350741
1.6550676479664226,2.0,1.0,0.9747005761788406,0.8730524524942432,Feynman31,lambd,0.9763503656450259
1.1967630969603422,2.0,1.0,0.6414795754899476,0.6702370307829828,Feynman31,lambd,0.6434662503066416
1.0413791887373938,2.0,1.0,0.5476584796544253,0.5891538917084312,Feynman31,lambd,0.5634136814999388
1.8604370319835049,2.0,1.0,1.1950077973729893,1.3461415698253654,Feynman31,lambd,1.2154146889939796
1.405384927739159,2.0,1.0,0.7791747014818736,0.754377150336335,Feynman31,lambd,0.7697707736287922
1.2172363740580252,2.0,1.0,0.6543179294383441,0.699194022082935,Feynman31,lambd,0.6546454629679948
1.4148640603444012,2.0,1.0,0.785858240775933,0.7902002937781507,Feynman31,lambd,0.7763195661847312
1.060876153410418,2.0,1.0,0.5591172501170183,0.395362961836061,Feynman31,lambd,0.5731532069562093
1.0013768558266656,2.0,1.0,0.5243938862649289,0.5303916527177001,Feynman31,lambd,0.543525902887486
1.0451312970058406,2.0,1.0,0.5498573939984152,0.5873887736407637,Feynman31,lambd,0.5652846579943072
1.186692055983801,2.0,1.0,0.6352093312116724,0.6677174905474681,Feynman31,lambd,0.6380382434425462
1.8330930150836071,2.0,1.0,1.1593579091509538,1.0749415873038375,Feynman31,lambd,1.179180472320163
1.8814980090251612,2.0,1.0,1.2248323584112792,1.305010632344913,Feynman31,lambd,1.2443342866257652
1.9186729808802845,2.0,1.0,1.2846420873312676,1.2111505235024955,Feynman31,lambd,1.2975993287091545
1.0888704088612458,2.0,1.0,0.5757156322256736,0.5369480828400992,Feynman31,lambd,0.5872353516486619
1.4924633456575007,2.0,1.0,0.8423831573513375,0.8892567512356904,Feynman31,lambd,0.8333469261830009
1.842623563126201,2.0,1.0,1.1714408235832667,1.010631993408232,Feynman31,lambd,1.191643778468658
1.1254255604730252,2.0,1.0,0.597663793965844,0.6178701207659565,Feynman31,lambd,0.605874050879364
1.1430348174222962,2.0,1.0,0.6083538350919797,0.6899260999502402,Feynman31,lambd,0.6149839213648477
1.715760609434818,2.0,1.0,1.0311302290558557,1.1804108175061752,Feynman31,lambd,1.0394543122070534
1.3444868897508822,2.0,1.0,0.7372349645431003,0.5357403156404372,Feynman31,lambd,0.729621348725326
1.4121197330122328,2.0,1.0,0.7839186963292233,0.7774622984321146,Feynman31,lambd,0.7744148352040752
1.8211191983432409,2.0,1.0,1.1446357732184895,1.1578584591718581,Feynman31,lambd,1.1637696959336958
1.5810659443280144,2.0,1.0,0.9116787822836258,0.796569939562027,Feynman31,lambd,0.9069032769404238
1.543903474628482,2.0,1.0,0.8819057625432921,0.9391482516568044,Feynman31,lambd,0.874860627678172
1.606533026009052,2.0,1.0,0.9327593378870191,1.0682150083911572,Feynman31,lambd,0.9299256028375944
1.998713023301895,2.0,1.0,1.5349199453225904,1.4720255551783332,Feynman31,lambd,1.4223970933128873
1.4653753128227236,2.0,1.0,0.8222627554531594,0.8415450216703059,Feynman31,lambd,0.8127165795058798
1.3474545220668843,2.0,1.0,0.7392410557657435,0.6557715889781811,Feynman31,lambd,0.731505210500915
1.2537726588389644,2.0,1.0,0.6775503129467819,0.5985787468898831,Feynman31,lambd,0.6751314824513864
1.56107257562994,2.0,1.0,0.8955232671902694,0.979326350946485,Feynman31,lambd,0.8894414284517331
1.2624141587008055,2.0,1.0,0.6831085159457646,0.6551526803333112,Feynman31,lambd,0.6800870944717461
1.4313967929285276,2.0,1.0,0.7976235762085421,0.753333272868027,Feynman31,lambd,0.7879487759474602
1.2275938683762733,2.0,1.0,0.6608611599130653,0.7610215212411391,Feynman31,lambd,0.6603799800879915
1.9839612580643242,2.0,1.0,1.4440673850849226,1.4423122257248977,Feynman31,lambd,1.3983198971101163
1.804777198365938,2.0,1.0,1.1252807217745349,1.2060268996572439,Feynman31,lambd,1.1431751957652632
1.1070169671405004,2.0,1.0,0.586571025835668,0.5615248302567492,Feynman31,lambd,0.5964465530493194
1.2238604116839522,2.0,1.0,0.6584987754984155,0.5655373875943962,Feynman31,lambd,0.6583065491898317
1.363206345241852,2.0,1.0,0.7499513637589236,0.723766263383566,Feynman31,lambd,0.7416243591695345
1.2434091458884708,2.0,1.0,0.6709171054972549,0.8438424208481576,Feynman31,lambd,0.6692459821127444
1.4507625756873532,2.0,1.0,0.8115881505859219,0.8148038836265153,Feynman31,lambd,0.8019180967719055
1.528355327225373,2.0,1.0,0.8697654370958248,0.8325613754489313,Feynman31,lambd,0.8619764614167138
1.382147525117361,2.0,1.0,0.7629735918160241,0.7250039121837998,Feynman31,lambd,0.7540690007212985
1.274151330360266,2.0,1.0,0.6906984000318831,0.7877992600947943,Feynman31,lambd,0.6868907882128201
1.773257102701742,2.0,1.0,1.0900035393702256,1.1965775587449805,Feynman31,lambd,1.1048471497596846
1.0780933474552576,2.0,1.0,0.5693048533166698,0.6552190336090549,Feynman31,lambd,0.5817978071393565
1.053391061446252,2.0,1.0,0.5547084986852995,0.45586190947855043,Feynman31,lambd,0.5694087091251515
1.9199516035727533,2.0,1.0,1.2869158081948058,1.325398261599304,Feynman31,lambd,1.2994828816981456
1.0357643618718178,2.0,1.0,0.5443734174519952,0.4771970097586501,Feynman31,lambd,0.560616343630118
1.5816356638664926,2.0,1.0,0.9121440603444955,0.8797661416881875,Feynman31,lambd,0.9074086385125767
1.5795308802476886,2.0,1.0,0.910426515790322,0.8467120814274978,Feynman31,lambd,0.905543788603807
1.419325324727345,2.0,1.0,0.7890192894052669,0.7654292215192305,Feynman31,lambd,0.779431388918831
1.6451060657261274,2.0,1.0,0.965885887142792,0.8165272406029292,Feynman31,lambd,0.9665396121136591
1.2851822363972383,2.0,1.0,0.6978752269717904,0.8276933882338062,Feynman31,lambd,0.6933645787659305
1.5493516035427786,2.0,1.0,0.8862022528967917,0.9512790721964431,Feynman31,lambd,0.8794467402008449
1.323751304344721,2.0,1.0,0.7233181640699755,0.7788130143184769,Feynman31,lambd,0.7166506325249877
1.2880560989308312,2.0,1.0,0.6997520822209836,0.6987423306550956,Feynman31,lambd,0.6950642275329282
1.4640056553650656,2.0,1.0,0.8212570348552648,0.9237771653154649,Feynman31,lambd,0.8116947906965576
1.3502287134440503,2.0,1.0,0.7411197063822252,0.5964319982230644,Feynman31,lambd,0.7332726698936941
1.437534080810416,2.0,1.0,0.8020272872103285,0.7945359249928442,Feynman31,lambd,0.7923345787635097
1.024030753762342,2.0,1.0,0.5375294084378095,0.5468282726805679,Feynman31,lambd,0.5547785281325769
1.4996838711620446,2.0,1.0,0.8478231404078442,0.9322457456261906,Feynman31,lambd,0.8389851863891251
1.9880732494530635,2.0,1.0,1.4615323190800602,1.328328195302224,Feynman31,lambd,1.4049812477140282
1.9182797645054572,2.0,1.0,1.2839463720497521,1.3082633446969787,Feynman31,lambd,1.2970207755112737
1.6204873766606007,2.0,1.0,0.9445677800476294,0.7993031517131205,Feynman31,lambd,0.9429235088768574
1.6124718751018299,2.0,1.0,0.9377616687401082,1.069443954676232,Feynman31,lambd,0.935423667799978
1.907784534443004,2.0,1.0,1.265947264355353,1.1742754084125115,Feynman31,lambd,1.2816995916890346
1.8392382510226546,2.0,1.0,1.1671097700450788,1.2003003798237208,Feynman31,lambd,1.187196578347468
1.2582069470795068,2.0,1.0,0.6803993191303985,0.7195922976147582,Feynman31,lambd,0.6776688339413085
1.2788070471232806,2.0,1.0,0.6937222332766675,0.8170662126435406,Feynman31,lambd,0.6896135411426707
1.3877900067765743,2.0,1.0,0.7668842087722132,0.748045881851862,Feynman31,lambd,0.7578367421827228
1.7783627969449847,2.0,1.0,1.0955529691257795,0.9275375346281176,Feynman31,lambd,1.1109331982779926
1.6480048853867486,2.0,1.0,0.9684392939934097,0.981751411287972,Feynman31,lambd,0.9693791765669852
1.4000745744639476,2.0,1.0,0.7754497105152485,0.7682206854895507,Feynman31,lambd,0.766138958677684
1.343085352258163,2.0,1.0,0.7362888083745365,0.7926027923871827,Feynman31,lambd,0.7287340899654647
1.2151204413607681,2.0,1.0,0.6529852574756083,0.7274000500435159,Feynman31,lambd,0.6534806677171895
1.6799281715377634,2.0,1.0,0.9972170349566549,1.058452302235096,Feynman31,lambd,1.0014947645515837
1.5201122878148596,2.0,1.0,0.8633995048452174,0.7573368665567586,Feynman31,lambd,0.8552660539445264
1.729567254108771,2.0,1.0,1.0447193140301299,1.0365690986055662,Feynman31,lambd,1.0546416104498273
1.7949641379073746,2.0,1.0,1.1140269973406263,1.1357949780288885,Feynman31,lambd,1.131047927676646
1.5288394088663275,2.0,1.0,0.8701407742622422,0.8198871753428923,Feynman31,lambd,0.8623731043181532
1.7994134877032568,2.0,1.0,1.1190972058342648,1.0195159927830135,Feynman31,lambd,1.1365245099960284
1.0792084435824543,2.0,1.0,0.5699669478373243,0.5395979915051583,Feynman31,lambd,0.5823594049915616
1.7525757374498312,2.0,1.0,1.068102456019218,1.025073910112466,Feynman31,lambd,1.0806680648804616
1.2038037462215012,2.0,1.0,0.6458805756244895,0.68301088677862,Feynman31,lambd,0.6472882147108513
1.9608731853969026,2.0,1.0,1.3726674293491243,1.2872142424213293,Feynman31,lambd,1.3616271187626268
1.908834698706885,2.0,1.0,1.2677015593086296,1.305819305108367,Feynman31,lambd,1.2832221969453546
1.7603000581692914,2.0,1.0,1.0761781611441843,1.0630164219980571,Feynman31,lambd,1.0896106200881235
1.7656366204727507,2.0,1.0,1.0818288284794113,1.012708507042719,Feynman31,lambd,1.0958500076772513
1.979739286809938,2.0,1.0,1.4283357570072783,1.3275055463533278,Feynman31,lambd,1.3915203877242035
1.5717464658740026,2.0,1.0,0.9041069752596154,0.9463997523597156,Feynman31,lambd,0.8986981405448783
1.1279759923326513,2.0,1.0,0.5992072317590987,0.5076902640801245,Feynman31,lambd,0.607187611562579
1.0618733376439196,2.0,1.0,0.5597055124645685,0.5378767022775284,Feynman31,lambd,0.5736526329933984
1.2925117965073178,2.0,1.0,0.702667878554918,0.6754234443310408,Feynman31,lambd,0.6977102901182675
1.2115603106550956,2.0,1.0,0.6507460496848052,0.7412302937716553,Feynman31,lambd,0.6515258711602951
1.3046478924095073,2.0,1.0,0.7106465402214958,0.6185799123771231,Feynman31,lambd,0.7049860974155278
1.3783356311073267,2.0,1.0,0.7603399531106121,0.6842687823896618,Feynman31,lambd,0.751539566280077
1.0173774943525902,2.0,1.0,0.5336610745109864,0.4937746907239587,Feynman31,lambd,0.5514719722139195
1.9808804576513386,2.0,1.0,1.4324125007105386,1.3998029904872387,Feynman31,lambd,1.3933542623645419
1.532204364436175,2.0,1.0,0.8727544568979935,0.9558566931800887,Feynman31,lambd,0.8651381839119884
1.1512239951507799,2.0,1.0,0.6133523678543699,0.5573441869767441,Feynman31,lambd,0.6192546166149214
1.8603048157984095,2.0,1.0,1.1948277104474512,1.2355047457438904,Feynman31,lambd,1.2152359468453946
1.6429255437640655,2.0,1.0,0.9639713867414939,1.1195081152322461,Feynman31,lambd,0.9644119222033575
1.306807445318964,2.0,1.0,0.7120720345780038,0.8343578781994053,Feynman31,lambd,0.7062915379790812
1.6622431179423325,2.0,1.0,0.9811215181769197,0.8779857918457292,Feynman31,lambd,0.9835101436643796
1.4234238051861037,2.0,1.0,0.7919321816614291,0.7313972399429219,Feynman31,lambd,0.7823071571333664
1.3387634130677812,2.0,1.0,0.7333762258726156,0.6737791123961939,Feynman31,lambd,0.7260078180568115
1.9122618247350527,2.0,1.0,1.2734963331196647,1.2791897207059866,Feynman31,lambd,1.2882072250424421
1.7854614228868346,2.0,1.0,1.103369547300184,1.1117341345350504,Feynman31,lambd,1.119472835964132
1.518157597856037,2.0,1.0,0.8618968870766986,0.8747006642247497,Feynman31,lambd,0.8536868293067756
1.135884342873412,2.0,1.0,0.6040035009431517,0.6258830358773897,Feynman31,lambd,0.6112730885417659
1.793619403773509,2.0,1.0,1.1125048881970954,1.1288042202538118,Feynman31,lambd,1.1293998983934943
1.612125521082684,2.0,1.0,0.9374689976771979,1.1409837308429032,Feynman31,lambd,0.9351016540975773
1.5608911241495713,2.0,1.0,0.895378144807615,0.8951878580160406,Feynman31,lambd,0.8892853534457557
1.1432537559233267,2.0,1.0,0.6084872444006906,0.6497392879233503,Feynman31,lambd,0.6150978047575139
1.4606395260055132,2.0,1.0,0.818789935545066,0.8677631725969682,Feynman31,lambd,0.8091921337964669
1.7527399249050442,2.0,1.0,1.0682728763530016,0.9871443738873773,Feynman31,lambd,1.0808570637453336
1.3087307790339975,2.0,1.0,0.7133430817206982,0.7232688051691628,Feynman31,lambd,0.7074569684654283
1.1803204778038796,2.0,1.0,0.631257317220733,0.7859296269318893,Feynman31,lambd,0.6346268938997413
1.907353548528592,2.0,1.0,1.265230128711492,1.1829646881374136,Feynman31,lambd,1.2810753864679871
1.4918714135263706,2.0,1.0,0.8419386651872645,0.8920978248689972,Feynman31,lambd,0.8328873502329189
1.6742585464409638,2.0,1.0,0.9920138711709318,0.9482269760316372,Feynman31,lambd,0.9956761891220381
1.5148518515969625,2.0,1.0,0.8593616511327904,0.8388242146433037,Feynman31,lambd,0.8510264685923188
1.937531442479663,2.0,1.0,1.3202040543871423,1.5648092243575413,Feynman31,lambd,1.325734458282162
1.1088328547409354,2.0,1.0,0.5876615945845882,0.5539327315062822,Feynman31,lambd,0.5973725532994297
1.8282737680418846,2.0,1.0,1.1533737660136951,1.1599659246440666,Feynman31,lambd,1.1729449395833622
1.4453024280259865,2.0,1.0,0.8076302655079505,0.8185253658420358,Feynman31,lambd,0.7979406479919711
1.1967458843187586,2.0,1.0,0.641468833896017,0.4629184045669215,Feynman31,lambd,0.643456934502826
1.3675335691734531,2.0,1.0,0.7529123284189533,0.7185918631415537,Feynman31,lambd,0.7444403019381705
1.9614093163520847,2.0,1.0,1.374033958426907,1.343635855524943,Feynman31,lambd,1.3624656309333034
1.3299680467437167,2.0,1.0,0.7274724259975447,0.5491397557562369,Feynman31,lambd,0.7205046816675275
1.1782599880704079,2.0,1.0,0.6299817285815481,0.6118707707066342,Feynman31,lambd,0.6335273547836568
1.7547048765359294,2.0,1.0,1.0703165387892883,1.1059135269553115,Feynman31,lambd,1.0831225937861133
1.2483738060898737,2.0,1.0,0.6740903689909036,0.51497282467824,Feynman31,lambd,0.6720577444722853
1.5424090166566509,2.0,1.0,0.8807311223882266,0.8789140338403638,Feynman31,lambd,0.87360916356523
1.1585289749792922,2.0,1.0,0.617826086352189,0.5971021982425637,Feynman31,lambd,0.623083939171145
1.0691478325833828,2.0,1.0,0.5640034982472917,0.6558715785339294,Feynman31,lambd,0.5773004117589037
1.2994865854044928,2.0,1.0,0.7072466835028558,0.6917818712917196,Feynman31,lambd,0.7018793677360075
1.5187984471852527,2.0,1.0,0.8623892331495053,0.7953147460594583,Feynman31,lambd,0.8542040765227992
1.0868334667366493,2.0,1.0,0.5745019140767587,0.6611205691945939,Feynman31,lambd,0.5862058761632387
1.534029656875965,2.0,1.0,0.8741756386154464,0.9036499878105783,Feynman31,lambd,0.8666438993699088
1.7084722009426625,2.0,1.0,1.024079699204275,0.9362477553802672,Feynman31,lambd,1.0315646244363321
1.07420341903768,2.0,1.0,0.5669973779587582,0.699462642065108,Feynman31,lambd,0.5798404517106381
1.9043585140094663,2.0,1.0,1.2602908789261746,1.1652081267578769,Feynman31,lambd,1.276748368994152
1.846307906244243,2.0,1.0,1.1762055333707306,1.2533692449868996,Feynman31,lambd,1.196509173834592
