lambd,d,n,target,target_with_noise,equation_name,varied_variable_name,Predicted
1.0,2.0,4.057220386998107,0.12355117436846472,0.1127422437217747,Feynman31,n,0.12060724424283292
1.0,2.0,1.130726514328734,0.4580428796199521,0.4617431535956994,Feynman31,n,0.4598464499152943
1.0,2.0,3.176511862419403,0.15806270881179657,0.1393810974304555,Feynman31,n,0.1556323334943321
1.0,2.0,2.6578419639663844,0.18925021211550402,0.1705130604634162,Feynman31,n,0.18639586009333026
1.0,2.0,2.5916685791361114,0.19414320035752994,0.1734971458024152,Feynman31,n,0.19120444033864203
1.0,2.0,4.390826248578691,0.11412133606710947,0.07542102005690632,Feynman31,n,0.1122173825194456
1.0,2.0,3.612804206002572,0.13884230190633584,0.1391781117930757,Feynman31,n,0.13601513893294687
1.0,2.0,1.3171082735600632,0.3893849867756546,0.43209712554832325,Feynman31,n,0.3950086453390639
1.0,2.0,3.058773405851371,0.16420108787891485,0.1918221773168675,Feynman31,n,0.16176350473181544
1.0,2.0,3.7433280388982517,0.1339713824019786,0.12253279981781869,Feynman31,n,0.131007434587193
1.0,2.0,4.993714884795754,0.10029391654164845,0.165968319444932,Feynman31,n,0.10304683828923768
1.0,2.0,4.301298335125061,0.11650737028958652,0.15177194263550378,Feynman31,n,0.11419716654275502
1.0,2.0,1.084251054897397,0.47928832946259975,0.4646290261903081,Feynman31,n,0.47838192377147065
1.0,2.0,4.824698318617525,0.10381982680451628,0.10732812343770688,Feynman31,n,0.1050889509430191
1.0,2.0,1.8092662532629866,0.2799994543117323,0.23014359974652096,Feynman31,n,0.28002969436807595
1.0,2.0,2.9074896324008894,0.17282876767179162,0.19931804099790798,Feynman31,n,0.1702897043713435
1.0,2.0,3.615403237076473,0.13874184570159467,0.12841340442188473,Feynman31,n,0.13591161549176567
1.0,2.0,2.3219425245323815,0.21703685214335403,0.20872368885524473,Feynman31,n,0.2140121555584887
1.0,2.0,2.609056422111002,0.1928330126234011,0.17850663040556222,Feynman31,n,0.18991538541884814
1.0,2.0,2.875158819298844,0.17479212803460897,0.2110288984242492,Feynman31,n,0.17221962334020266
1.0,2.0,1.4896958279894035,0.34228348601240605,0.3025312342247581,Feynman31,n,0.3466683950694225
1.0,2.0,2.1997745042515486,0.2293001267332991,0.2307536434698259,Feynman31,n,0.2265102921497177
1.0,2.0,4.241170743281143,0.11816678565951225,0.15067699474437438,Feynman31,n,0.11563783632567973
1.0,2.0,3.0202042035445418,0.1663174245010515,0.11830597334800563,Feynman31,n,0.16386342654637306
1.0,2.0,3.3578035004842657,0.1494627232517412,0.15193841679360312,Feynman31,n,0.14692583070211904
1.0,2.0,4.937996052941299,0.10142947726206285,0.05696654918600745,Feynman31,n,0.10370237884389265
1.0,2.0,3.443213719320684,0.14572842893910545,0.1520589652954684,Feynman31,n,0.14310377126445478
1.0,2.0,4.18325118136132,0.11981069303836803,0.08041336825413267,Feynman31,n,0.11711105998378996
1.0,2.0,4.761611114925977,0.10520041235088248,0.11098274278918263,Feynman31,n,0.10591768669469535
1.0,2.0,1.8347512262446575,0.2760075697931195,0.25990416565234836,Feynman31,n,0.27574394067973224
1.0,2.0,4.924817874101294,0.10170182787171561,0.08679363615571159,Feynman31,n,0.10385898509736233
1.0,2.0,1.8609032383060362,0.2720293626907531,0.23157713187295254,Feynman31,n,0.2714796875560458
1.0,2.0,4.062926897839478,0.12337675627322497,0.09310260242748143,Feynman31,n,0.12044036728927189
1.0,2.0,1.2399901906315431,0.4150426899715422,0.377512278624759,Feynman31,n,0.4200942747295777
1.0,2.0,4.295952789480893,0.11665300366833056,0.15749406016340903,Feynman31,n,0.1143216053358034
1.0,2.0,3.0188443005469257,0.16639304476405206,0.15657700721947285,Feynman31,n,0.1639383440351793
1.0,2.0,1.8006762151880134,0.2813714864681192,0.26410439077323206,Feynman31,n,0.28150402768897365
1.0,2.0,3.8034437318146415,0.13184142891308256,0.15289530806829682,Feynman31,n,0.12883352463941616
1.0,2.0,1.7994836891136456,0.28156303977256936,0.29704958365554707,Feynman31,n,0.28170990944922963
1.0,2.0,4.285086051355673,0.11695018352960292,0.10061773018105309,Feynman31,n,0.1145767566304745
1.0,2.0,1.443466760912305,0.3537183034440742,0.33453401074840555,Feynman31,n,0.3586394555456081
1.0,2.0,4.847744395826238,0.10332450128630566,0.07469911622064065,Feynman31,n,0.10479794450041963
1.0,2.0,1.171074857866341,0.44112626913422004,0.4273049188300137,Feynman31,n,0.4445612030722335
1.0,2.0,3.0871550676663477,0.16267798700001862,0.13923055446468754,Feynman31,n,0.16024807615559555
1.0,2.0,4.799892146287325,0.10435832601970371,0.1382485050816331,Feynman31,n,0.1054088192211403
1.0,2.0,3.1439707326416126,0.1597126895486762,0.14079131884010151,Feynman31,n,0.15728678480978728
1.0,2.0,1.0615203163523832,0.4904496075208687,0.5123821254601671,Feynman31,n,0.48782383346219566
1.0,2.0,3.529759207053722,0.14213077331245427,0.1517077648593478,Feynman31,n,0.13940405242610554
1.0,2.0,1.9934375826866777,0.2535303419758714,0.28287793610673634,Feynman31,n,0.25178549660016064
1.0,2.0,4.374158692625526,0.11455809946901786,0.11263128924078836,Feynman31,n,0.1125711716341393
1.0,2.0,2.954176110347985,0.17007059622771165,0.11779322395218864,Feynman31,n,0.16757310541761186
1.0,2.0,1.6968387415848944,0.2991055590926843,0.31137988316660037,Feynman31,n,0.30058825978282666
1.0,2.0,3.34322367417958,0.15011946132455942,0.22589063790668487,Feynman31,n,0.14759560308718608
1.0,2.0,2.788659643468184,0.180272441580613,0.21000554164364377,Feynman31,n,0.1775955625648152
1.0,2.0,4.683339952514533,0.10696527339262883,0.08220968066244548,Feynman31,n,0.10702548868180814
1.0,2.0,3.669513809216173,0.13668302675428176,0.16095542932361276,Feynman31,n,0.1337913601666455
1.0,2.0,2.185740915946614,0.23079897195742177,0.2922965220511689,Feynman31,n,0.22805219472147306
1.0,2.0,4.647986422492657,0.10778202614067203,0.10746965232685485,Feynman31,n,0.10755963102316908
1.0,2.0,4.175376768848444,0.12003773652162292,0.09028074042339139,Feynman31,n,0.11731784812021481
1.0,2.0,4.06522205966398,0.12330674435996095,0.11842374416385824,Feynman31,n,0.12037347759410742
1.0,2.0,2.150057202406591,0.23470075219672856,0.24462735089132184,Feynman31,n,0.23208034053694912
1.0,2.0,2.1805582581397953,0.2313575140363613,0.18518133619092905,Feynman31,n,0.22862756702465922
1.0,2.0,2.9641290970838736,0.1694939894574158,0.2069076444965389,Feynman31,n,0.16700424608385508
1.0,2.0,2.527297725330787,0.1991536391158203,0.2834774681188344,Feynman31,n,0.19614671609540701
1.0,2.0,1.3924390068315238,0.3672842735069945,0.4462940157586918,Feynman31,n,0.3726590391789733
1.0,2.0,2.5694740404323952,0.19584184185564088,0.22625018072494463,Feynman31,n,0.1928775878063197
1.0,2.0,1.6248465764146496,0.31279725681946846,0.3320785216733524,Feynman31,n,0.3153030264243681
1.0,2.0,3.595223861477745,0.1395256583582621,0.100474755957528,Feynman31,n,0.1367194374387796
1.0,2.0,2.243645323839867,0.22473868087480617,0.19113127334422783,Feynman31,n,0.22183691939822775
1.0,2.0,1.6309812544631663,0.31158102299495755,0.32148850835141757,Feynman31,n,0.31399827990191903
1.0,2.0,4.919423218168347,0.10181374118888925,0.1268781467059476,Feynman31,n,0.10392335046816516
1.0,2.0,3.5789449661876325,0.14016447256945425,0.17662585573704115,Feynman31,n,0.1373778818831521
1.0,2.0,3.7435808678543174,0.13396227990405607,0.12421625240364748,Feynman31,n,0.13099811540527467
1.0,2.0,2.5689882096367995,0.19587935924201338,0.23341460382071236,Feynman31,n,0.1929145680583579
1.0,2.0,3.458813063334408,0.14506652932333972,0.1583965169242808,Feynman31,n,0.1424241626799866
1.0,2.0,3.93768226019348,0.12732197094625475,0.07402616697230538,Feynman31,n,0.12428768616398177
1.0,2.0,2.444360788644148,0.20600647282597426,0.25549456856366043,Feynman31,n,0.20294652249996362
1.0,2.0,3.8921564840124665,0.12881947461226229,0.10560744323618403,Feynman31,n,0.1257810458837309
1.0,2.0,3.0658213156202487,0.1638201942361901,0.18078970470516983,Feynman31,n,0.16138486777462643
1.0,2.0,4.724599557829881,0.10602762104666887,0.11031462291916329,Feynman31,n,0.1064294363560686
1.0,2.0,1.0337434280568605,0.5048532600467489,0.44703512716801064,Feynman31,n,0.49970894758090983
1.0,2.0,4.619655008265019,0.10844562705930788,0.11795641038179074,Feynman31,n,0.10800436842087184
1.0,2.0,1.6743498029416073,0.30324989254543716,0.31303050853513853,Feynman31,n,0.30504727597923514
1.0,2.0,2.726650381550715,0.18441875768358243,0.22529431563009808,Feynman31,n,0.18165846160216365
1.0,2.0,3.481995656304692,0.14409393497026907,0.07282771771722751,Feynman31,n,0.14142457446765802
1.0,2.0,2.849922228692294,0.17635611957448333,0.18455207639714555,Feynman31,n,0.17375518028059997
1.0,2.0,2.777599057732091,0.1809982253745721,0.10038181995439842,Feynman31,n,0.17830681666141954
1.0,2.0,2.6640819996826983,0.1888015846751646,0.16290854964729784,Feynman31,n,0.18595562801600207
1.0,2.0,1.558022789132321,0.3267002510952796,0.28443084555615983,Feynman31,n,0.3301656792260099
1.0,2.0,2.2868991013086224,0.22041711770758457,0.22566542174959228,Feynman31,n,0.21743615168551775
1.0,2.0,4.328933155905573,0.11576026552393984,0.15911865647988593,Feynman31,n,0.11356512049624035
1.0,2.0,4.7256360376614035,0.10600427836370424,0.07548385641424604,Feynman31,n,0.10641482065915384
1.0,2.0,2.235831357883038,0.22553768519541487,0.1871335413177014,Feynman31,n,0.22265343558170567
1.0,2.0,4.077226571109165,0.12294185130954406,0.14219596758796746,Feynman31,n,0.12002575678560011
1.0,2.0,1.2665977933198151,0.4058047785329273,0.40392720677324556,Feynman31,n,0.4111749512702484
1.0,2.0,1.4456362574037338,0.3531642219296627,0.4184730157282961,Feynman31,n,0.3580624632703275
1.0,2.0,4.276007583792255,0.11719962444822657,0.0671145144427252,Feynman31,n,0.1147921687393337
1.0,2.0,1.0459347258118958,0.498423351180187,0.4811567037509403,Feynman31,n,0.494444924677253
1.0,2.0,2.4924010149483853,0.2019803065768293,0.22260647187005608,Feynman31,n,0.19894531416837827
1.0,2.0,2.537930255221906,0.19830815861011142,0.24811087894137446,Feynman31,n,0.1953111782654212
1.0,2.0,2.688997895589193,0.18703138558795954,0.12008812348563659,Feynman31,n,0.18421934506767643
1.0,2.0,4.9650919859250715,0.10087405707254693,0.1486965713883894,Feynman31,n,0.10338261721335824
1.0,2.0,3.942512380936799,0.12716513716990516,0.09111240121584041,Feynman31,n,0.12413218836643625
1.0,2.0,4.714670146196271,0.10625176555892048,0.1230321803901726,Feynman31,n,0.10657031994756472
1.0,2.0,1.6658692004409805,0.30484320452900204,0.2917397367089578,Feynman31,n,0.30676067160384457
1.0,2.0,2.2870798247120168,0.2203994128850138,0.2843221074149107,Feynman31,n,0.21741817624951817
1.0,2.0,1.606754774617094,0.3164410080979514,0.33701598922025316,Feynman31,n,0.31920814378393314
1.0,2.0,2.091029221868523,0.24145605615425303,0.2728526145943814,Feynman31,n,0.23910146765860266
1.0,2.0,3.1463529401563264,0.15959072822475368,0.16555488127039855,Feynman31,n,0.15716466182246863
1.0,2.0,4.435028637928603,0.11297903929331318,0.1346141093944876,Feynman31,n,0.11131129283667654
1.0,2.0,4.64513767469356,0.10784838357968732,0.07922164276794472,Feynman31,n,0.10760366317900422
1.0,2.0,4.0467107789814145,0.1238736951169223,0.10656524727334951,Feynman31,n,0.12091669608581859
1.0,2.0,1.6355148948587477,0.310688369962611,0.35483174377823296,Feynman31,n,0.3130402939482059
1.0,2.0,3.869341257408111,0.1295833146937496,0.14284982968171137,Feynman31,n,0.12654819577674262
1.0,2.0,2.253358521241901,0.2237534000556014,0.22296588828433098,Feynman31,n,0.22083127501951855
1.0,2.0,1.0891434517033156,0.47695523664890654,0.44924746601475435,Feynman31,n,0.47638251928820463
1.0,2.0,1.3471217225691663,0.38025978326065885,0.3685616436668318,Feynman31,n,0.3858590735814286
1.0,2.0,4.5091023997478255,0.11111532277117586,0.13899589708337906,Feynman31,n,0.1098949013039467
1.0,2.0,2.8111730114534565,0.17881307219208112,0.1585449302625035,Feynman31,n,0.1761650829927412
1.0,2.0,2.6125329461402704,0.19257318575954882,0.1922905277944846,Feynman31,n,0.18965988980098547
1.0,2.0,2.059424794173885,0.24523699829217482,0.24346528663446496,Feynman31,n,0.24305578967348368
1.0,2.0,4.935444260235666,0.10148210048073163,0.12941477003878568,Feynman31,n,0.1037326390423123
1.0,2.0,4.707631540174695,0.10641122956689669,0.12383205055781638,Feynman31,n,0.10667115161321321
1.0,2.0,3.7955174870974155,0.1321183671630053,0.13052082542817822,Feynman31,n,0.12911531639067192
1.0,2.0,2.0783170241677165,0.24296260892465024,0.2379181878930458,Feynman31,n,0.24067506950640227
1.0,2.0,3.324191447131898,0.15098552284666034,0.18979177298107267,Feynman31,n,0.14847766228769307
1.0,2.0,4.209237043856151,0.11906751139362783,0.1588897467121707,Feynman31,n,0.11643968988475241
1.0,2.0,1.4793944260669232,0.34476565120311786,0.35649720282073377,Feynman31,n,0.3492778825805491
1.0,2.0,4.373765022974441,0.11456845585470109,0.08326355397062114,Feynman31,n,0.11257960880725863
1.0,2.0,3.9737254872349945,0.1261609162870787,0.12946311331512164,Feynman31,n,0.12314102820287176
1.0,2.0,2.7171966353193513,0.1850678062981701,0.26293139428802514,Feynman31,n,0.1822945221742362
1.0,2.0,1.7514730364045081,0.2895009649500681,0.2700417999699672,Feynman31,n,0.29024898500960444
1.0,2.0,3.2728634894661965,0.15337200659020192,0.1344069284558076,Feynman31,n,0.15090097899208896
1.0,2.0,3.5571242649930377,0.14103002096656947,0.07802465575189707,Feynman31,n,0.13826995740707362
1.0,2.0,2.5369409875631237,0.19838651840892219,0.24367442871067202,Feynman31,n,0.19538858806333556
1.0,2.0,3.256465030997929,0.15415049651449264,0.1524880002678633,Feynman31,n,0.15168913396383876
1.0,2.0,2.179129471902684,0.23151197641555477,0.20821712416134702,Feynman31,n,0.2287867585916116
1.0,2.0,2.2681774207181937,0.2222668864214484,0.2219217727547297,Feynman31,n,0.21931661514742865
1.0,2.0,4.994492806583318,0.10027824259407664,0.12767064185986937,Feynman31,n,0.10303772563400601
1.0,2.0,2.278628487147007,0.22123044102833564,0.23000864101676982,Feynman31,n,0.21826238002578616
1.0,2.0,3.5157761199501194,0.14269992228888026,0.13581773186981108,Feynman31,n,0.1399901612477213
1.0,2.0,2.4003462960585087,0.20983986198888174,0.23383810543636674,Feynman31,n,0.20677417000456794
1.0,2.0,4.416602993929075,0.11345240545525162,0.03985754278177257,Feynman31,n,0.1116833573747254
1.0,2.0,1.8788040993496842,0.26937262103352927,0.27880994603270215,Feynman31,n,0.26863648705606363
1.0,2.0,2.406675418262046,0.2092798094320102,0.18504420725073975,Feynman31,n,0.20621380374771056
1.0,2.0,2.9415745252738676,0.17080632493129524,0.15084039172749428,Feynman31,n,0.1682984472576513
1.0,2.0,3.523417247630645,0.14238834243033938,0.12064901686459978,Feynman31,n,0.13966932495111162
1.0,2.0,1.899060750995523,0.26642892901347925,0.2487309802615552,Feynman31,n,0.26549112795518454
1.0,2.0,2.3495465998322436,0.2144468852434632,0.19501389895922216,Feynman31,n,0.2113993862492929
1.0,2.0,4.3786900294337165,0.11443902719811379,0.15143506329457201,Feynman31,n,0.11247432530032145
1.0,2.0,4.701139376217144,0.10655873934315642,0.06786262079059463,Feynman31,n,0.10676487794267503
1.0,2.0,2.741054483887403,0.1834385977806056,0.1871646653985706,Feynman31,n,0.18069801426135737
1.0,2.0,4.981107565130385,0.10054862103351206,0.08594404662729797,Feynman31,n,0.10319458639475522
1.0,2.0,4.879463259213448,0.10265046527195712,0.04438625496227821,Feynman31,n,0.10440589687575232
1.0,2.0,3.3687352285837098,0.14897408242150373,0.1440357553840202,Feynman31,n,0.14642699861555597
1.0,2.0,2.839902461105042,0.17698490791910476,0.1350290670301085,Feynman31,n,0.17437216924115373
1.0,2.0,4.206209663287849,0.11915361687003348,0.17915114320221714,Feynman31,n,0.11651703345842421
1.0,2.0,4.128457123097291,0.12140866170573883,0.13986683494329327,Feynman31,n,0.11858224168588445
1.0,2.0,1.44886471466546,0.3523429657628813,0.31467101204818837,Feynman31,n,0.3572066489335035
1.0,2.0,4.248128602978689,0.11797234081030754,0.11115494968881572,Feynman31,n,0.11546651176571185
1.0,2.0,4.884876560938105,0.10253630994668224,0.10716778777059519,Feynman31,n,0.1043398543489956
1.0,2.0,4.0811767516245485,0.12282225331271804,0.09290843205748794,Feynman31,n,0.11991212136164253
1.0,2.0,4.257629283372001,0.11770786765993199,0.1345843402771708,Feynman31,n,0.11523452879601308
1.0,2.0,4.2257815739374,0.11859914289874597,0.10599091920729418,Feynman31,n,0.1160210687510794
1.0,2.0,2.9432206923087665,0.1707098523537001,0.1461120236929976,Feynman31,n,0.168203367628459
1.0,2.0,3.4641603555092595,0.14484102362511125,0.12897365637733083,Feynman31,n,0.1421924969786825
1.0,2.0,4.720391858436507,0.10612248900864885,0.08312712048507218,Feynman31,n,0.10648894500138471
1.0,2.0,1.8165589701026157,0.2788452388313878,0.23774042097888537,Feynman31,n,0.27878989805779086
1.0,2.0,2.881215535287471,0.17442091449617173,0.11485751931174978,Feynman31,n,0.17185494122778117
1.0,2.0,1.0331794563450183,0.5051549390919943,0.5467059915540855,Feynman31,n,0.4999542833885075
1.0,2.0,1.9061656158001274,0.2654118233231203,0.3166241768552797,Feynman31,n,0.2644056576294965
1.0,2.0,2.019838309207668,0.25014512200996175,0.1997036180772051,Feynman31,n,0.24821334550812021
1.0,2.0,4.78778420559619,0.10462320619431835,0.10515801296027635,Feynman31,n,0.10556767447043885
1.0,2.0,1.2002131600578623,0.4296940291560832,0.3758368622605555,Feynman31,n,0.43397004007425827
1.0,2.0,2.3418252391444874,0.21516504794295355,0.21912572980307823,Feynman31,n,0.21212295050451738
1.0,2.0,3.5870793794769504,0.1398445310740616,0.16448564684747757,Feynman31,n,0.13704810807049603
1.0,2.0,3.015911937907967,0.16655634029373914,0.19927195947921417,Feynman31,n,0.164100095801467
1.0,2.0,3.248890491525468,0.15451277077509987,0.09003996306809789,Feynman31,n,0.1520555082287676
1.0,2.0,2.8242639747642366,0.17797535711558582,0.2283569307156732,Feynman31,n,0.17534367651504784
1.0,2.0,1.0298017617163766,0.5069697098752097,0.5369707303011281,Feynman31,n,0.5014270182901276
1.0,2.0,2.650290967601471,0.1897959679881026,0.15651466177752907,Feynman31,n,0.18693152804262633
1.0,2.0,2.4425511378854945,0.20616129893379267,0.2626244937848881,Feynman31,n,0.2031007654811256
1.0,2.0,4.108084278872749,0.1220137507112507,0.14270341028659375,Feynman31,n,0.11914842754542941
1.0,2.0,2.8208170470025817,0.17819516606929103,0.20020666887284272,Feynman31,n,0.1755592294828605
1.0,2.0,2.6484191904096206,0.1899317427798018,0.15948925509666423,Feynman31,n,0.18706481553647977
1.0,2.0,2.9143698731090253,0.17241665698742678,0.2162933577668394,Feynman31,n,0.16988423943095926
1.0,2.0,3.633978173986604,0.13802812202825787,0.1545553172746021,Feynman31,n,0.13517623556200364
1.0,2.0,1.5742009213681452,0.32322000061601086,0.3073747388896258,Feynman31,n,0.3264555297589371
1.0,2.0,2.3296986803835016,0.21630277745380985,0.2423965583327654,Feynman31,n,0.2132706818814961
1.0,2.0,3.804351421433091,0.13180978907059102,0.165780172476746,Feynman31,n,0.12880134890027956
1.0,2.0,3.660187038344332,0.1370335117880598,0.19712830257130176,Feynman31,n,0.13415204025301808
1.0,2.0,1.2975766019077666,0.39556942678409923,0.39375969367795155,Feynman31,n,0.40114351051995695
1.0,2.0,2.5470758290593976,0.1975866789553225,0.19036338576539547,Feynman31,n,0.19459871277734295
1.0,2.0,2.2953764555765823,0.21958969855200247,0.27824364990533396,Feynman31,n,0.2165965546014799
1.0,2.0,4.506769167089619,0.11117308721641089,0.06363161638934092,Feynman31,n,0.10993761885623093
1.0,2.0,2.866429475582035,0.17532994877774027,0.18410287686118298,Feynman31,n,0.1727478260787073
1.0,2.0,1.3224066748393422,0.38774147284624566,0.3723372910489318,Feynman31,n,0.39336921448780937
1.0,2.0,1.5328417671575152,0.3322719267630474,0.3375620952011407,Feynman31,n,0.3360881292883731
1.0,2.0,2.8351686331289443,0.17728354890944664,0.13652711575700732,Feynman31,n,0.1746651420234359
1.0,2.0,1.7680358671366316,0.2867117013464082,0.29912984532010917,Feynman31,n,0.2872471551893473
1.0,2.0,2.1960331966040494,0.2296977898304905,0.18033788905785703,Feynman31,n,0.22691907874100795
1.0,2.0,3.2484703227093985,0.15453291662075927,0.0880391208602622,Feynman31,n,0.1520758746552064
1.0,2.0,1.778312743396329,0.2850082747306851,0.25627456638404195,Feynman31,n,0.2854145153248668
1.0,2.0,1.8691697226268484,0.27079593185766965,0.28711296736923597,Feynman31,n,0.27015919729251414
1.0,2.0,1.909616874301474,0.2649205860889365,0.2907154967405743,Feynman31,n,0.263881657507249
1.0,2.0,3.139665882331774,0.15993355947832616,0.15965027801153814,Feynman31,n,0.1575078800113534
1.0,2.0,1.73983709801468,0.29149369241303497,0.24215065783043763,Feynman31,n,0.2923940788053122
1.0,2.0,3.6586399506912683,0.13709182328310696,0.12038327106946159,Feynman31,n,0.13421206114450335
1.0,2.0,3.6405029406896916,0.13777915947614436,0.1442254107257505,Feynman31,n,0.13491979088849945
1.0,2.0,1.0905212186270252,0.4763024874438053,0.46445275407357955,Feynman31,n,0.4758215349959977
1.0,2.0,2.300518660168799,0.21909084677502544,0.1971637731496041,Feynman31,n,0.21609082334386787
1.0,2.0,4.745933436112841,0.10554922469818023,0.053655870058821276,Feynman31,n,0.10613195348814033
1.0,2.0,4.3384730233076345,0.11550458096525491,0.034024946576837314,Feynman31,n,0.11335129725811867
1.0,2.0,2.3073376890120794,0.21843283822004425,0.24251385384872642,Feynman31,n,0.21542427165523728
1.0,2.0,1.356973271601154,0.3773595594182041,0.41495580782329866,Feynman31,n,0.38292752976022476
1.0,2.0,1.1501940680468117,0.44971540017677736,0.45163517640778633,Feynman31,n,0.4523800907065546
1.0,2.0,3.454712246296662,0.1452399467592617,0.11794097501176358,Feynman31,n,0.14260227439237433
1.0,2.0,3.1266371619983437,0.160605781324827,0.14416061289074977,Feynman31,n,0.15818025742413394
1.0,2.0,4.810212967727255,0.10413360041408105,0.0889415908050649,Feynman31,n,0.10527485103204925
1.0,2.0,4.778623164967726,0.10482451524504513,0.13805831544753822,Feynman31,n,0.10568912863961505
1.0,2.0,2.201038380142423,0.2291661033350063,0.20663079549083513,Feynman31,n,0.22637256883327095
1.0,2.0,1.9825880696616296,0.25494853360929143,0.2613274149125413,Feynman31,n,0.25328537604555496
1.0,2.0,1.78600502960023,0.28374662909963566,0.3038035451024819,Feynman31,n,0.2840575492579945
1.0,2.0,1.5890967041347297,0.32008175203359396,0.3359540514027183,Feynman31,n,0.3231035959450383
1.0,2.0,2.4541224273240623,0.20517533144555722,0.19794791758736194,Feynman31,n,0.20211900087821777
1.0,2.0,1.4077435951582329,0.36310481414328405,0.4126233756777848,Feynman31,n,0.36836253964362303
1.0,2.0,3.5785112189308084,0.14018157390389566,0.18738140790542823,Feynman31,n,0.1373955086116774
1.0,2.0,4.867408801137572,0.10290558595394429,0.051460647635441684,Feynman31,n,0.10455382934935185
1.0,2.0,4.729603860360765,0.10591501365125347,0.09420016937981109,Feynman31,n,0.10635902521104593
1.0,2.0,1.414281605667283,0.3613489395088144,0.37111633531444543,Feynman31,n,0.36655131653426476
1.0,2.0,3.7762878370927826,0.13279511410349848,0.09021660060819393,Feynman31,n,0.12980508570010751
1.0,2.0,3.5347698735489974,0.14192793291535502,0.13797198213813733,Feynman31,n,0.13919511555944541
1.0,2.0,4.861080190580388,0.10304003395422302,0.03204916903780229,Feynman31,n,0.10463200038076789
1.0,2.0,4.484305167707797,0.11173232892820627,0.11159692379953429,Feynman31,n,0.11035512803775942
1.0,2.0,2.9432470855260577,0.1707083064879386,0.15929613154658812,Feynman31,n,0.16820184400842583
1.0,2.0,3.221862262066438,0.15581952784181913,0.1258814551345021,Feynman31,n,0.15337495637353948
1.0,2.0,1.1139630631138835,0.46547567196247747,0.41913533272618125,Feynman31,n,0.46641510057289587
1.0,2.0,4.210045777757116,0.11904453030129122,0.13103697138172035,Feynman31,n,0.11641906723516818
1.0,2.0,2.374465257747305,0.2121618093239671,0.17307214531175558,Feynman31,n,0.2091017645756971
1.0,2.0,4.410489759903325,0.11361033768644406,0.14745332406993317,Feynman31,n,0.11180857443626638
1.0,2.0,4.602042482677307,0.10886230461600578,0.15045079121366317,Feynman31,n,0.10828867523743885
1.0,2.0,2.7430852560182615,0.18330125147311177,0.14419281832932218,Feynman31,n,0.1805634363791691
1.0,2.0,3.517399220954084,0.1426336232054982,0.09981021399145207,Feynman31,n,0.13992189858672463
1.0,2.0,2.156298985617722,0.23400867158244984,0.23110732850307117,Feynman31,n,0.23136435863151872
1.0,2.0,2.5800794834556635,0.19502644565478608,0.23955116614219996,Feynman31,n,0.19207414765804706
1.0,2.0,3.3733119676046193,0.14877045640048453,0.18482459499212317,Feynman31,n,0.14621900387553072
1.0,2.0,4.445993925696143,0.11269920850440501,0.16498854923787168,Feynman31,n,0.11109365867373715
1.0,2.0,2.108384781018442,0.2394294215913656,0.25964486457334834,Feynman31,n,0.23698901463021516
1.0,2.0,4.785421342622102,0.1046750546970965,0.08420788638646491,Feynman31,n,0.10559889466533137
1.0,2.0,1.3361013626126153,0.383558863986586,0.3842548536185768,Feynman31,n,0.3891801091534552
1.0,2.0,2.4285694066932275,0.20736546666727318,0.13906577243462817,Feynman31,n,0.20430139090598765
1.0,2.0,2.2790646576911184,0.22118739731553258,0.17589669691628212,Feynman31,n,0.21821863009617046
1.0,2.0,3.560963856578719,0.14087694146080018,0.14393583497230622,Feynman31,n,0.13811219972037525
1.0,2.0,4.526312708539846,0.11069109380598231,0.08234349584673933,Feynman31,n,0.10958352568601208
1.0,2.0,4.6841918629421855,0.10694574518508193,0.09606464176004144,Feynman31,n,0.10701289165395013
1.0,2.0,1.010051890557282,0.5178625363022193,0.48433841480378487,Feynman31,n,0.5101555338291753
1.0,2.0,3.9161867994238637,0.1280246580213377,0.08691237390093441,Feynman31,n,0.12498655546229119
1.0,2.0,2.4441841673163984,0.20602157348733716,0.1394459821055563,Feynman31,n,0.20296156501911627
1.0,2.0,2.2373964905338717,0.22537718639808962,0.18388182496657574,Feynman31,n,0.22248934744063584
1.0,2.0,1.6735925600500225,0.3033914724606691,0.31298518616657145,Feynman31,n,0.3051995497876945
1.0,2.0,2.2329167780451353,0.22583718043627085,0.16676807119430287,Feynman31,n,0.22295972490416457
1.0,2.0,3.16323011823123,0.1587319997651513,0.15086133075165098,Feynman31,n,0.15630403646118995
1.0,2.0,4.775455431511044,0.10489430522694261,0.09306423717668454,Feynman31,n,0.10573138595300671
1.0,2.0,1.366431376454774,0.3746175783528888,0.3882352653859422,Feynman31,n,0.38014578380993685
1.0,2.0,1.4691880657840466,0.3472614733766761,0.323762894430344,Feynman31,n,0.35189580157759853
1.0,2.0,1.0349999371481733,0.5041824922004993,0.48869371494106084,Feynman31,n,0.49916292930960404
1.0,2.0,3.599009152582417,0.13937795275228268,0.21020584563490688,Feynman31,n,0.13656719680069435
1.0,2.0,4.554413855065658,0.11000534267510464,0.12983775314445611,Feynman31,n,0.10908896262276237
1.0,2.0,3.796348458583643,0.132089278774484,0.1746028634510824,Feynman31,n,0.12908570468844843
1.0,2.0,3.0218478458575864,0.16622611844119933,0.2222291888966121,Feynman31,n,0.16377295874189396
1.0,2.0,4.892978566853248,0.10236592984233336,0.05401525743988536,Feynman31,n,0.10424143295994308
1.0,2.0,4.245768107882608,0.11803823544491289,0.13492122054155486,Feynman31,n,0.11552449897017199
1.0,2.0,1.5210189016335898,0.33495536186902436,0.3562607661478953,Feynman31,n,0.33893218828350624
1.0,2.0,1.2392455641945652,0.4153074729373835,0.4008647861999027,Feynman31,n,0.4203480058608841
1.0,2.0,3.3026204860270867,0.15197931795605576,0.1297772713859808,Feynman31,n,0.14948810433661996
1.0,2.0,2.6171024326545815,0.19223274343045363,0.196964112840703,Feynman31,n,0.18932518931654363
1.0,2.0,4.50519511999401,0.11121209031592964,0.12076575948627227,Feynman31,n,0.10996650538757258
1.0,2.0,3.2957575477403465,0.15229826003424382,0.17561269305559557,Feynman31,n,0.14981199526975805
1.0,2.0,3.152677272439894,0.15926784858736176,0.12675135016888794,Feynman31,n,0.15684122540122142
1.0,2.0,4.963235653370828,0.10091191421055358,0.08145131557047094,Feynman31,n,0.10340444829888748
1.0,2.0,2.688525038834361,0.18706466970923052,0.20712497048843792,Feynman31,n,0.1842519812330655
1.0,2.0,1.894296254373086,0.26711542964026214,0.2664204915218207,Feynman31,n,0.2662241644429817
1.0,2.0,2.4391564189906774,0.2064523700792993,0.24731415306079035,Feynman31,n,0.20339081860396435
1.0,2.0,3.382660207828214,0.14835627041799826,0.12120322817767479,Feynman31,n,0.14579571448046205
1.0,2.0,1.8400614607504928,0.27519027131698626,0.268439308435192,Feynman31,n,0.27486726871994815
1.0,2.0,3.0624319487154423,0.16400314562839824,0.15184908741336978,Feynman31,n,0.16156676281139185
1.0,2.0,4.973929768414962,0.10069421314820588,0.09890952477586908,Feynman31,n,0.10327879495831253
1.0,2.0,1.9674461784649329,0.2569548458905411,0.27226381990978804,Feynman31,n,0.2554104805626372
1.0,2.0,4.539947115406835,0.11035730719717463,0.15069676483892333,Feynman31,n,0.10934144452035244
1.0,2.0,2.4732039702450237,0.2035700134355445,0.1817900201193344,Feynman31,n,0.2005229626946305
1.0,2.0,3.6712177880932284,0.13661918818820504,0.03683969499656625,Feynman31,n,0.13372568019902517
1.0,2.0,2.2592285848116807,0.22316216973503133,0.25905269760391336,Feynman31,n,0.22022847874418033
1.0,2.0,4.086116814782291,0.12267301293952454,0.16521335556532377,Feynman31,n,0.11977055728943314
1.0,2.0,3.429777534953075,0.1463034215971721,0.11047522218501687,Feynman31,n,0.14369367039213113
1.0,2.0,3.555821733327348,0.141082027058217,0.09968217989910808,Feynman31,n,0.13832355104777
1.0,2.0,4.5926084509678615,0.10908681743102543,0.12171407607983563,Feynman31,n,0.10844350077791434
1.0,2.0,3.193058376180547,0.15723678774752067,0.18407999169271053,Feynman31,n,0.15480228972151514
1.0,2.0,1.5904651614506813,0.3197965556043715,0.33110164982254403,Feynman31,n,0.32279870084255313
1.0,2.0,4.086711565173382,0.12265506992118642,0.14164279240573585,Feynman31,n,0.11975355497652947
1.0,2.0,1.8565152838984487,0.2726887200169337,0.3027795847731548,Feynman31,n,0.2721859177827805
1.0,2.0,1.9006694122478098,0.266197948455644,0.3180834431934073,Feynman31,n,0.26524456039351374
1.0,2.0,4.692406719801649,0.10675780326922117,0.10371060887255175,Feynman31,n,0.10689206266827657
1.0,2.0,3.9459191193308203,0.12705475333764082,0.08749840133369258,Feynman31,n,0.12402285488753206
1.0,2.0,3.0080925058701924,0.16699336227483344,0.11386781820919628,Feynman31,n,0.1645328125278698
1.0,2.0,2.7731451832377494,0.18129214630132587,0.1937184470912331,Feynman31,n,0.1785948327309864
1.0,2.0,1.1669585033687913,0.4427924225390872,0.47158190434745884,Feynman31,n,0.4460872655295287
1.0,2.0,1.6052761812119676,0.3167426264516291,0.29590842922765076,Feynman31,n,0.3195311209099366
1.0,2.0,3.2759289145110495,0.1532273555397964,0.1304183745344091,Feynman31,n,0.1507544037867077
1.0,2.0,3.7558297967781975,0.1335227678795053,0.11873335354640044,Feynman31,n,0.13054840284234767
1.0,2.0,1.705647027145122,0.2975135376370682,0.31044311305216893,Feynman31,n,0.2988747044431879
1.0,2.0,1.9875110663485986,0.254303041539211,0.29674161422428097,Feynman31,n,0.2526024642216242
1.0,2.0,1.6975971633994464,0.2989678000715756,0.2855361271253819,Feynman31,n,0.300439995398295
1.0,2.0,3.787173863622482,0.13241115184914307,0.09256165569920688,Feynman31,n,0.12941353940757658
1.0,2.0,4.52291851103524,0.11077450260374595,0.10160145157431266,Feynman31,n,0.10964441931424564
1.0,2.0,4.575331882699452,0.10950038310903262,0.14894771491758793,Feynman31,n,0.10873171846501666
1.0,2.0,1.4966216651945947,0.34063510076611153,0.3453560655077113,Feynman31,n,0.34493231375653766
1.0,2.0,4.123253098622236,0.12156265233799346,0.11364027570669799,Feynman31,n,0.11872587982720895
1.0,2.0,4.1208530800409475,0.12163380254933366,0.052684638840658105,Feynman31,n,0.1187923520847638
1.0,2.0,3.6431858732020723,0.13767704925920837,0.14668989576456887,Feynman31,n,0.13481462517729298
1.0,2.0,3.9178735307467267,0.12796923765020746,0.11082346391493993,Feynman31,n,0.12493131158753491
1.0,2.0,4.558495037696746,0.10990645714671579,0.12278692262708907,Feynman31,n,0.10901854126038049
1.0,2.0,3.155455755393205,0.1591264116464241,0.16202829380755795,Feynman31,n,0.1566994853731788
1.0,2.0,4.146277119572946,0.12088430563459825,0.15225079015289888,Feynman31,n,0.11809552538727126
1.0,2.0,1.2418408861217518,0.4143861066498282,0.38901633189038726,Feynman31,n,0.4194646314108966
1.0,2.0,3.4471136527956743,0.14556238223750306,0.1518714077605374,Feynman31,n,0.14293333572966846
1.0,2.0,2.5595320212059187,0.19661248852298846,0.26614215383575934,Feynman31,n,0.19363743749124107
1.0,2.0,4.1148853384184445,0.12181108283963217,0.17441912005298718,Feynman31,n,0.11895826297134464
1.0,2.0,4.61658236381103,0.10851808945138741,0.07633566266469297,Feynman31,n,0.10805352863512645
1.0,2.0,1.3683063887979516,0.37407884767283495,0.3780493933433938,Feynman31,n,0.37959809585049825
1.0,2.0,2.5272956669061952,0.19915380350097192,0.24322997734340165,Feynman31,n,0.19614687861408298
1.0,2.0,3.5058552484794845,0.1431065100003944,0.12668277165759578,Feynman31,n,0.14040871411123204
1.0,2.0,3.1834113514774387,0.15771726322058394,0.12565160699585975,Feynman31,n,0.1552853186072058
1.0,2.0,3.4503587488958503,0.1454245056048186,0.14868555072090373,Feynman31,n,0.1427917871070299
1.0,2.0,1.8213346659664835,0.27809460445460976,0.3680906979144463,Feynman31,n,0.2779838614228006
1.0,2.0,2.331958464575213,0.21608984291116337,0.2615027031697566,Feynman31,n,0.21305574015979895
1.0,2.0,3.3113950217083112,0.15157348619361782,0.192643731073529,Feynman31,n,0.1490756978792737
1.0,2.0,4.058620182745301,0.12350834420751494,0.12022438245693362,Feynman31,n,0.12056623473852482
1.0,2.0,2.125695331554405,0.2374419816782112,0.23028848510249728,Feynman31,n,0.2349224135954219
1.0,2.0,2.7473136504963924,0.18301593706432123,0.16661260728703897,Feynman31,n,0.1802838756778039
1.0,2.0,3.7891718614793395,0.1323409219892183,0.1023925155296484,Feynman31,n,0.12934197712082587
1.0,2.0,2.482194271704578,0.20282240072383256,0.20143415573225917,Feynman31,n,0.19978067309048556
1.0,2.0,1.2432879834475328,0.4138742038390347,0.443381552181362,Feynman31,n,0.41897327279898117
1.0,2.0,4.111015514011445,0.12192631865831556,0.1982855625784339,Feynman31,n,0.11906632535318806
1.0,2.0,3.413079158710975,0.14702439573861434,0.12362169766163106,Feynman31,n,0.14443266453056397
1.0,2.0,1.2285704038406728,0.4191422308674014,0.40971631009365456,Feynman31,n,0.4240105654535081
1.0,2.0,2.184193463268523,0.2309654577982268,0.20303978699243985,Feynman31,n,0.22822365275854964
1.0,2.0,1.7024024048283848,0.29809796800301214,0.28910603567548265,Feynman31,n,0.29950378045849535
1.0,2.0,3.409916289022249,0.14716176088238414,0.1264048337356412,Feynman31,n,0.14457337458638272
1.0,2.0,3.8547391147411414,0.1300769714726581,0.053040304460076806,Feynman31,n,0.127045712970199
1.0,2.0,4.192747890273981,0.11953801644170031,0.023349902813489892,Feynman31,n,0.11686373891404257
1.0,2.0,2.185290742609766,0.23084737977971473,0.16163790286170343,Feynman31,n,0.2281020443766206
1.0,2.0,2.998159931760428,0.1675518198589454,0.15875114444334318,Feynman31,n,0.16508540893704227
1.0,2.0,4.857736815285426,0.10311120437970231,0.04831773559354601,Feynman31,n,0.10467344520846023
1.0,2.0,2.203537344186853,0.22890157404338016,0.2557463104347214,Feynman31,n,0.22610080942322816
1.0,2.0,2.382816998792695,0.2114068842734004,0.22659794851966103,Feynman31,n,0.20834422756165044
1.0,2.0,3.196567491957786,0.15706274262249498,0.19803947717234324,Feynman31,n,0.1546272126429096
1.0,2.0,2.4809133791041273,0.20292857878434972,0.1633275824806285,Feynman31,n,0.1998860571761917
1.0,2.0,4.740806075130062,0.10566380668969602,0.027213411250016473,Feynman31,n,0.10620281565300964
1.0,2.0,2.5239114595996797,0.19942443525246478,0.16097355651605683,Feynman31,n,0.19641447324239764
1.0,2.0,1.568891101102519,0.32435389193560044,0.3196956255522732,Feynman31,n,0.32766517474794093
1.0,2.0,3.3503886931726723,0.14979599565412333,0.13756166280953563,Feynman31,n,0.1472658136150105
1.0,2.0,3.8892133306838654,0.1289175019127574,0.10779818380006276,Feynman31,n,0.12587930713477313
1.0,2.0,2.0763935093642494,0.24319222535365495,0.2909761835459152,Feynman31,n,0.24091514433448694
1.0,2.0,2.5932201955126053,0.1940255571005011,0.19898032454896566,Feynman31,n,0.19108864453950972
1.0,2.0,2.4879490292043345,0.2023467444221338,0.1786717040277581,Feynman31,n,0.19930872608774203
1.0,2.0,3.5871918277350874,0.13984011854513312,0.12651339282711033,Feynman31,n,0.1370435599241773
1.0,2.0,1.8538844329257294,0.2730856009467102,0.21365691064932793,Feynman31,n,0.272611120470544
1.0,2.0,3.3093639297836006,0.15166723273365568,0.18267610986024257,Feynman31,n,0.14917099067569362
1.0,2.0,2.651419777791025,0.18971418083839292,0.1504095145100022,Feynman31,n,0.18685124356892194
1.0,2.0,2.132150238856961,0.2367093899553473,0.1747306145636337,Feynman31,n,0.23416191498882596
1.0,2.0,4.576793523246634,0.10946527279499907,0.04992868169745756,Feynman31,n,0.10870709724838565
1.0,2.0,3.729569146896984,0.13446861618910388,0.14780353054994044,Feynman31,n,0.1315168173743399
1.0,2.0,3.58537410996321,0.13991148101005704,0.10662042722088357,Feynman31,n,0.13711711570724863
1.0,2.0,4.362802568131643,0.11485760410104402,0.11150891605884312,Feynman31,n,0.11281606569071634
1.0,2.0,1.3947428348234312,0.36664883629682243,0.35086813131544375,Feynman31,n,0.37200716289949765
1.0,2.0,4.370435261383141,0.11465612801608864,0.0809973415754956,Feynman31,n,0.11265112269680566
1.0,2.0,4.558349099570714,0.10990999010165292,0.11586238098481716,Feynman31,n,0.10902105337081143
1.0,2.0,2.1436264795014734,0.235418118295705,0.21080320999623353,Feynman31,n,0.23282314892219033
1.0,2.0,3.9722521042182297,0.12620796174959428,0.1170789310646835,Feynman31,n,0.123187280167603
1.0,2.0,3.656639015582489,0.1371673146795865,0.2041270666793213,Feynman31,n,0.1342897708114747
1.0,2.0,4.805080252745961,0.10424523884089941,0.11301610370925902,Feynman31,n,0.10534131373500419
1.0,2.0,4.210482704487142,0.11903211823145374,0.10526383938615183,Feynman31,n,0.11640793246226262
1.0,2.0,1.6747611526196002,0.3031730397587241,0.2140767770376914,Feynman31,n,0.30496461649537526
1.0,2.0,1.305743188995494,0.392959148597803,0.38776646691799393,Feynman31,n,0.39856080218398976
1.0,2.0,3.9102589393058844,0.12821981018417183,0.11513021062892899,Feynman31,n,0.125181249759333
1.0,2.0,3.0645038636194584,0.1638912589793813,0.17773988907474686,Feynman31,n,0.16145552827668386
1.0,2.0,3.52363435667571,0.14237950938965313,0.10772486834215136,Feynman31,n,0.13966022847483697
1.0,2.0,4.808134297052856,0.1041787833862163,0.08983828351289035,Feynman31,n,0.10530172924590894
1.0,2.0,4.902188090871113,0.1021729468539679,0.09297191153808719,Feynman31,n,0.1041301376880447
1.0,2.0,3.1967759131437927,0.15705241752049678,0.18057046896582715,Feynman31,n,0.15461682452640177
1.0,2.0,3.334115176896369,0.15053269564178517,0.15064745652772993,Feynman31,n,0.1480166415264738
1.0,2.0,1.7015154126974825,0.29825814174369036,0.3467003258413302,Feynman31,n,0.29967618432907894
1.0,2.0,4.546143011341691,0.11020628994498352,0.12603545322666293,Feynman31,n,0.1092327621997441
1.0,2.0,3.8588901118270162,0.12993625479324925,0.08401553260764541,Feynman31,n,0.1269037652560804
1.0,2.0,4.191435875364283,0.11957561390016515,0.18378630388016037,Feynman31,n,0.11689777275579089
1.0,2.0,4.863407740225853,0.10299054548997788,0.14172363750885075,Feynman31,n,0.1046032085159392
1.0,2.0,2.1355153334063504,0.23632927997098818,0.1181872780924573,Feynman31,n,0.23376759867903202
1.0,2.0,2.6877334855468065,0.18712041338139654,0.15367396667002137,Feynman31,n,0.1843066405074002
1.0,2.0,2.2224254027190042,0.2269219247612704,0.2487171598757356,Feynman31,n,0.2240701244039192
1.0,2.0,2.7010469024630237,0.1861872645826334,0.19636443886975077,Feynman31,n,0.18339176664291756
1.0,2.0,3.7879742333638333,0.13238300978491346,0.0929676934669872,Feynman31,n,0.12938486133746885
1.0,2.0,2.1217340183497044,0.23789383789527357,0.29224229052727474,Feynman31,n,0.23539182642051545
1.0,2.0,2.7229765005626634,0.18467044389479648,0.14667259129181093,Feynman31,n,0.1819051036757647
1.0,2.0,3.1079167523978395,0.16158166550505823,0.16055145825830008,Feynman31,n,0.1591549741746063
1.0,2.0,1.6718116949784818,0.3037249669004961,0.2944242035351936,Feynman31,n,0.3055582165209529
1.0,2.0,3.65859749479436,0.13709342419605433,0.12115529265318237,Feynman31,n,0.13421370903839835
1.0,2.0,4.846711930048972,0.10334659057018877,0.07558307005512485,Feynman31,n,0.10481086390270684
1.0,2.0,1.7319622863374748,0.29285818212043113,0.2817066605989555,Feynman31,n,0.29386302932539665
1.0,2.0,2.1839144262602543,0.23099550436344107,0.22654973639911488,Feynman31,n,0.22825460070431933
1.0,2.0,4.316490753476342,0.11609545271624916,0.12341508573250319,Feynman31,n,0.1138473630246799
1.0,2.0,4.213978203248714,0.11893291258674452,0.14382854947191756,Feynman31,n,0.11631902443747046
1.0,2.0,2.127656511530519,0.23721891614337232,0.20018633752447196,Feynman31,n,0.23469077752919218
1.0,2.0,2.2519595433769712,0.2238947711121006,0.2494398162840874,Feynman31,n,0.2209754842849763
1.0,2.0,1.0940254121753008,0.4746506839627372,0.4606448906025693,Feynman31,n,0.47439883190711823
1.0,2.0,2.2047445939378387,0.22877400057182098,0.22145428998642916,Feynman31,n,0.22596978359582978
1.0,2.0,1.9819367981846954,0.25503417516072385,0.2871920851459719,Feynman31,n,0.25337601201483745
1.0,2.0,1.711048695140871,0.2965457210497561,0.27612373575640176,Feynman31,n,0.297832891090171
1.0,2.0,2.211326099038491,0.22808103024113963,0.22138440741926083,Feynman31,n,0.22525845302866046
1.0,2.0,3.376371531410467,0.14863464311960062,0.13639724379533197,Feynman31,n,0.14608023745327503
1.0,2.0,2.9538069204464423,0.17009206036384616,0.1590779555002531,Feynman31,n,0.167594274360204
1.0,2.0,4.9179485801828635,0.10184437582929483,0.09378744166896975,Feynman31,n,0.10394097299623167
1.0,2.0,2.175795852756912,0.2318731761297171,0.25079957877058895,Feynman31,n,0.22915914347318592
1.0,2.0,3.3187983799591336,0.15123276143631306,0.09444801937811134,Feynman31,n,0.14872921468716482
1.0,2.0,4.040725255709575,0.12405813559666476,0.09221352267316582,Feynman31,n,0.12109416263153436
1.0,2.0,3.475433927830556,0.14436789295715172,0.13638667839544408,Feynman31,n,0.14170624554701164
1.0,2.0,4.498063331742911,0.11138915209724246,0.17300714674617226,Feynman31,n,0.1100980788416289
1.0,2.0,3.657800239210575,0.1371234938135582,0.1378505209522208,Feynman31,n,0.1342446615829157
1.0,2.0,2.3194719051511714,0.21727173783652198,0.20978896068235817,Feynman31,n,0.21424956605590795
1.0,2.0,1.2070242290629132,0.4271097116173166,0.42739046035193357,Feynman31,n,0.4315469955007383
1.0,2.0,4.979635384736564,0.10057844787705515,0.10725614643114724,Feynman31,n,0.10321185095577558
1.0,2.0,4.529891463392717,0.11060328591704333,0.09641924662644553,Feynman31,n,0.10951959351776004
1.0,2.0,4.453201888586344,0.11251601896674208,0.0805766457649154,Feynman31,n,0.11095212523459583
1.0,2.0,1.573156845699104,0.3234423203213157,0.35723742343033216,Feynman31,n,0.32669276519257534
1.0,2.0,3.705027671414736,0.135364775548785,0.12569530944695467,Feynman31,n,0.13243626536440767
1.0,2.0,1.0520287070098466,0.4952733828378012,0.42842909966866843,Feynman31,n,0.4918416610591372
1.0,2.0,4.962634380042786,0.10092418238824709,0.023817887523819053,Feynman31,n,0.10341152143621936
1.0,2.0,2.249604172691902,0.2241331961693566,0.23905233174997711,Feynman31,n,0.2212187595209538
1.0,2.0,4.917310050963195,0.10185764658681636,0.10258760907218228,Feynman31,n,0.10394860754047554
1.0,2.0,3.049463100792541,0.16470698553988228,0.25262070999903957,Feynman31,n,0.16226606720459605
1.0,2.0,1.1007087559168882,0.47153327154924873,0.5000136495706158,Feynman31,n,0.4717016324811484
1.0,2.0,2.9136079691754087,0.1724621960033549,0.12995286723586094,Feynman31,n,0.1699290510067802
1.0,2.0,3.284195526293629,0.1528386332522519,0.11029635734426901,Feynman31,n,0.1503603120545947
1.0,2.0,4.180702141681257,0.11988409537728624,0.15809983832866986,Feynman31,n,0.11717782940723644
1.0,2.0,2.263337223477119,0.2227502207640265,0.20664312202631124,Feynman31,n,0.21980876093085983
1.0,2.0,1.1932687462353222,0.43236252569274997,0.41554625119361394,Feynman31,n,0.4364608928846173
1.0,2.0,1.9740794767732628,0.25607201067055935,0.2543832123703565,Feynman31,n,0.25447491689048496
1.0,2.0,1.7942405060569824,0.2824083905100402,0.2748039684414685,Feynman31,n,0.2826186192512528
1.0,2.0,3.165333427472902,0.15862563114480407,0.15359587626713186,Feynman31,n,0.15619733956757875
1.0,2.0,1.9827267475631323,0.2549303051154416,0.23854348835298714,Feynman31,n,0.25326608540154455
1.0,2.0,2.4987022277335473,0.20146393963427528,0.24999117167523863,Feynman31,n,0.19843345636020077
1.0,2.0,1.7021189730207937,0.2981491313370731,0.32347927767202045,Feynman31,n,0.29955885067488786
1.0,2.0,1.4955058141392632,0.3408995823503511,0.34858862737817903,Feynman31,n,0.3452110316313601
1.0,2.0,4.833993270302351,0.10361948058247139,0.10959769505132548,Feynman31,n,0.10497090558917792
1.0,2.0,4.8666341789595196,0.10292202351347286,0.06670372259767277,Feynman31,n,0.10456337823481866
1.0,2.0,1.6622551215602108,0.30552739293159287,0.3152156904566286,Feynman31,n,0.3074962361106025
1.0,2.0,3.756891245035304,0.1334848174993739,0.16946016302206893,Feynman31,n,0.13050959659376973
1.0,2.0,3.36886465489284,0.1489683163625013,0.11767734467870769,Feynman31,n,0.146421109826356
1.0,2.0,1.1795834337975268,0.43772323069641683,0.42789238599311147,Feynman31,n,0.4414304060753713
1.0,2.0,1.9017578087022646,0.2660419002874204,0.2601120494567326,Feynman31,n,0.26507800215691113
1.0,2.0,2.3415213025486876,0.2151934162447707,0.19342815908906041,Feynman31,n,0.2121515466234166
1.0,2.0,1.0496524949791253,0.4964966535170098,0.45055056120066606,Feynman31,n,0.4928545357153095
1.0,2.0,4.701585595600816,0.10654858758968692,0.1233617703997271,Feynman31,n,0.10675841352206017
1.0,2.0,4.221548298044902,0.11871863312697611,0.11556380117102832,Feynman31,n,0.1161275289579712
1.0,2.0,3.20926271158212,0.15643630407807096,0.11528402994445029,Feynman31,n,0.15399658569358654
1.0,2.0,4.413795915231082,0.11352487020409345,0.11112867790402825,Feynman31,n,0.11174074444427352
1.0,2.0,3.123302695506767,0.16077873758117853,0.22297525971013027,Feynman31,n,0.15835312599993365
1.0,2.0,3.028916571151477,0.16583458865251313,0.14771053651065563,Feynman31,n,0.16338489442561854
1.0,2.0,2.706493106575134,0.18580822825809637,0.14452650383256327,Feynman31,n,0.18302022049099248
1.0,2.0,4.817540953795306,0.10397462854366313,0.10776902043441848,Feynman31,n,0.1051805037597927
1.0,2.0,1.477812844488395,0.3451500014486873,0.31011700069747616,Feynman31,n,0.349681427857159
1.0,2.0,3.0042528025052677,0.16720880498285443,0.10122154577117928,Feynman31,n,0.16474604126301823
1.0,2.0,2.2893122110951545,0.22018095031413037,0.24911705929454933,Feynman31,n,0.21719641066598314
1.0,2.0,2.9544902515415536,0.17005233682566107,0.17592114173778864,Feynman31,n,0.1675550967565136
1.0,2.0,2.05262040463865,0.24606673876058785,0.2761355439010532,Feynman31,n,0.2439258151263485
1.0,2.0,1.3655033062454196,0.3748848222549871,0.3292217934548594,Feynman31,n,0.3804173323791815
1.0,2.0,2.5625836613139343,0.1963752947764706,0.13041000778580936,Feynman31,n,0.19340351347709864
1.0,2.0,4.766816702832418,0.10508510356153822,0.1381503876452422,Feynman31,n,0.10584732282445793
1.0,2.0,1.682707943340855,0.3016960676072722,0.3247765965593483,Feynman31,n,0.30337581684751724
1.0,2.0,1.508466023282161,0.3378533420672808,0.34201468856802597,Feynman31,n,0.34199707950945046
1.0,2.0,2.055376053937046,0.24573002680307987,0.2549648623055173,Feynman31,n,0.24357266056710325
1.0,2.0,3.6105972847714667,0.13892771716461239,0.11310787678153557,Feynman31,n,0.13610316502357558
1.0,2.0,1.782280484471051,0.284356090058896,0.2979534342008926,Feynman31,n,0.2847130121490939
1.0,2.0,3.738274379564358,0.13415358786160894,0.1345172559599259,Feynman31,n,0.13119402168876565
1.0,2.0,2.7133794688750097,0.1853311787644968,0.2072605898534971,Feynman31,n,0.18255264465354548
1.0,2.0,3.499442291813918,0.14337057210695345,0.13276146742693246,Feynman31,n,0.14068047153567986
1.0,2.0,1.2457378716983762,0.4130105411216299,0.4190597944225053,Feynman31,n,0.41814336047891676
1.0,2.0,1.8171922111071637,0.27874547109313746,0.23918586033688005,Feynman31,n,0.2786827548413713
1.0,2.0,2.7502081645719354,0.18282114183659157,0.19271964123854757,Feynman31,n,0.18009301014732718
1.0,2.0,2.4449084754194614,0.20595966121482198,0.12424540218170366,Feynman31,n,0.20289989286722923
1.0,2.0,2.292635959722414,0.2198564944051886,0.187558756260375,Feynman31,n,0.21686717249686202
1.0,2.0,2.6105324020524283,0.19272261536433752,0.16661023923064078,Feynman31,n,0.18980682298966947
1.0,2.0,3.638894992430474,0.1378404295275916,0.13692902539445373,Feynman31,n,0.13498289817638148
1.0,2.0,1.4197013560049858,0.3599065213794117,0.4269535773461338,Feynman31,n,0.36506075642543323
1.0,2.0,3.805462125849074,0.13177109334363177,0.16475195019997735,Feynman31,n,0.12876200305936528
1.0,2.0,2.2690324477990655,0.222181724567358,0.2614596338174393,Feynman31,n,0.21922993472109656
1.0,2.0,3.2690674265881614,0.15355151539737968,0.1653599361066955,Feynman31,n,0.15108281978514335
1.0,2.0,4.762439097626482,0.10518205478353919,0.1270844652836602,Feynman31,n,0.1059064692692735
1.0,2.0,2.4946193479137477,0.20179821658228156,0.13033837557457062,Feynman31,n,0.1987647817216996
1.0,2.0,3.8996493635108456,0.12857058351904638,0.10943392416556814,Feynman31,n,0.1255318248563362
1.0,2.0,2.600882381973581,0.19344670920657625,0.19054797320792743,Feynman31,n,0.19051903291881406
1.0,2.0,3.06329191559536,0.16395668744575978,0.19538184013384735,Feynman31,n,0.16152057772434358
1.0,2.0,4.726945742741803,0.10597479706608182,0.057883867128858964,Feynman31,n,0.10639637632433992
1.0,2.0,3.000598480380414,0.16741436549210656,0.11118241519590205,Feynman31,n,0.16494943396466202
1.0,2.0,4.993741165597517,0.1002933869431324,0.10550379146488802,Feynman31,n,0.10304653042876885
1.0,2.0,1.3345425786491276,0.3840302612238734,0.37832805311891887,Feynman31,n,0.38965343973345923
1.0,2.0,3.0996142672775124,0.16201829272988102,0.1519990653616741,Feynman31,n,0.1595905569837271
1.0,2.0,3.6175878957329917,0.1386575183200705,0.1526272856105313,Feynman31,n,0.13582471637864582
1.0,2.0,3.9348904857750857,0.1274127967469502,0.11183579358530701,Feynman31,n,0.12437782101317466
1.0,2.0,2.480653531702554,0.2029501321855746,0.1911955952940695,Feynman31,n,0.19990745093180742
1.0,2.0,1.1306828099236124,0.45806193621730634,0.49721239291739017,Feynman31,n,0.45986340634440054
1.0,2.0,2.054093983214872,0.24588656671637152,0.25639417747380544,Feynman31,n,0.2437368287232983
1.0,2.0,3.8805000417608007,0.129208593617601,0.12346802647469132,Feynman31,n,0.12617143029360467
1.0,2.0,4.431942922316046,0.11305803707626479,0.11624511792754443,Feynman31,n,0.11137304443394483
1.0,2.0,2.563203122872326,0.19632721643279452,0.18052522713523228,Feynman31,n,0.1933561037394551
1.0,2.0,2.158282988201696,0.23378955024736942,0.19450572960954615,Feynman31,n,0.23113780238328926
1.0,2.0,3.864580047211837,0.12974386425174708,0.12454885480826533,Feynman31,n,0.12670985888189382
1.0,2.0,2.919264393398689,0.17212468681374282,0.1918456445665309,Feynman31,n,0.16959689130349717
1.0,2.0,4.4342630056282255,0.11299863001786258,0.10214418185335603,Feynman31,n,0.11132659388454481
1.0,2.0,1.3263823043467164,0.38651760983275496,0.39593037730787217,Feynman31,n,0.3921459477163361
1.0,2.0,4.858816474532704,0.10308821090982637,0.08019666848786483,Feynman31,n,0.10466005029803506
1.0,2.0,3.676635582305521,0.1364166105929233,0.1949191606995424,Feynman31,n,0.13351729352412162
1.0,2.0,2.2772090324364043,0.22137063767683982,0.2191902108065504,Feynman31,n,0.2184048948914746
1.0,2.0,4.3461606141669336,0.11529936274411949,0.10791253836576166,Feynman31,n,0.11318061373250114
1.0,2.0,4.761444788508807,0.10520410082115186,0.07725795188794843,Feynman31,n,0.10591994124246544
1.0,2.0,4.772551158814754,0.1049583726266686,0.15451141855101072,Feynman31,n,0.10577024844221102
1.0,2.0,3.690358988018491,0.1359061630640235,0.11596487414286549,Feynman31,n,0.13299246049161018
1.0,2.0,4.957126235225456,0.10103670793475199,0.07355343715605589,Feynman31,n,0.10347636489916719
1.0,2.0,1.252425214461411,0.4106718811529885,0.42607796720722957,Feynman31,n,0.41589036750658076
1.0,2.0,2.288273393906517,0.22028255518591033,0.22656161537636027,Feynman31,n,0.21729954342407543
1.0,2.0,4.095395505299162,0.12239368228478252,0.11899456169972808,Feynman31,n,0.11950630986410474
1.0,2.0,3.3071478988935135,0.15176964815663424,0.19588928011660717,Feynman31,n,0.14927507647294483
1.0,2.0,2.07605608993531,0.24323254946106362,0.195814029449417,Feynman31,n,0.24095731157146302
1.0,2.0,2.6784450608458563,0.18777703948741062,0.19996689142300483,Feynman31,n,0.18495057118917038
1.0,2.0,1.341097033764656,0.3820560876429773,0.44230354074674694,Feynman31,n,0.387669153430294
1.0,2.0,4.1652137698923575,0.12033204519723296,0.09960913644030066,Feynman31,n,0.1175870363083543
1.0,2.0,1.3001809957631414,0.3947331170137491,0.39623737050711777,Feynman31,n,0.40031709901773943
1.0,2.0,3.562080001352532,0.1408325047572549,0.14977381607074808,Feynman31,n,0.1380664036487815
1.0,2.0,3.9016013446092543,0.12850590280463478,0.10673609180906253,Feynman31,n,0.12546712155700676
1.0,2.0,2.6025939778446996,0.19331787955901797,0.2165549603337101,Feynman31,n,0.1903922912946547
1.0,2.0,1.7984755783176372,0.2817251772186452,0.2930312092173436,Feynman31,n,0.28188418338464744
1.0,2.0,1.0814258180125536,0.4806465485285468,0.5470093272189077,Feynman31,n,0.47954178574771034
1.0,2.0,2.2392518293467307,0.2251872262414921,0.2899539969555004,Feynman31,n,0.2222951856209953
1.0,2.0,4.180918822493783,0.11987785231422857,0.12185652133466286,Feynman31,n,0.11717214733940852
1.0,2.0,2.4090945365759726,0.20906654089696228,0.1278398225636048,Feynman31,n,0.20600052127117705
1.0,2.0,2.118209156025384,0.23829737219466193,0.21969702917515996,Feynman31,n,0.23581126025371155
1.0,2.0,3.467125445617818,0.1447162829928541,0.16143517895475967,Feynman31,n,0.14206432245959377
1.0,2.0,1.6103857293056776,0.31570280514438054,0.2147258490665815,Feynman31,n,0.31841748033378253
1.0,2.0,3.8705117527538686,0.12954390621167358,0.1366383877328127,Feynman31,n,0.12650853541239862
1.0,2.0,3.145721069019435,0.15962305975105673,0.19117379498983988,Feynman31,n,0.15719703879563157
1.0,2.0,1.326003444137338,0.3866338960586268,0.3372963114356068,Feynman31,n,0.39226226658455016
1.0,2.0,3.4813801680955265,0.14411958779565734,0.12084016612931593,Feynman31,n,0.14145095299024948
1.0,2.0,3.607027060667746,0.1390661202989818,0.12957350020918063,Feynman31,n,0.13624580358485266
1.0,2.0,4.709607193670564,0.10636642151310562,0.07570856426475195,Feynman31,n,0.10664276760842954
1.0,2.0,1.1989232122789812,0.43018712691778244,0.4680969844989531,Feynman31,n,0.4344311641935006
1.0,2.0,4.215160239427103,0.11889940274670743,0.17052003831137072,Feynman31,n,0.11628902865004168
1.0,2.0,4.43775608812013,0.11290930556279555,0.10684790609632508,Feynman31,n,0.11125689684232516
1.0,2.0,3.972438858953263,0.12620199668052312,0.15086526675809583,Feynman31,n,0.12318141468441798
1.0,2.0,1.7612665669882799,0.287845068484507,0.3071411665929979,Feynman31,n,0.28846676838960206
1.0,2.0,2.0894751991735543,0.24163921365289964,0.25313547625301713,Feynman31,n,0.2392926299471674
1.0,2.0,3.519796850903403,0.14253579983361453,0.11429489666681186,Feynman31,n,0.13982117192685084
1.0,2.0,2.6710217584787888,0.18830515737845757,0.19089884147631597,Feynman31,n,0.18546859132975033
1.0,2.0,3.592874612758772,0.13961748630783216,0.17436610710481948,Feynman31,n,0.13681408618466565
1.0,2.0,1.7591210707993867,0.28820618381384516,0.306254012950511,Feynman31,n,0.2888554027299119
1.0,2.0,1.9876738427138667,0.2542817551296687,0.26502379180395674,Feynman31,n,0.25257995059268656
1.0,2.0,3.6210036870485416,0.13852587537586408,0.0920646420399261,Feynman31,n,0.1356890648170121
1.0,2.0,2.178804718758738,0.23154711367755668,0.24792026140330883,Feynman31,n,0.22882297617466268
1.0,2.0,1.0713586234103243,0.4855525720554106,0.47016851825501904,Feynman31,n,0.48370621330504077
1.0,2.0,1.65350998272122,0.3071959466161445,0.3101182786571429,Feynman31,n,0.3092895502070153
1.0,2.0,1.3164235578401677,0.38959842562571584,0.4063641756387483,Feynman31,n,0.3952212764617675
1.0,2.0,4.568178323217001,0.10967254599979886,0.12348763841756642,Feynman31,n,0.10885285871947963
1.0,2.0,2.5023704034251306,0.20116456531146212,0.22833297934792715,Feynman31,n,0.19813682593466625
1.0,2.0,2.4457520835616045,0.20588759867234946,0.1715204991733843,Feynman31,n,0.2028281156009655
1.0,2.0,4.377989460247822,0.11445742020075307,0.13011715237313914,Feynman31,n,0.11248926584232714
1.0,2.0,4.018857195402117,0.12473669421943717,0.12823787368777473,Feynman31,n,0.12175007557916236
1.0,2.0,4.064004103966205,0.12334388711478095,0.11263266229337775,Feynman31,n,0.1204089571135488
1.0,2.0,4.2189313565437905,0.11879262081016465,0.14730379862696963,Feynman31,n,0.11619356549244156
1.0,2.0,4.636886490833093,0.10804104570933826,0.0698675565522553,Feynman31,n,0.10773205693397048
1.0,2.0,4.9293576213745425,0.10160784061135977,0.14708677141400622,Feynman31,n,0.10380493967602686
1.0,2.0,3.11863198973567,0.1610216336197838,0.1816618253616375,Feynman31,n,0.1585958116501275
1.0,2.0,4.965459959334521,0.10086655618164492,0.1036935199386595,Feynman31,n,0.10337829078479073
1.0,2.0,1.2282990802222327,0.419240650944693,0.36637090919176196,Feynman31,n,0.4241042661146599
1.0,2.0,3.1268256086056048,0.16059601789907924,0.18208832367222053,Feynman31,n,0.15817049739999203
1.0,2.0,2.4623591906362328,0.20447926028934046,0.2268924180370103,Feynman31,n,0.2014265878532004
1.0,2.0,1.04412739933928,0.4993656716630318,0.5674581259516052,Feynman31,n,0.49522056836154976
1.0,2.0,4.1218975265884925,0.12160282894983558,0.08535963457718959,Feynman31,n,0.11876340678583201
1.0,2.0,4.411035308355403,0.11359622581969188,0.1474450378845027,Feynman31,n,0.11179736391659693
1.0,2.0,2.1587806939153076,0.23373464658217147,0.1919638637068663,Feynman31,n,0.23108104582078268
1.0,2.0,4.770237877350787,0.10500945905937499,0.1506072476806182,Feynman31,n,0.10580128551224217
1.0,2.0,3.76057458030295,0.13335329340809013,0.09846759343132294,Feynman31,n,0.13037513828200972
1.0,2.0,4.096988681629127,0.12234584868947214,0.15239077146617291,Feynman31,n,0.1194611540665448
1.0,2.0,2.095588882089185,0.2409202687045288,0.2763587476602021,Feynman31,n,0.238542499234546
1.0,2.0,1.9239444747448822,0.26290078914177006,0.2506315239567578,Feynman31,n,0.26172897369179876
1.0,2.0,1.1551427416572113,0.4476485077914165,0.4096602742180008,Feynman31,n,0.45050946307367434
1.0,2.0,3.487552879316116,0.1438627306987744,0.13943105139142783,Feynman31,n,0.14118679831887582
1.0,2.0,3.3658911362668973,0.14910090250214258,0.1430303314674346,Feynman31,n,0.1465565035570809
1.0,2.0,3.744726499366261,0.13392104974232366,0.0919040905383394,Feynman31,n,0.1309559064437466
1.0,2.0,3.6856216681128116,0.13608193591404663,0.14926896816785756,Feynman31,n,0.13317314384690795
1.0,2.0,4.485106366131495,0.11171228613499758,0.14219446909150335,Feynman31,n,0.11034004174133946
1.0,2.0,3.7741737429930775,0.13286993968673713,0.12466088311164392,Feynman31,n,0.12988144628994738
1.0,2.0,1.6946444048609228,0.29950486389578795,0.2781186094432497,Feynman31,n,0.30101800171305204
1.0,2.0,3.994729453259481,0.1254940585528979,0.19713852806647336,Feynman31,n,0.12248746160573334
1.0,2.0,2.88432242348124,0.17423110900121344,0.15609739186088067,Feynman31,n,0.1716684398615317
1.0,2.0,1.3916244471868535,0.367509484428098,0.3702813739013368,Feynman31,n,0.3728899583108925
1.0,2.0,1.416329041809608,0.3608026429124927,0.3905377186756218,Feynman31,n,0.36598706854267476
1.0,2.0,1.0356306925730427,0.5038464801973733,0.5103364315154302,Feynman31,n,0.4988891356490662
1.0,2.0,3.6080172823301395,0.13902770569587183,0.10364508749277873,Feynman31,n,0.1362062128424928
1.0,2.0,1.360760081628932,0.37625680023157554,0.32344706477931007,Feynman31,n,0.3818099543116169
1.0,2.0,1.267059353111434,0.4056482715245926,0.38156046521948617,Feynman31,n,0.41102272996885203
1.0,2.0,4.355211257352968,0.11505869296267353,0.0802391759782459,Feynman31,n,0.11298151872166932
1.0,2.0,2.042453786252232,0.2473171038390099,0.28223502541769224,Feynman31,n,0.24523835873054436
1.0,2.0,4.373693533696642,0.11457033674593464,0.09704404264948002,Feynman31,n,0.112581141375958
1.0,2.0,2.1013867262771964,0.24024244620884389,0.23909780875682107,Feynman31,n,0.23783585632504844
1.0,2.0,3.9705385574840433,0.12626271996497848,0.1368832446569938,Feynman31,n,0.12324113805429174
1.0,2.0,3.634957719318481,0.13799068839532302,0.13363307537630092,Feynman31,n,0.13513767416655223
1.0,2.0,4.696187081298721,0.10667153722507768,0.10440141453440024,Feynman31,n,0.10683684643792983
1.0,2.0,4.5774205498542315,0.10945021779735664,0.14993682210195505,Feynman31,n,0.10869654856612058
1.0,2.0,4.127704587427982,0.12143090555561148,0.1368568749556637,Feynman31,n,0.1186029707444238
1.0,2.0,4.4712715545488,0.112059393234986,0.09582268245786446,Feynman31,n,0.1106025966196821
1.0,2.0,1.842154266448659,0.274869513486097,0.29250789117910847,Feynman31,n,0.2745232905690789
1.0,2.0,4.193126139071809,0.11952718164142649,0.10129436402821979,Feynman31,n,0.11685393511049347
1.0,2.0,4.804444400217584,0.10425908556199835,0.13847591690340655,Feynman31,n,0.1053495694479993
1.0,2.0,2.7503979108379544,0.18280838684241885,0.17621543443872817,Feynman31,n,0.18008051248952103
1.0,2.0,2.821423342707837,0.17815646332150545,0.12595350413279993,Feynman31,n,0.17552127736836484
1.0,2.0,4.112745072778224,0.12187478877051462,0.15209410970996706,Feynman31,n,0.11901798222506156
1.0,2.0,3.9669990646516715,0.12637597922164176,0.15283618888931993,Feynman31,n,0.12335261387121979
1.0,2.0,4.95089292444548,0.10116435140270967,0.07293770070562196,Feynman31,n,0.10354985983607526
1.0,2.0,3.3123227794641616,0.15153070355059917,0.1686099411474378,Feynman31,n,0.14903220410207338
1.0,2.0,4.125248224743967,0.12150356893038514,0.18045772679141467,Feynman31,n,0.11867073147404768
1.0,2.0,1.2236631353844438,0.4209297135715242,0.4165117837288459,Feynman31,n,0.4257099860737262
1.0,2.0,2.704864362854401,0.1859214201829389,0.17953728730924556,Feynman31,n,0.18313117197651696
1.0,2.0,3.964363159651729,0.1264604572685813,0.16394391312333884,Feynman31,n,0.12343583016535711
1.0,2.0,4.867549789165794,0.10290259473975662,0.0759969717550965,Feynman31,n,0.10455209193814141
1.0,2.0,3.4061637986848425,0.14732506808485502,0.12728509750801156,Feynman31,n,0.1447406205664433
1.0,2.0,2.0337215720366624,0.24840135478800593,0.2112827787738123,Feynman31,n,0.24637793328359034
1.0,2.0,3.3636186665895864,0.14920238940610142,0.11708249560419688,Feynman31,n,0.1466601189543127
1.0,2.0,2.4223804884139954,0.20790302002087566,0.20824832846798338,Feynman31,n,0.204837938429573
1.0,2.0,4.923972489107907,0.10171934928074244,0.07660058177412117,Feynman31,n,0.10386906121966133
1.0,2.0,1.441939356959597,0.3541094652422621,0.34925079541353743,Feynman31,n,0.35904659378572545
1.0,2.0,4.29349530486301,0.11672007758645345,0.10163167784834673,Feynman31,n,0.11437905071079224
1.0,2.0,2.8754064432114737,0.17477692013185137,0.2292441366991276,Feynman31,n,0.17220468477821074
1.0,2.0,4.850134129393046,0.10327340994949023,0.09383201251722906,Feynman31,n,0.1047680818656858
1.0,2.0,4.469040533305403,0.11211557071491178,0.15451838140671065,Feynman31,n,0.11064534567821947
1.0,2.0,2.17427051661192,0.23203882689278438,0.2667626574261079,Feynman31,n,0.22932998296940793
1.0,2.0,3.6434010968383475,0.13766886460195185,0.16703608834331038,Feynman31,n,0.13480619596154378
1.0,2.0,4.887033219534475,0.10249090130223636,0.12876248441316948,Feynman31,n,0.10431360712029522
1.0,2.0,1.8342665981001192,0.2760824040260423,0.25395453810378094,Feynman31,n,0.27582422588325683
1.0,2.0,1.9668246977529864,0.25703787527319505,0.28540203965524275,Feynman31,n,0.2554985052385654
1.0,2.0,4.299253555676489,0.1165630349428035,0.10806104179830207,Feynman31,n,0.11424468328497998
1.0,2.0,1.1404064038849913,0.4538624241812475,0.47620483759898613,Feynman31,n,0.4561123962237085
1.0,2.0,4.632651096290248,0.10814020874957621,0.12856183203020177,Feynman31,n,0.10779846210303509
1.0,2.0,2.5873004874487924,0.19447516066545925,0.15874314944971793,Feynman31,n,0.19153124299513938
1.0,2.0,4.9665435606243955,0.10084447418572898,0.13588077611897087,Feynman31,n,0.10336555237478125
1.0,2.0,1.9217993748707838,0.26320120245577816,0.2749071134978901,Feynman31,n,0.26204896155097923
1.0,2.0,3.841609036145091,0.1305240938793423,0.17952633392695888,Feynman31,n,0.12749740750178656
1.0,2.0,4.090105887078012,0.12255276729084418,0.15851914281770046,Feynman31,n,0.11965668935856212
1.0,2.0,2.8190514777022444,0.1783079671476247,0.15971047234095642,Feynman31,n,0.17566983980256431
1.0,2.0,4.604063837558338,0.10881432044630251,0.17978905557055158,Feynman31,n,0.10825573407140802
1.0,2.0,2.1737965331928164,0.23209034992605515,0.17772651149981117,Feynman31,n,0.22938312743855635
1.0,2.0,4.557903922976983,0.10992076860145068,0.07637329235219315,Feynman31,n,0.10902871921030781
1.0,2.0,2.151114745421434,0.23458320257348592,0.18973691614537844,Feynman31,n,0.23195868656853244
1.0,2.0,3.0113411449276133,0.16681151886755008,0.15515074794047476,Feynman31,n,0.16435279099584246
1.0,2.0,3.1677389288716022,0.15850415541947518,0.13717415040950276,Feynman31,n,0.15607546357489918
1.0,2.0,2.745152423206368,0.18316165596221357,0.19071526823489104,Feynman31,n,0.18042665558421495
1.0,2.0,1.5749325051906071,0.32306440668116754,0.33701047541262047,Feynman31,n,0.3262894788038684
1.0,2.0,2.822239635061596,0.17810438217699107,0.18786313631981194,Feynman31,n,0.1754702054854899
1.0,2.0,2.4739806012963235,0.2035052116133624,0.15956048725976732,Feynman31,n,0.20045859746390635
1.0,2.0,2.1248271645633414,0.23754086273869846,0.21707294961486476,Feynman31,n,0.23502511426588898
1.0,2.0,4.513580246705733,0.11100463188303374,0.09914416333113155,Feynman31,n,0.10981325775866578
1.0,2.0,3.3670130178213595,0.14905085113676816,0.13746216301363617,Feynman31,n,0.1465053958897339
1.0,2.0,1.0966367075407502,0.473427542336841,0.48905515869298133,Feynman31,n,0.473342459804249
1.0,2.0,2.0141712620863106,0.25086404989321026,0.31741473461994457,Feynman31,n,0.24897099375155013
1.0,2.0,3.4634844175762285,0.1448694903846679,0.1527152868387287,Feynman31,n,0.14222174476435723
1.0,2.0,3.531309197200902,0.1420679649255144,0.10444853083188527,Feynman31,n,0.13933935900046548
1.0,2.0,2.852343768035521,0.17620482975385796,0.19366990907182605,Feynman31,n,0.17360670034605052
1.0,2.0,4.0056662417123565,0.12514961578498884,0.15288811504874159,Feynman31,n,0.12215143766962083
1.0,2.0,2.8217771934284746,0.17813388315206438,0.13519335564121396,Feynman31,n,0.17549913489123778
1.0,2.0,1.9290291091145817,0.26219147000630005,0.30098290506291364,Feynman31,n,0.26097370807856424
1.0,2.0,3.8497820248208012,0.13024541526110697,0.12141416608198889,Feynman31,n,0.1272157630204084
1.0,2.0,1.0342573913334698,0.5045786617194856,0.5263814750099401,Feynman31,n,0.49948550697828825
1.0,2.0,2.2502795690177644,0.2240647760476411,0.2084985697710595,Feynman31,n,0.2211489394045023
1.0,2.0,3.369239722057627,0.1489516093116389,0.13909586272718422,Feynman31,n,0.14640404684405173
1.0,2.0,2.124626458527713,0.23756373426314764,0.29579983954881967,Feynman31,n,0.23504887106495106
1.0,2.0,3.318031095469816,0.15126800272381077,0.09997258538178033,Feynman31,n,0.14876506161651482
1.0,2.0,3.58346686617728,0.13998643681644096,0.164126956440882,Feynman31,n,0.13719437523549863
1.0,2.0,2.0046729664220866,0.2520784307553482,0.2666287466401836,Feynman31,n,0.2502519904262232
1.0,2.0,4.705598129902231,0.10645738706690748,0.09062964512477922,Feynman31,n,0.106700432507259
1.0,2.0,1.1401628159245685,0.4539666478677214,0.4440278867591532,Feynman31,n,0.45620583672083387
1.0,2.0,3.3537639821860625,0.14964410216180118,0.19380871716413225,Feynman31,n,0.14711088611079123
1.0,2.0,1.9957974240023422,0.2532239860194981,0.20935927504260432,Feynman31,n,0.2514617503022787
1.0,2.0,3.023458109768622,0.16613676421076218,0.17699394683821779,Feynman31,n,0.16368441389079783
1.0,2.0,3.1078831459317624,0.1615834281024187,0.17585694294682894,Feynman31,n,0.15915673319728924
1.0,2.0,1.0009451765694624,0.5230536786925879,0.5505398324022471,Feynman31,n,0.514248458463702
1.0,2.0,3.9790242952423003,0.1259920143874241,0.1302824872151074,Feynman31,n,0.12297512881329407
1.0,2.0,3.946682505278075,0.1270300447472024,0.1416926857162956,Feynman31,n,0.12399839400928088
1.0,2.0,1.9121492193804408,0.2645613124014531,0.25677639943668723,Feynman31,n,0.26349852993148104
1.0,2.0,2.4814806857964395,0.20288153876523857,0.2208857910768721,Feynman31,n,0.1998393673707639
1.0,2.0,1.5366147281400964,0.3314247866947639,0.40490144753405405,Feynman31,n,0.3351891200928794
1.0,2.0,4.305004207290942,0.11640662170005467,0.08665710691898143,Feynman31,n,0.11411131303635563
1.0,2.0,2.113034160488271,0.23889232892192283,0.2308367506248673,Feynman31,n,0.23643003591512854
1.0,2.0,1.759892450528059,0.28807624459990766,0.28653235205065325,Feynman31,n,0.288715559405527
1.0,2.0,1.1477776908788697,0.45073187018373684,0.501189318698081,Feynman31,n,0.4532974964072356
1.0,2.0,3.8578991685826867,0.1299698195116013,0.10402183124111378,Feynman31,n,0.1269376143243889
1.0,2.0,4.182480753460523,0.11983286883555856,0.1367312877625913,Feynman31,n,0.11713122334230121
1.0,2.0,4.80026173532166,0.1043502618124067,0.12494582208213509,Feynman31,n,0.1054039993086876
1.0,2.0,1.1844717802512799,0.4357926444902421,0.47362650203568135,Feynman31,n,0.4396459988846647
1.0,2.0,4.784452907085069,0.10469632003812371,0.07590066587402473,Feynman31,n,0.1056117115948115
1.0,2.0,3.4655760920229,0.1447814370179738,0.183805585662115,Feynman31,n,0.14213127237470818
1.0,2.0,1.5447213443189947,0.3296194355160824,0.3094123534931678,Feynman31,n,0.33327143954779626
1.0,2.0,3.489579968767128,0.1437785803175235,0.12894094666254688,Feynman31,n,0.14110024230992377
1.0,2.0,1.6168719218375585,0.31439279823950816,0.3136290645799846,Feynman31,n,0.3170137496970139
1.0,2.0,2.369773670471764,0.21258827655443885,0.2098304734542797,Feynman31,n,0.20953004158352703
1.0,2.0,4.213356524852896,0.11895054430214426,0.1288556296780822,Feynman31,n,0.11633481443383424
1.0,2.0,2.8697220140465056,0.17512670293386115,0.18822914454040093,Feynman31,n,0.17254823583814427
1.0,2.0,2.3464613995988004,0.2147332588405873,0.19032730056833716,Feynman31,n,0.21168782950099144
1.0,2.0,3.6426630198731904,0.1376969367157087,0.06049096002865671,Feynman31,n,0.13483510709590144
1.0,2.0,2.9120077159259306,0.17255792194228586,0.23129319790505992,Feynman31,n,0.1700232421559141
1.0,2.0,4.813713775520245,0.10405759387643847,0.08615341601997772,Feynman31,n,0.10522969989393816
1.0,2.0,1.8623732225103669,0.27180919686731114,0.3072616671866908,Feynman31,n,0.2712439213250783
1.0,2.0,1.8644281323515264,0.27150202867552825,0.24156095544964934,Feynman31,n,0.27091503133940553
1.0,2.0,1.9600943490878575,0.2579405347040732,0.2995646972481417,Feynman31,n,0.2564558671321247
1.0,2.0,3.665656993654138,0.136827741352143,0.1240094887657803,Feynman31,n,0.13394026721598135
1.0,2.0,1.7167969953374618,0.2955227984985624,0.2954271761508352,Feynman31,n,0.2967316922633962
1.0,2.0,4.621592621526652,0.1083999820195326,0.11284467283583405,Feynman31,n,0.10797346247577153
1.0,2.0,1.9889121991348553,0.2541199320959228,0.21576634368411748,Feynman31,n,0.25240881225357414
1.0,2.0,3.9388669979777884,0.1272834666767081,0.1439262582818599,Feynman31,n,0.1242494930445257
1.0,2.0,3.0504205178218333,0.16465481757943778,0.16830844206901582,Feynman31,n,0.16221426075736053
1.0,2.0,1.623980812696609,0.31296967782333424,0.30525516319710577,Feynman31,n,0.3154879467624216
1.0,2.0,2.459726354652158,0.20470123776315152,0.17510581067150985,Feynman31,n,0.20164733736282706
1.0,2.0,2.79881564569421,0.17961115107093004,0.18293776119817184,Feynman31,n,0.17694742672544495
1.0,2.0,4.644563474430651,0.10786176865513937,0.11691311824919848,Feynman31,n,0.10761255673348012
1.0,2.0,4.434993111107166,0.11297994819025686,0.06534366327884963,Feynman31,n,0.11131200253066811
1.0,2.0,2.0785560296437517,0.24293410863278594,0.26163258289898467,Feynman31,n,0.2406452754882719
1.0,2.0,4.365413399278316,0.11478860759325697,0.09892142281502289,Feynman31,n,0.11275948635311499
1.0,2.0,1.047959912025057,0.497371873179886,0.5062691835090232,Feynman31,n,0.493577730930166
1.0,2.0,1.6261973535843426,0.3125286288853057,0.348327118822404,Feynman31,n,0.31501490030091855
1.0,2.0,1.6537671567592223,0.3071466138753897,0.36523781484012213,Feynman31,n,0.3092365402601416
1.0,2.0,3.2509859729801787,0.15441237735748756,0.08782212505311612,Feynman31,n,0.151954003932502
1.0,2.0,1.1201400104979298,0.4627077589292487,0.5026912088836055,Feynman31,n,0.46397953594002556
1.0,2.0,3.033517923951956,0.16558071840665145,0.2594459369070261,Feynman31,n,0.16313315780500154
1.0,2.0,4.916343712421329,0.101877736900884,0.11043131258023697,Feynman31,n,0.1039601660071416
1.0,2.0,4.742836536199943,0.10561840184259236,0.17177824361454158,Feynman31,n,0.10617470666207214
1.0,2.0,2.950592178905038,0.1702791908906679,0.10790496306303204,Feynman31,n,0.16777881107131595
1.0,2.0,2.6611379084063986,0.18901298319706833,0.1443994231334392,Feynman31,n,0.18616305939903982
1.0,2.0,4.291409039176062,0.1167770802607121,0.15689149070994204,Feynman31,n,0.11442793616421441
1.0,2.0,1.1773741178686463,0.43860160675701954,0.44685892241443026,Feynman31,n,0.44224029490776356
1.0,2.0,4.485197753814962,0.11171000043699873,0.12039509782713838,Feynman31,n,0.11033832186607913
1.0,2.0,1.4112244148644377,0.36216782056044183,0.3419103072778064,Feynman31,n,0.3673964581778025
1.0,2.0,2.98921885679306,0.16805775014536128,0.21475841416075075,Feynman31,n,0.16558569182968508
1.0,2.0,4.149370496382865,0.12079374471241952,0.10366426513320479,Feynman31,n,0.11801184705995893
1.0,2.0,4.077117268177049,0.12294516394978568,0.04541617771101694,Feynman31,n,0.12002890664798442
1.0,2.0,1.03846671886566,0.5023414972205098,0.491463196388446,Feynman31,n,0.49766058651020356
1.0,2.0,3.2351414741195206,0.1551747444414852,0.13251892485721217,Feynman31,n,0.15272432105898595
1.0,2.0,3.851895460351669,0.13017354645141688,0.14592624860701048,Feynman31,n,0.12714319140007282
1.0,2.0,2.1326168461940807,0.2366566098121578,0.2210345354903955,Feynman31,n,0.23410715102998517
1.0,2.0,2.4951113137179823,0.20175787876662596,0.1583599790432338,Feynman31,n,0.19872479375649205
1.0,2.0,2.7015808888644095,0.18615003226799218,0.2365687698217845,Feynman31,n,0.18335526850521375
1.0,2.0,1.2197398414406133,0.4223701676794532,0.40791472430840287,Feynman31,n,0.42707584872539084
1.0,2.0,1.3318575561837402,0.38484504721051865,0.28493849046286,Feynman31,n,0.3904708515938084
1.0,2.0,1.45765040597869,0.350127713989243,0.33790045061913293,Feynman31,n,0.3548946570625154
1.0,2.0,2.498856165882651,0.2014513580964228,0.26628494581158685,Feynman31,n,0.19842098823364918
1.0,2.0,1.2151031430357757,0.4240857605383743,0.47158146489223246,Feynman31,n,0.42869836530789857
1.0,2.0,4.445748548914304,0.11270545524876333,0.1267698354319204,Feynman31,n,0.11109849809091728
1.0,2.0,3.723559522215515,0.1346869621251439,0.09002290126427137,Feynman31,n,0.13174068178690385
1.0,2.0,1.1514847743535053,0.44917440481306725,0.4167689218117818,Feynman31,n,0.4518911361240606
1.0,2.0,1.5313516446833177,0.3326077212225778,0.3750156658784687,Feynman31,n,0.33644433219747627
1.0,2.0,2.9846815735501777,0.1683156682041366,0.17165599624375005,Feynman31,n,0.16584061095808592
1.0,2.0,1.889860992374913,0.2677577196217582,0.30199254199905157,Feynman31,n,0.26691027175839926
1.0,2.0,3.821933018092928,0.13119992824071028,0.1879746501666703,Feynman31,n,0.12818194399559865
1.0,2.0,1.9076443871085922,0.2652011157369929,0.26847796248817896,Feynman31,n,0.26418087629168624
1.0,2.0,4.139470923923447,0.12108404215417819,0.16155848480859317,Feynman31,n,0.11828048313017424
1.0,2.0,2.9345731357617866,0.17121786407685516,0.20754005599714115,Feynman31,n,0.1687039426852804
1.0,2.0,1.3755207793496917,0.3720207458773656,0.38190608000141435,Feynman31,n,0.377502355903171
1.0,2.0,4.055919936876085,0.12359099150297684,0.1721944313960156,Feynman31,n,0.12064538686506752
1.0,2.0,1.2452270263785814,0.41319032277873324,0.42213962626656865,Feynman31,n,0.41831621076877534
1.0,2.0,1.9959886844942005,0.2531991892703925,0.2124817374005286,Feynman31,n,0.2514355499910121
1.0,2.0,1.892888843569851,0.26731890479811055,0.23319097921327336,Feynman31,n,0.2664414919796501
1.0,2.0,3.535968651257935,0.14187949042211395,0.11903134173341455,Feynman31,n,0.1391452134641627
1.0,2.0,1.3606584842443898,0.37628630007288244,0.41453158913277594,Feynman31,n,0.38183987117878204
1.0,2.0,2.3766541876131755,0.21196342408710583,0.16404164038141772,Feynman31,n,0.20890261987763448
1.0,2.0,3.0542636487181287,0.1644457458444203,0.19392071104171993,Feynman31,n,0.16200659742024812
1.0,2.0,4.13459137998419,0.121227646334602,0.164980733488991,Feynman31,n,0.11841379894302552
1.0,2.0,1.3967486042344968,0.36609744163672897,0.32677738098539,Feynman31,n,0.37144110617630166
1.0,2.0,1.39093558973754,0.3677001621018852,0.39396117439002076,Feynman31,n,0.3730854204551743
1.0,2.0,1.7350906939816593,0.292314564583329,0.30045637648931495,Feynman31,n,0.29327778647465547
1.0,2.0,4.923953764066116,0.10171973744352682,0.07015992726630299,Feynman31,n,0.10386928444607943
1.0,2.0,2.2901313871534246,0.22010089478375372,0.2592351205710447,Feynman31,n,0.2171151614788671
1.0,2.0,3.1483943781603885,0.1594863619479268,0.1586290231373107,Feynman31,n,0.15706013606406713
1.0,2.0,4.087343713522482,0.1226360044123626,0.17263031040677398,Feynman31,n,0.11973549323072
1.0,2.0,3.652531600484175,0.13732254110519873,0.0813672559922124,Feynman31,n,0.1344495763478082
1.0,2.0,2.9875946711985963,0.16814998429210598,0.13316230939784038,Feynman31,n,0.1656768627075602
1.0,2.0,2.137475881819491,0.23610839064966824,0.20677288259143933,Feynman31,n,0.23353853999545013
1.0,2.0,4.594187283791555,0.10904917944998935,0.10373778975114413,Feynman31,n,0.10841746507947453
1.0,2.0,3.531891697002691,0.1420443753838616,0.18810497479813731,Feynman31,n,0.13931506084163428
1.0,2.0,2.481986278404444,0.20283963446909814,0.22768062624340918,Feynman31,n,0.19979777711726202
1.0,2.0,2.6319324469911876,0.19113615387051636,0.19076970322865394,Feynman31,n,0.18824758442932185
1.0,2.0,1.2985409483461363,0.3952593355994628,0.42548246095146663,Feynman31,n,0.4008372069997257
1.0,2.0,3.4863456716695205,0.14391289238031543,0.1498761720455293,Feynman31,n,0.14123839054898893
1.0,2.0,1.3262674614940382,0.3865528517580436,0.36726728199259895,Feynman31,n,0.3921812015104432
1.0,2.0,4.86335151086295,0.10299174047985822,0.13538699895686968,Feynman31,n,0.10460390349461836
1.0,2.0,1.7756497440888,0.2854477014872384,0.2880761344867488,Feynman31,n,0.28588722193205013
1.0,2.0,1.1450457376926053,0.45188686387524857,0.4620655887990635,Feynman31,n,0.45433788758959015
1.0,2.0,4.903387818717066,0.10214786054347617,0.12065612625791948,Feynman31,n,0.10411568228552207
1.0,2.0,2.2234367798659536,0.2268168968122665,0.20740771468113806,Feynman31,n,0.22396254075702726
1.0,2.0,2.49950148035938,0.20139863303602568,0.2383190428900554,Feynman31,n,0.19836874026427803
1.0,2.0,2.5568432622346045,0.19682195525553403,0.17367412323638104,Feynman31,n,0.19384405692524753
1.0,2.0,3.383133648881946,0.14833535557222854,0.15389379083497873,Feynman31,n,0.1457743323079283
1.0,2.0,1.5918815661828716,0.31950191128426003,0.3173880893002551,Feynman31,n,0.322483658328819
1.0,2.0,3.477096076636341,0.1442983979512019,0.1348063226454204,Feynman31,n,0.14163480175722917
1.0,2.0,3.0311872630529058,0.1657092101883277,0.17836165215730093,Feynman31,n,0.16326058094866788
1.0,2.0,2.7246161489460716,0.18455803133461218,0.13380972351465228,Feynman31,n,0.1817949429127172
1.0,2.0,2.795549161497245,0.17982330970220048,0.16524196541028524,Feynman31,n,0.17715537521485997
1.0,2.0,2.2681358522956154,0.22227102837102278,0.2610878011031171,Feynman31,n,0.2193208312141553
1.0,2.0,3.6751636187026615,0.1364715893662657,0.18270840825772044,Feynman31,n,0.13357384358874824
1.0,2.0,2.472020437224827,0.20366884699012364,0.2063973067714754,Feynman31,n,0.2006211395141588
1.0,2.0,2.3401178333642907,0.21532450865585806,0.1655040316744618,Feynman31,n,0.21228370609185113
1.0,2.0,1.0230336607795207,0.5106477580406278,0.5260076120104263,Feynman31,n,0.5043955748360718
1.0,2.0,2.8214665787349174,0.17815370400527147,0.1542915871610004,Feynman31,n,0.17551857154827658
1.0,2.0,3.0100069039090047,0.16688615517778266,0.08509314775797641,Feynman31,n,0.16442668475033662
1.0,2.0,2.786091938243292,0.1804404094853306,0.23504060721143843,Feynman31,n,0.17776017540705794
1.0,2.0,4.331383841090734,0.11569447479358066,0.08635433632056899,Feynman31,n,0.11350997840413302
1.0,2.0,2.9590259446928786,0.16978913890909356,0.11275079747709289,Feynman31,n,0.16729547416346396
1.0,2.0,1.0794512349678143,0.4816006156240097,0.5103048236755447,Feynman31,n,0.48035471582295075
1.0,2.0,4.4856723325065415,0.1116981322530249,0.14658533146532027,Feynman31,n,0.11032939354926648
1.0,2.0,2.0683107833962406,0.24416189981625006,0.2535354534201447,Feynman31,n,0.24192967348878988
1.0,2.0,4.292023063389728,0.11676029758963465,0.05003567456653234,Feynman31,n,0.11441353711120753
1.0,2.0,1.7430479023292356,0.290941045171735,0.29087701533983473,Feynman31,n,0.2917991468456133
1.0,2.0,1.2868692935549588,0.39904640716702966,0.42969398131420816,Feynman31,n,0.40456847997505774
1.0,2.0,4.531776627171544,0.11055708788239224,0.13209266522677574,Feynman31,n,0.10948602842949053
1.0,2.0,3.675071163009889,0.1364750441288446,0.08691502979495477,Feynman31,n,0.133577397221602
1.0,2.0,1.60916757563644,0.3159500746127572,0.32496963325578687,Feynman31,n,0.31868235106233295
1.0,2.0,1.6160972077115816,0.31454868385097096,0.2888850829722187,Feynman31,n,0.31718082905478956
1.0,2.0,3.3513132231580918,0.14975435953033348,0.13529694087665184,Feynman31,n,0.14722334990678387
1.0,2.0,4.217821550952523,0.11882402579689168,0.097848345915051,Feynman31,n,0.11622162242037534
1.0,2.0,4.339609228953643,0.1154742041563148,0.14519015788867923,Feynman31,n,0.11332597954120371
1.0,2.0,1.6076873243363892,0.31625107781512013,0.373768635739829,Feynman31,n,0.3190047410745887
1.0,2.0,1.928561140317134,0.2622565909052942,0.2045131577668487,Feynman31,n,0.2610430311306748
1.0,2.0,4.310175120562301,0.11626633570248245,0.12230415277534232,Feynman31,n,0.11399208686746802
1.0,2.0,3.913955592319432,0.12809804204551434,0.12255849563348051,Feynman31,n,0.12505973757272668
1.0,2.0,4.022954970057983,0.12460897557541778,0.11057319618219866,Feynman31,n,0.1216262662667896
1.0,2.0,4.421022341835299,0.11333850765847886,0.10018895091143469,Feynman31,n,0.11159338798950914
1.0,2.0,2.7251275349551736,0.1845229994066258,0.21506256898797638,Feynman31,n,0.18176061309941494
1.0,2.0,3.8962234716753703,0.12868426164069802,0.10914141537749557,Feynman31,n,0.12564560618018944
1.0,2.0,1.3619008004180384,0.37592590653335434,0.34376714457116814,Feynman31,n,0.3814743052824415
1.0,2.0,2.011598556160706,0.25119180702772004,0.23371794579255914,Feynman31,n,0.24931658145273738
1.0,2.0,4.6611575526067135,0.10747628440599144,0.1350526562958149,Feynman31,n,0.10735799795129557
1.0,2.0,4.711140905216604,0.1063316628138279,0.1440527793538254,Feynman31,n,0.10662077704876335
1.0,2.0,4.994404484835362,0.10028002189677507,0.09999309289913642,Feynman31,n,0.10303876023068298
1.0,2.0,4.821752837372526,0.10388347664939622,0.08790628627514999,Feynman31,n,0.10512655751755412
1.0,2.0,2.326861317401534,0.21657073581352632,0.2598881488813026,Feynman31,n,0.2135412548691823
1.0,2.0,2.320855998325992,0.21714008680555866,0.21265257851943617,Feynman31,n,0.2141164904895151
1.0,2.0,2.0371956633275143,0.24796883899231206,0.21567940372654937,Feynman31,n,0.24592319376703145
1.0,2.0,2.547258854793509,0.19757229428676443,0.209416225495866,Feynman31,n,0.19458451267082083
1.0,2.0,2.563444981051439,0.19630845149708356,0.2612086505509783,Feynman31,n,0.19333760029145108
1.0,2.0,1.6873668131722281,0.3008369620877274,0.33514251475466317,Feynman31,n,0.3024514787291038
1.0,2.0,3.7277928175698474,0.13453308108101208,0.16618767836526804,Feynman31,n,0.1315829003960852
1.0,2.0,1.0427095860967008,0.5001075312711288,0.4840083194143277,Feynman31,n,0.49583019579931514
1.0,2.0,2.543108471997788,0.19789900729829274,0.1628674590944188,Feynman31,n,0.1949070801557818
1.0,2.0,4.874338441595417,0.10275877195246297,0.09320176436228554,Feynman31,n,0.10446863872637321
1.0,2.0,4.3964094727253595,0.11397577632551727,0.08660004527567663,Feynman31,n,0.11210036605808331
1.0,2.0,1.6636804444925453,0.305257189622474,0.2832292216181418,Feynman31,n,0.30720575747415213
1.0,2.0,4.795004912481643,0.10446508002932989,0.07177950321266544,Feynman31,n,0.10547271541373815
1.0,2.0,1.2541766141196105,0.4100639033912406,0.3841814754523567,Feynman31,n,0.41530329609211947
1.0,2.0,4.4788778132483476,0.1118682897184166,0.0609011472278718,Feynman31,n,0.11045770686586276
1.0,2.0,2.679474719134949,0.18770402151187437,0.2341955284489614,Feynman31,n,0.18487895754859057
1.0,2.0,1.6735693761495596,0.30339580922017517,0.2961197635034741,Feynman31,n,0.3052042140450165
1.0,2.0,1.9168914552874927,0.26389115955312814,0.25633781946965783,Feynman31,n,0.262784129992911
1.0,2.0,4.034603313338598,0.1242473502645626,0.10228279980399138,Feynman31,n,0.12127659230997896
1.0,2.0,2.0545316968770146,0.24583309953738178,0.2835740293798776,Feynman31,n,0.2436807529310715
1.0,2.0,3.0538655259926717,0.16446737951247975,0.1848505750792651,Feynman31,n,0.1620280883676884
1.0,2.0,1.9417050215404577,0.26043990103374764,0.23407698062734802,Feynman31,n,0.2591103646504522
1.0,2.0,2.9689900205240147,0.1692138070397186,0.14483037545755206,Feynman31,n,0.16672769822556197
1.0,2.0,1.0555449588652244,0.4934747941841229,0.5106157776187501,Feynman31,n,0.4903480035229163
1.0,2.0,4.260426684414552,0.11763022196485647,0.07596249724717592,Feynman31,n,0.11516665275401491
1.0,2.0,4.527199079065424,0.11066933291418497,0.1948943392232183,Feynman31,n,0.10956766521846824
1.0,2.0,4.603695423394878,0.10882306293025697,0.11577685401398677,Feynman31,n,0.10826173188949524
1.0,2.0,1.2883527339187077,0.39856093628294803,0.393207426481294,Feynman31,n,0.4040913280103958
1.0,2.0,4.757723821651126,0.10528668512841612,0.1890562660243275,Feynman31,n,0.10597048201757456
1.0,2.0,3.700411891701668,0.13553466629202904,0.13226390723956022,Feynman31,n,0.13261074853418187
1.0,2.0,2.2198238224158593,0.22719254115429038,0.2294501038100401,Feynman31,n,0.22434739655482389
1.0,2.0,2.4089942950086005,0.20907536945656804,0.22570869773563196,Feynman31,n,0.2060093492578386
1.0,2.0,3.065708207813508,0.16382629296040596,0.2446932131720233,Feynman31,n,0.16139093211117497
1.0,2.0,4.3036184414447956,0.11644427496128266,0.10873177959605076,Feynman31,n,0.11414337712110235
1.0,2.0,3.3553413525811817,0.14957322389689942,0.10541763211477169,Feynman31,n,0.14703857807867662
1.0,2.0,1.1441410683657978,0.4522706917573857,0.5336225792638651,Feynman31,n,0.45468315054638164
1.0,2.0,1.9530159236206206,0.25889682422029753,0.24186209454550195,Feynman31,n,0.2574708864475095
1.0,2.0,2.803574209375699,0.1793029809025502,0.14675114812280737,Feynman31,n,0.17664535272005397
1.0,2.0,4.467592526642468,0.11215206197533258,0.08737307871010624,Feynman31,n,0.11067315229952579
1.0,2.0,3.164831882115062,0.15865098231075864,0.10471525696037126,Feynman31,n,0.15622277085257902
1.0,2.0,2.4170438210713887,0.2083688086801374,0.185749065087638,Feynman31,n,0.2053031468929521
1.0,2.0,1.2771507484131321,0.4022573032945784,0.36671405842403026,Feynman31,n,0.4077156429065344
1.0,2.0,2.2636602381541207,0.22271789901922212,0.2947166071355161,Feynman31,n,0.21977583971415876
1.0,2.0,1.355914667278313,0.3776690243814832,0.34712254877922477,Feynman31,n,0.38324086631029586
1.0,2.0,4.822340107303118,0.10387077990631663,0.11353974703100014,Feynman31,n,0.10511905173044461
1.0,2.0,1.342211254099034,0.38172256161791174,0.335371734014714,Feynman31,n,0.3873333976827435
1.0,2.0,4.715750603231907,0.10622732951513428,0.08915845980943325,Feynman31,n,0.10655491318388423
1.0,2.0,2.3652983463904333,0.21299669879067382,0.23693220357407888,Feynman31,n,0.20994042459850246
1.0,2.0,1.2165153636933845,0.4235617088226079,0.42373228598647283,Feynman31,n,0.42820323457434517
1.0,2.0,3.0547040075236174,0.1644218237603991,0.1154429877792412,Feynman31,n,0.1619828323410006
1.0,2.0,4.303378009000513,0.11645081034394734,0.08148375646039771,Feynman31,n,0.11414894512580467
1.0,2.0,1.654787314751808,0.30695107940378796,0.34628647039654276,Feynman31,n,0.30902642375055117
1.0,2.0,2.894499826672835,0.1736122503393689,0.20121432203183293,Feynman31,n,0.17106017919923622
1.0,2.0,2.135020824820233,0.23638506074794152,0.20232822733041203,Feynman31,n,0.23382545248373868
1.0,2.0,1.7522446624056358,0.28936979646411876,0.2608740722235408,Feynman31,n,0.2901077989846596
1.0,2.0,3.1394641765404554,0.15994392349170264,0.13363363806076473,Feynman31,n,0.15751825246598905
1.0,2.0,1.0308772777886492,0.5063903667934093,0.5256442296750687,Feynman31,n,0.5009574432470265
1.0,2.0,4.007642744407536,0.12508757005077215,0.10718114648556577,Feynman31,n,0.12209102530354675
1.0,2.0,4.114108773332701,0.12183418991542774,0.13555626912299,Feynman31,n,0.11897991800979271
1.0,2.0,3.355131387259341,0.14958265468348897,0.17465837527228556,Feynman31,n,0.14704819961699558
1.0,2.0,3.6256656754937837,0.13834660877869678,0.20448220925309124,Feynman31,n,0.13550435273421488
1.0,2.0,1.2522193119791494,0.4107434800847203,0.4534485510128073,Feynman31,n,0.4159594674102176
1.0,2.0,2.4506598801700377,0.20546937104620086,0.19708283874575205,Feynman31,n,0.2024116660648869
1.0,2.0,2.521411138721414,0.19962485965317536,0.1486720402513693,Feynman31,n,0.1966126947054123
1.0,2.0,4.6703642338156275,0.10726359946540324,0.11010384839306578,Feynman31,n,0.10721892940999869
1.0,2.0,4.482456226239732,0.11177860959721789,0.10478837707341827,Feynman31,n,0.11038999852929629
1.0,2.0,2.9329787860382055,0.1713118581362332,0.14147745471995732,Feynman31,n,0.1687965336990427
1.0,2.0,4.486265119923469,0.1116833114743277,0.09797902032870168,Feynman31,n,0.11031824851743217
1.0,2.0,4.559448669879304,0.10988337666623021,0.12818637997510746,Feynman31,n,0.10900213694846395
1.0,2.0,3.7226959334724583,0.13471839710459219,0.09895025151392167,Feynman31,n,0.13177291995607798
1.0,2.0,3.717228722313562,0.1349177478517319,0.10681123383786886,Feynman31,n,0.13197741345639324
1.0,2.0,2.5304192120103988,0.1989046721231033,0.2104522901327339,Feynman31,n,0.1959006059403683
1.0,2.0,2.0330398653274746,0.24848640465822053,0.24124890872986926,Feynman31,n,0.24646737720964193
1.0,2.0,2.647140606686279,0.19002460097874158,0.1629015268404066,Feynman31,n,0.18715597794842573
1.0,2.0,1.4771025389591115,0.34532290248290737,0.33725686407993405,Feynman31,n,0.3498629176637597
1.0,2.0,2.5555585625402477,0.1969221979990073,0.12998321432136375,Feynman31,n,0.19394295053600846
1.0,2.0,4.1994738047719,0.11934564835992693,0.08510854016156502,Feynman31,n,0.11668994598935548
1.0,2.0,3.390223356485621,0.1480228654256921,0.1580621135062562,Feynman31,n,0.14545477356277278
1.0,2.0,1.8223358959755944,0.2779377523258222,0.22090159203799636,Feynman31,n,0.2778154590226842
1.0,2.0,3.3848747959672667,0.14825848912558495,0.1487924009633669,Feynman31,n,0.1456957420877471
1.0,2.0,3.495838389512176,0.14351939726776353,0.12371082504271179,Feynman31,n,0.1408336057250087
1.0,2.0,4.605571832857149,0.10877855031942435,0.12491303667562947,Feynman31,n,0.10823121192874666
1.0,2.0,4.66071229132784,0.10748659187986004,0.11721202299052286,Feynman31,n,0.1073647624831244
1.0,2.0,2.925131269333293,0.17177602018185065,0.23056916400050467,Feynman31,n,0.1692536471229822
1.0,2.0,2.1382055143112497,0.2360262914862972,0.24940088751638537,Feynman31,n,0.23345342067257951
1.0,2.0,3.2624052998138238,0.15386757711338453,0.1056973578480275,Feynman31,n,0.1514028369243075
1.0,2.0,3.484075293372811,0.14400732589537255,0.14042656990251154,Feynman31,n,0.1413355101236808
1.0,2.0,1.2149597970413453,0.4241390289094541,0.4425700781384204,Feynman31,n,0.42874866980516185
1.0,2.0,1.986270462029872,0.25446539496652987,0.23872893907137524,Feynman31,n,0.2527741920471629
1.0,2.0,1.2154891625467994,0.4239423818345543,0.3978440433726517,Feynman31,n,0.4285629421176118
1.0,2.0,1.9923200637580152,0.25367568064332635,0.31873384614551176,Feynman31,n,0.25193911753250753
1.0,2.0,2.7503374282718376,0.1828124523659053,0.208639679038651,Feynman31,n,0.18008449598945409
1.0,2.0,1.5180662479640428,0.33563244332990966,0.34999808527531695,Feynman31,n,0.3396488892403715
1.0,2.0,2.3860761651580864,0.21111375041484506,0.18519219126694175,Feynman31,n,0.20805028210563092
1.0,2.0,1.6047718681230738,0.31684563525222004,0.36088036066982465,Feynman31,n,0.31964141394177514
1.0,2.0,1.2304124817498785,0.4184752959070774,0.471230706454408,Feynman31,n,0.4233752147683208
1.0,2.0,4.862945842199703,0.10300036259850383,0.06906002488574273,Feynman31,n,0.10460891829028303
1.0,2.0,1.7171426867149422,0.29546151040825985,0.3122721715208627,Feynman31,n,0.2966657126328765
1.0,2.0,2.8071841761215475,0.17906990359539024,0.15205484680627995,Feynman31,n,0.1764168696683007
1.0,2.0,4.214705231299263,0.11891229964526819,0.10993606948777059,Feynman31,n,0.116300570958284
1.0,2.0,4.84197991450977,0.10344795174697252,0.07297504373236893,Feynman31,n,0.10487021334915912
1.0,2.0,2.4229627896005277,0.2078523232196351,0.18713892281777647,Feynman31,n,0.20478732114993414
1.0,2.0,3.6952899659807095,0.13572368791170164,0.08209617823170702,Feynman31,n,0.1328049390820762
1.0,2.0,2.9249021421678756,0.17178961049682215,0.13633416755932065,Feynman31,n,0.16926702810281827
1.0,2.0,3.3719379888237926,0.14883152807232758,0.14542984938617357,Feynman31,n,0.14628139326661807
1.0,2.0,1.6165581145225576,0.3144559226340094,0.32845133507716606,Feynman31,n,0.31708140820291786
1.0,2.0,4.283129996410265,0.11700383830889449,0.1508893982903271,Feynman31,n,0.11462299630149969
1.0,2.0,1.8513318112450659,0.2734718009991146,0.3174634342145348,Feynman31,n,0.2730249561676949
1.0,2.0,4.463985884599124,0.11224305664325057,0.18654502290150896,Feynman31,n,0.11074262135922619
1.0,2.0,3.582725234745853,0.14001560513273834,0.1569974293342803,Feynman31,n,0.13722443998385223
1.0,2.0,1.7477360968269413,0.2901379178671949,0.31198971544291376,Feynman31,n,0.29093460628379214
1.0,2.0,2.0062757035551746,0.2518726837075025,0.25485739979791505,Feynman31,n,0.2500348512094216
1.0,2.0,4.835168470732857,0.10359420510218913,0.10257910759403037,Feynman31,n,0.10495604712013983
1.0,2.0,3.1513098623840943,0.1593375485005377,0.14655259572172927,Feynman31,n,0.15691106138320612
1.0,2.0,3.994385414452604,0.12550492454061232,0.11423309491384796,Feynman31,n,0.12249807963469579
1.0,2.0,1.18366066103225,0.436111761618121,0.451185818860211,Feynman31,n,0.4399413652868016
1.0,2.0,1.7079320643735274,0.2971033455308426,0.26469466447410184,Feynman31,n,0.29843315892191485
1.0,2.0,2.667551429676387,0.18855307442655211,0.22655855700664165,Feynman31,n,0.18571180590923198
1.0,2.0,4.755297204156729,0.10534061225402643,0.12409300694800733,Feynman31,n,0.10600354918834264
1.0,2.0,3.146850692878322,0.1595652685186131,0.13412152582408154,Feynman31,n,0.15713916501185235
1.0,2.0,4.985506957990264,0.10045959344158915,0.1076589295996178,Feynman31,n,0.10314301104103638
1.0,2.0,4.929741207585655,0.1015999071246741,0.11279386211750292,Feynman31,n,0.10380037790779
1.0,2.0,4.121153245215011,0.12162489937709893,0.12383882064872453,Feynman31,n,0.11878403065231939
1.0,2.0,2.3435833078951105,0.21500110422082808,0.15626302170652606,Feynman31,n,0.21195771174303188
1.0,2.0,4.368671417770829,0.11470262428146243,0.1430458487122748,Feynman31,n,0.11268911390429347
1.0,2.0,3.3642154634358263,0.14917572345179747,0.12720845092245173,Feynman31,n,0.14663289546440367
1.0,2.0,4.683341645860997,0.10696523456922918,0.11153960274339608,Feynman31,n,0.10702546363013656
1.0,2.0,1.5316608654618316,0.33253798235534626,0.32976336999480516,Feynman31,n,0.33637036198203035
1.0,2.0,3.5550560427828586,0.14111261669664968,0.12806834475482454,Feynman31,n,0.13835507402196842
1.0,2.0,4.687791728738148,0.10686330484840686,0.04617502966219435,Feynman31,n,0.10695979984464082
1.0,2.0,1.0505688185986246,0.4960241799090454,0.5169633406467181,Feynman31,n,0.49246361315988507
1.0,2.0,2.785850022097378,0.18045625079389813,0.12770113510833395,Feynman31,n,0.17777570003938195
1.0,2.0,4.514692140065565,0.1109771804907978,0.13648493988977667,Feynman31,n,0.10979305363518435
1.0,2.0,4.991752942839216,0.10033346851218972,0.04880996238776038,Feynman31,n,0.10306982202878434
1.0,2.0,3.8503657413246817,0.13022555763146187,0.12549827167012118,Feynman31,n,0.12719570861961774
1.0,2.0,4.613810841035275,0.10858353375191053,0.09462315266617764,Feynman31,n,0.10809802947288263
1.0,2.0,1.0454630561531246,0.49866891384888884,0.482959937256549,Feynman31,n,0.49464719116651323
1.0,2.0,2.200141348381745,0.22926120970930292,0.22414588525628482,Feynman31,n,0.22647029821506487
1.0,2.0,4.8224779756612435,0.10386779965075195,0.063559110918701,Feynman31,n,0.10511729022500721
1.0,2.0,4.455287848636681,0.11246311583124094,0.14824154369691803,Feynman31,n,0.11091139094359427
1.0,2.0,4.188554605566541,0.11965826361315735,0.17047990045763012,Feynman31,n,0.11697266485536506
1.0,2.0,4.041339309794823,0.12403918852602655,0.1410079837500828,Feynman31,n,0.12107591547687611
1.0,2.0,1.1890413216433973,0.43400387068452156,0.4570303629669691,Feynman31,n,0.4379873411352755
1.0,2.0,4.849103697225695,0.10329543387742227,0.10567931612917064,Feynman31,n,0.10478095147203795
1.0,2.0,3.8871592541777167,0.1289860055161905,0.09386501220027174,Feynman31,n,0.12594800848028212
1.0,2.0,1.6128056766997405,0.31521275413174465,0.32877803978136744,Feynman31,n,0.3178924613181309
1.0,2.0,4.397769425837593,0.1139403774518177,0.08424398588910181,Feynman31,n,0.11207197653054649
1.0,2.0,1.7766954571789513,0.2852749824850346,0.3048929524793377,Feynman31,n,0.28570141746041666
1.0,2.0,2.054240018165735,0.24586872578268046,0.2363743223129417,Feynman31,n,0.24371811698547044
1.0,2.0,3.4276873584984586,0.146393278888599,0.14595761772337051,Feynman31,n,0.1437858151543065
1.0,2.0,3.3985532463630115,0.14765739655587273,0.15620418526600352,Feynman31,n,0.14508083547418527
1.0,2.0,2.19651637480252,0.22964635462420271,0.20942344249476177,Feynman31,n,0.2268661925453408
1.0,2.0,3.8209614924933883,0.13123348021667622,0.18880406224026852,Feynman31,n,0.12821598091011938
1.0,2.0,2.4632938848100516,0.20440057171837805,0.16593914832404794,Feynman31,n,0.20134834829289155
1.0,2.0,3.464534476537887,0.14482527254706143,0.09771884998027433,Feynman31,n,0.14217631332789005
1.0,2.0,4.865207170748456,0.10295231854555499,0.1596770528343377,Feynman31,n,0.1045809831171988
1.0,2.0,1.162746384391593,0.44451092848987384,0.45304119966715845,Feynman31,n,0.44765658470736114
1.0,2.0,1.223594285852878,0.420954904349576,0.43746721221106166,Feynman31,n,0.4257339002296287
1.0,2.0,1.984857467016007,0.25465056412836706,0.18974299128483055,Feynman31,n,0.25297008373844726
1.0,2.0,1.501583739148229,0.3394640368409129,0.36584982659426857,Feynman31,n,0.34369746589212474
1.0,2.0,4.322241636142918,0.11594028760812727,0.10609385965384058,Feynman31,n,0.11371643654109019
1.0,2.0,1.8898986796555843,0.2677522487824918,0.2548737835968186,Feynman31,n,0.2669044265785155
1.0,2.0,3.4933952049677117,0.14362046641024542,0.13352422451140783,Feynman31,n,0.1409375892014311
1.0,2.0,4.965914127787457,0.10085729980321372,0.08590872593807841,Feynman31,n,0.10337295139444358
1.0,2.0,3.013662172641916,0.16668184225571325,0.1339578544452772,Feynman31,n,0.1642243871421072
1.0,2.0,3.058723132168868,0.16420381123575503,0.15366713133170723,Feynman31,n,0.16176621116040904
1.0,2.0,2.974035005682465,0.16892399802974029,0.1268522191706982,Feynman31,n,0.16644155651951348
1.0,2.0,4.030062475767943,0.12438807097524372,0.05633891856965079,Feynman31,n,0.12141250551585511
1.0,2.0,1.7609012741193655,0.2879064872123865,0.3403932613222435,Feynman31,n,0.2885328663216713
1.0,2.0,2.5525146152117912,0.1971601223968456,0.19140122256050116,Feynman31,n,0.1941777080485431
1.0,2.0,2.3848934621170916,0.21122002958971428,0.1305918755792165,Feynman31,n,0.20815684248913233
1.0,2.0,3.2086347980956766,0.15646717014024808,0.15560954250126527,Feynman31,n,0.15402767556829564
1.0,2.0,3.686220122601951,0.13605970577786072,0.13461187308688022,Feynman31,n,0.13315029007701548
1.0,2.0,4.450983805781211,0.11257232768155258,0.1787814881931689,Feynman31,n,0.11099555027649749
1.0,2.0,3.2781997958464784,0.15312037387195876,0.1576462931343373,Feynman31,n,0.15064597323239556
1.0,2.0,4.395892313070318,0.11398924350881849,0.10785785167661849,Feynman31,n,0.1121111735830918
1.0,2.0,4.245449471278451,0.11804713602928903,0.15927930146552688,Feynman31,n,0.11553233717045706
1.0,2.0,3.640740123484951,0.13777012637060415,0.16116373063119063,Feynman31,n,0.13491048715590734
1.0,2.0,2.307183817881153,0.2184476422067368,0.20353758038302247,Feynman31,n,0.21543926121055879
1.0,2.0,4.570477096303584,0.10961716289318948,0.11521542211748668,Feynman31,n,0.10881381465951957
1.0,2.0,2.9923507104834606,0.16788018538030355,0.16049285357532198,Feynman31,n,0.16541014495732453
1.0,2.0,1.6305384571778805,0.3116684876337936,0.3523654359146403,Feynman31,n,0.31409212955810467
1.0,2.0,2.861272817623845,0.17564922002326266,0.2451351742356212,Feynman31,n,0.17306130563284902
1.0,2.0,2.2620417731992726,0.2228799422402956,0.223090180189548,Feynman31,n,0.21994090310340153
1.0,2.0,1.1682982028164677,0.442248726820518,0.4818563488515477,Feynman31,n,0.4455897761138761
1.0,2.0,1.5982722688076247,0.31817934739867804,0.2582837695328797,Feynman31,n,0.3210689584135457
1.0,2.0,1.3873368946366642,0.368699598776068,0.34395278000960416,Feynman31,n,0.3741092053243739
1.0,2.0,1.6092083451672252,0.3159417925459822,0.31294465585686226,Feynman31,n,0.3186734799272887
1.0,2.0,2.366360584863589,0.212899614832932,0.16417269111236932,Feynman31,n,0.20984285432732802
1.0,2.0,4.636204115238947,0.1080570098126871,0.12741283608424772,Feynman31,n,0.10774273262435015
1.0,2.0,2.1526889212277696,0.23440844741475295,0.22762030463002475,Feynman31,n,0.23177786346748352
1.0,2.0,1.6704854951088426,0.303973802904659,0.3353361248996028,Feynman31,n,0.30582581847744866
1.0,2.0,1.6769598975274072,0.3027629171069347,0.2884180306099706,Feynman31,n,0.3045234855008146
1.0,2.0,3.4429538917380156,0.14573950507679365,0.08048504106312704,Feynman31,n,0.14311513884503047
1.0,2.0,2.2373808501215593,0.2253787891268942,0.2261362176182461,Feynman31,n,0.2224909858343321
1.0,2.0,2.3262950821422437,0.21662429076478898,0.22039677029246432,Feynman31,n,0.21359534426372406
1.0,2.0,1.5317574744291793,0.33251620015657984,0.27985966346319413,Feynman31,n,0.3363472573974672
1.0,2.0,3.485409539745629,0.14395181454211464,0.1459413867117993,Feynman31,n,0.14127842093421034
1.0,2.0,4.436333777116774,0.1129456595485963,0.07635201671158423,Feynman31,n,0.1112852415175148
1.0,2.0,3.0656080545416433,0.1638316935624849,0.1450048938312104,Feynman31,n,0.1613963022142546
1.0,2.0,4.119098042558569,0.12168588472549911,0.12285642527894607,Feynman31,n,0.11884105186107927
1.0,2.0,1.0168250315412735,0.5140716297716503,0.530895273603389,Feynman31,n,0.5071394413870984
1.0,2.0,3.3315505892638817,0.1506494582148895,0.1553311455790943,Feynman31,n,0.14813555286372881
1.0,2.0,2.481064103407408,0.20291607886172194,0.19233896862348906,Feynman31,n,0.19987365007635668
1.0,2.0,3.8093197398850744,0.13163687511293892,0.18458605101210024,Feynman31,n,0.12862557551373846
1.0,2.0,2.4784687825457086,0.20313153174800325,0.15350247591614805,Feynman31,n,0.2000875273360536
1.0,2.0,4.419259285683118,0.11338391859530378,0.1138619632535566,Feynman31,n,0.11162922496803511
1.0,2.0,4.713790780351504,0.10627166196055467,0.1252635661488044,Feynman31,n,0.10658287320006724
1.0,2.0,3.506404603772777,0.14308393493971464,0.13414019148907574,Feynman31,n,0.14038547831405646
1.0,2.0,4.5883212990055,0.10918915079554704,0.10230455364436462,Feynman31,n,0.10851445270199057
1.0,2.0,1.1634187404181446,0.4442356843381702,0.42448495355613713,Feynman31,n,0.44740555594055786
1.0,2.0,4.269787097833577,0.1173711558168174,0.11939834517511334,Feynman31,n,0.1149409514174262
1.0,2.0,4.483728160041265,0.11174676782645171,0.051432822441925895,Feynman31,n,0.11036600190962985
1.0,2.0,4.976251449024257,0.10064707473752547,0.11396424342745777,Feynman31,n,0.10325154787166499
1.0,2.0,1.5602423338200713,0.3262182657941738,0.32029033076707686,Feynman31,n,0.32965232492739033
1.0,2.0,4.394018806689633,0.11403805758592159,0.1533828948875371,Feynman31,n,0.11215037950496112
1.0,2.0,3.2539797707234026,0.15426917312117513,0.19015029112330126,Feynman31,n,0.1518091815164439
1.0,2.0,4.089428500621956,0.12257316960631308,0.11049898731688028,Feynman31,n,0.11967599734420675
1.0,2.0,1.512229216055426,0.33697920539671716,0.34301200644873325,Feynman31,n,0.34107333491582253
1.0,2.0,2.0674801953810866,0.24426198732279317,0.24342107653095885,Feynman31,n,0.24203445376924726
1.0,2.0,1.238421724427773,0.41560083062596376,0.4210685641566485,Feynman31,n,0.42062899296951217
1.0,2.0,4.381637215254852,0.11436171553285565,0.14623236663240113,Feynman31,n,0.11241160251180793
1.0,2.0,4.934326731292217,0.10150516345448743,0.0878446800405302,Feynman31,n,0.10374590050661975
1.0,2.0,3.0323693634237183,0.1656440147247989,0.13696285096611333,Feynman31,n,0.16319593059515985
1.0,2.0,1.961264779008959,0.25778309878209477,0.2543551330413363,Feynman31,n,0.25628883855426243
1.0,2.0,3.3656858892592743,0.1491100629962692,0.16628139966253844,Feynman31,n,0.14656585690834173
1.0,2.0,1.0402158796025858,0.5014179849499817,0.5284359849579638,Feynman31,n,0.49690489021382694
1.0,2.0,4.070047997800053,0.1231597928596028,0.13430332421292132,Feynman31,n,0.12023325899548695
1.0,2.0,3.416411028428857,0.1468799689356323,0.07125764466121884,Feynman31,n,0.14428468986101534
1.0,2.0,1.546792513351602,0.32916139681062057,0.37098313619515844,Feynman31,n,0.33278452282868254
1.0,2.0,3.3489556314276405,0.14986057941036288,0.10936915542510614,Feynman31,n,0.14733167496208957
1.0,2.0,1.8173654050045682,0.2787181968296938,0.3093835698758862,Feynman31,n,0.2786534649133279
1.0,2.0,3.3050947459137356,0.1518646600636136,0.12220539388119622,Feynman31,n,0.14937162035611187
1.0,2.0,2.154822802276555,0.23417197653307814,0.2471877633482825,Feynman31,n,0.23153324613437543
1.0,2.0,2.9011453759115526,0.17321053278899565,0.11712500193504902,Feynman31,n,0.17066519057684473
1.0,2.0,2.401773934007176,0.20971326924723616,0.20604762023040432,Feynman31,n,0.2066474711300293
1.0,2.0,1.5824207122567717,0.32148054097285017,0.3668268689940282,Feynman31,n,0.3245983382804738
1.0,2.0,4.773857893147769,0.10492953675243129,0.14333651159220187,Feynman31,n,0.10575274859376071
1.0,2.0,1.6865548239505141,0.3009863366371959,0.33066697179176846,Feynman31,n,0.3026122044013799
1.0,2.0,3.2380306334507454,0.1550351679173578,0.1380045193498402,Feynman31,n,0.15258337264936883
1.0,2.0,3.4022870580266016,0.14749416511563085,0.05564798264748902,Feynman31,n,0.14491375219265082
1.0,2.0,3.1146275830498786,0.1612304670307776,0.1938702289422048,Feynman31,n,0.1588043832400628
1.0,2.0,3.725067036699625,0.13463212323771173,0.20825333057887596,Feynman31,n,0.13168444689567005
1.0,2.0,4.786181017024155,0.10465837948273338,0.14239824100603252,Feynman31,n,0.1055888492322347
1.0,2.0,3.3085433847990036,0.15170513861425136,0.15466530895473204,Feynman31,n,0.1492095170916755
1.0,2.0,3.1032625344024383,0.16182613898169845,0.17776045383929512,Feynman31,n,0.1593989020673731
1.0,2.0,3.0210910708816425,0.16626814557247319,0.1344201891483135,Feynman31,n,0.16381460143602536
1.0,2.0,4.741293169612755,0.10565291079487868,0.12149268466845367,Feynman31,n,0.10619606681865527
1.0,2.0,2.137571789735366,0.23609759567866165,0.26352251951664213,Feynman31,n,0.23352734741132128
1.0,2.0,1.703595999431299,0.29788270339826056,0.3257914841778084,Feynman31,n,0.2992720751825261
1.0,2.0,1.4518031909924618,0.35159886441210897,0.31170523832288727,Feynman31,n,0.35643062242494633
1.0,2.0,3.972694552204477,0.12619383058680117,0.09700154720556553,Feynman31,n,0.12317338540427386
1.0,2.0,2.9601811465661725,0.16972223543883944,0.12961051252584627,Feynman31,n,0.16722946780027254
1.0,2.0,3.005540964492357,0.1671364650032333,0.15216660202200374,Feynman31,n,0.16467445134103686
1.0,2.0,4.071407571787212,0.12311845673556213,0.10840146580057422,Feynman31,n,0.12019386095321792
1.0,2.0,2.7799477597348434,0.18084361501321838,0.12972244165368832,Feynman31,n,0.1781553081316015
1.0,2.0,3.914868189866699,0.12806801667302345,0.18605215733443425,Feynman31,n,0.12502979045352047
1.0,2.0,2.0273252569018623,0.24920168248487,0.22361068280994983,Feynman31,n,0.24721991896740905
1.0,2.0,1.0849551691917987,0.47895107976621937,0.4587585758026235,Feynman31,n,0.47809345926868085
1.0,2.0,1.5505109942941537,0.32834230459759195,0.3457033577989501,Feynman31,n,0.3319134160352253
1.0,2.0,3.334619817714654,0.1505097413460851,0.09197104311822873,Feynman31,n,0.14799326187430056
1.0,2.0,3.0220097458051485,0.16621713017782372,0.18024661049041213,Feynman31,n,0.16376405238631817
1.0,2.0,2.4181433505896925,0.20827266893990537,0.23870147031621172,Feynman31,n,0.20520710462873065
1.0,2.0,3.0843118623681964,0.16282928703498742,0.24302213342404205,Feynman31,n,0.16039877764894517
1.0,2.0,2.7180773911102407,0.18500714379606598,0.1788553257244964,Feynman31,n,0.1822350707010649
1.0,2.0,2.773913990196385,0.18124134251566448,0.16763606674932507,Feynman31,n,0.17854505028954115
1.0,2.0,3.17544160298153,0.1581164310660329,0.13893795304846465,Feynman31,n,0.15568627987396172
1.0,2.0,4.492134693180578,0.11153677375704664,0.07040856769331025,Feynman31,n,0.11020832291787622
1.0,2.0,1.4757167405786755,0.3456607407040114,0.3258957285481745,Feynman31,n,0.3502174547998332
1.0,2.0,4.168600190699673,0.12023381779093362,0.1336879944138692,Feynman31,n,0.1174970519859459
1.0,2.0,2.596591568053031,0.19377043425537807,0.16376687106812546,Feynman31,n,0.19083756285133172
1.0,2.0,3.3197338554794946,0.15118981744842105,0.11008800856266278,Feynman31,n,0.148685529558274
1.0,2.0,1.3782456302576032,0.3712494399801492,0.37404177626731316,Feynman31,n,0.37671555959179664
1.0,2.0,1.203019405844758,0.42862534342793485,0.42052810646412264,Feynman31,n,0.43296932713607944
1.0,2.0,3.404315293260526,0.14740564827453292,0.13081336101403923,Feynman31,n,0.14482312896557603
1.0,2.0,4.163873685179837,0.12037096049013614,0.12740754515564076,Feynman31,n,0.11762272463953286
1.0,2.0,4.091160133132492,0.12252102782013538,0.08621666187519475,Feynman31,n,0.11962666227961374
1.0,2.0,3.5529761171842615,0.14119577776516487,0.14503459041829017,Feynman31,n,0.13844077070108568
1.0,2.0,1.1853037261715396,0.43546583642093134,0.4564807515146672,Feynman31,n,0.4393433449947774
1.0,2.0,2.722136559780342,0.18472808271692248,0.17901238962515056,Feynman31,n,0.18196158863164227
1.0,2.0,3.827729885601479,0.13100008847088174,0.11674975468746587,Feynman31,n,0.12797931698442366
1.0,2.0,2.8236936686779677,0.17801168761541247,0.12485489502639771,Feynman31,n,0.17537930479050076
1.0,2.0,4.378153603196733,0.11445311019953476,0.07832686338740297,Feynman31,n,0.11248576421886576
1.0,2.0,2.945721466662658,0.17056350543727067,0.19611571508250858,Feynman31,n,0.16805911618921768
1.0,2.0,2.6049989093153334,0.19313715494606865,0.16174347471888456,Feynman31,n,0.19021451522632907
1.0,2.0,3.1080791343262444,0.1615731494156249,0.20196401070620823,Feynman31,n,0.1591464752827879
1.0,2.0,1.986146189409828,0.25448166963154945,0.32095119075115225,Feynman31,n,0.25279140781285886
1.0,2.0,1.6802510572570117,0.30215113429339063,0.3438646701474205,Feynman31,n,0.30386538385989686
1.0,2.0,1.542784070141439,0.3300490417525083,0.36645491074529707,Feynman31,n,0.33372799335341286
1.0,2.0,1.1632609396969458,0.4443002518206814,0.43761421421627955,Feynman31,n,0.4474644539100314
1.0,2.0,4.943221462767433,0.10132188896900024,0.09062702195349984,Feynman31,n,0.10364050243901468
1.0,2.0,2.4041643304377693,0.20950165018947914,0.20171856973600258,Feynman31,n,0.20643572065230736
1.0,2.0,2.6088779543669176,0.19284636990681472,0.24961582614663383,Feynman31,n,0.18992852125249837
1.0,2.0,4.576895485279229,0.10946282438961111,0.0691794778485959,Feynman31,n,0.10870538135363307
1.0,2.0,1.4986364584433165,0.3401586099996366,0.2746718177578355,Feynman31,n,0.34443001696658415
1.0,2.0,1.1314596073314607,0.4577234724006559,0.4711173883473803,Feynman31,n,0.45956215537793454
1.0,2.0,4.281193968117778,0.11705699236756494,0.09522779080859761,Feynman31,n,0.11466885621476847
1.0,2.0,2.6492258157889332,0.18987320790713647,0.13370703858350586,Feynman31,n,0.18700735185745868
1.0,2.0,3.6435651025141427,0.13766262834828297,0.15689884803690524,Feynman31,n,0.13479977340397592
1.0,2.0,2.773976503881342,0.18123721278705993,0.17644744378869745,Feynman31,n,0.17854100357165317
1.0,2.0,2.218590074605839,0.2273211033916184,0.2157934749601328,Feynman31,n,0.22447915643082061
1.0,2.0,2.6478233973650416,0.1899750013774896,0.1797956475905076,Feynman31,n,0.18710728360024584
1.0,2.0,2.134334302982028,0.2364625447956625,0.2594965178752344,Feynman31,n,0.23390582284097944
1.0,2.0,1.9245957381055931,0.2628097194329452,0.2423287587226349,Feynman31,n,0.2616319834402317
1.0,2.0,2.0000848358729977,0.2526693033580062,0.3097044021213694,Feynman31,n,0.25087581627649985
1.0,2.0,2.171491266003177,0.23234126719914025,0.26474589156034234,Feynman31,n,0.2296419923391901
1.0,2.0,2.937529712002696,0.17104383473020027,0.21645943868357173,Feynman31,n,0.1685324889599368
1.0,2.0,4.614285717399653,0.10857231482492469,0.09691979782975577,Feynman31,n,0.10809039394868428
1.0,2.0,4.840414011053472,0.10348153774084784,0.1743807810696616,Feynman31,n,0.1048899032716786
1.0,2.0,1.9794203363230425,0.25536563499002013,0.2210249887393671,Feynman31,n,0.2537268668350763
1.0,2.0,4.744093621905348,0.10559031068177313,0.11521381980451927,Feynman31,n,0.10615733509189497
1.0,2.0,1.3644112911348447,0.3751997768072958,0.32287957278021423,Feynman31,n,0.3807372417255814
1.0,2.0,3.1165339544107002,0.161130980236905,0.17781741203766682,Feynman31,n,0.15870503047294202
1.0,2.0,2.6167304967187763,0.192260408632496,0.20248902750700787,Feynman31,n,0.18935238514086983
1.0,2.0,3.5867951892880416,0.13985568409230534,0.14639691352262438,Feynman31,n,0.13705960387374558
1.0,2.0,3.0899198334094344,0.1625311317103768,0.18399177014661883,Feynman31,n,0.16010176649391453
1.0,2.0,2.6546006199665952,0.18948409619279818,0.17631784633393272,Feynman31,n,0.18662540365828423
1.0,2.0,4.4108908428627895,0.11359996241025587,0.09377111455376622,Feynman31,n,0.11180033186086252
1.0,2.0,1.3563990286716372,0.37752736491034977,0.3707920069326752,Feynman31,n,0.3830974502099975
1.0,2.0,4.495388031336862,0.11145571791625244,0.10898335702458743,Feynman31,n,0.11014772875439939
1.0,2.0,4.694429878481861,0.10671161837383601,0.09794737832802747,Feynman31,n,0.10686248210760924
1.0,2.0,2.7460907710233924,0.18309836000782176,0.13655738619954574,Feynman31,n,0.18036463615219903
1.0,2.0,2.9322540922911076,0.17135461637448737,0.22896134623939413,Feynman31,n,0.1688386509411716
1.0,2.0,3.5639392465446034,0.14075854566024418,0.14442163457381446,Feynman31,n,0.13799018081653416
1.0,2.0,3.9806884404782683,0.1259390625363491,0.10820190302988446,Feynman31,n,0.12292316826864683
1.0,2.0,2.6320999620809675,0.1911238390487778,0.21070076517912983,Feynman31,n,0.1882354868634888
1.0,2.0,1.2058975260193057,0.42753499079724666,0.41967449500717835,Feynman31,n,0.4319464616556386
1.0,2.0,3.199460598226393,0.1569195410674221,0.14063236715645397,Feynman31,n,0.15448311915683433
1.0,2.0,2.0784951425002456,0.2429413685002764,0.2248871902873901,Feynman31,n,0.240652864814105
1.0,2.0,2.442479592855071,0.20616742484322306,0.23348077717665078,Feynman31,n,0.20310686891155225
1.0,2.0,3.3843766187498856,0.1482804739952763,0.15422134064173132,Feynman31,n,0.14571822098238552
1.0,2.0,4.9652154718870385,0.10087153976953725,0.1032182406917135,Feynman31,n,0.10338116529505101
1.0,2.0,3.9039100803519853,0.1284294848831429,0.16508083794179051,Feynman31,n,0.12539071110102612
1.0,2.0,2.2769216012329645,0.22139904849158987,0.2573217573895621,Feynman31,n,0.21843377885184817
1.0,2.0,3.7184041722877685,0.13487483753202908,0.11844714126625194,Feynman31,n,0.1319333890914771
1.0,2.0,4.4361502567534,0.112950352001425,0.10403127221456517,Feynman31,n,0.11128890227520599
1.0,2.0,2.1506850159165873,0.23463095417652746,0.2422201912630102,Feynman31,n,0.23200810325673674
1.0,2.0,4.888967904129749,0.10245020061010605,0.07404912943650539,Feynman31,n,0.1042900917162942
1.0,2.0,2.228721340789902,0.2262697052219115,0.18204220526997938,Feynman31,n,0.2234022826158085
1.0,2.0,3.035692345186582,0.1654610206676442,0.1444696297147902,Feynman31,n,0.16301443466552942
1.0,2.0,2.8906585304238406,0.17384530864974293,0.21811257021200503,Feynman31,n,0.1712892785630528
1.0,2.0,3.9323037699576195,0.12749706735173028,0.14736881752727493,Feynman31,n,0.12446150409541967
1.0,2.0,4.53753034670952,0.11041632542160316,0.09801398759357322,Feynman31,n,0.10938406101641383
1.0,2.0,2.885621399575277,0.17415187521167083,0.12114808627205387,Feynman31,n,0.17159057807830522
1.0,2.0,4.579902395115086,0.10939066903501565,0.14671596586523727,Feynman31,n,0.10865487519829234
1.0,2.0,3.8767194021140443,0.1293353069113555,0.10668705887261855,Feynman31,n,0.12629874636202076
1.0,2.0,4.614824565680852,0.10855958737808602,0.1246815956955148,Feynman31,n,0.10808173518160648
1.0,2.0,2.2994256477655686,0.2191966899339825,0.22781387327115082,Feynman31,n,0.21619809709413965
1.0,2.0,2.745100224709636,0.18316517828758647,0.1560786946629772,Feynman31,n,0.18043010687743508
1.0,2.0,2.0984764507393003,0.2405822025126938,0.24034761777646355,Feynman31,n,0.23818998786945045
1.0,2.0,2.9436611625801428,0.17068405744209292,0.20338731919041952,Feynman31,n,0.16817794360809094
1.0,2.0,3.443229819271413,0.14572774267314023,0.11809079592113145,Feynman31,n,0.14310306693555172
1.0,2.0,4.09163837613025,0.12250663511625001,0.14021294327336395,Feynman31,n,0.11961305008943855
1.0,2.0,3.8786128442613244,0.12927181447657848,0.11032925189878438,Feynman31,n,0.12623494042110725
1.0,2.0,4.114524758253022,0.12182181098680119,0.1903330863603239,Feynman31,n,0.11896831611475836
1.0,2.0,4.299380287318678,0.11655958340105167,0.11141600939452513,Feynman31,n,0.1142417352746775
1.0,2.0,1.3495406383107857,0.3795434386854662,0.35183727019893485,Feynman31,n,0.38513603053233647
1.0,2.0,1.6149141997836578,0.31478702895294164,0.3113942329493319,Feynman31,n,0.31743626797814084
1.0,2.0,4.216449440488393,0.1188628764358421,0.06557032404973742,Feynman31,n,0.11625635333855029
1.0,2.0,1.969118578675468,0.25673168366510435,0.2969394501385044,Feynman31,n,0.25517392295643443
1.0,2.0,2.9484286467509957,0.17040536350735055,0.2041283743971705,Feynman31,n,0.16790321450614404
1.0,2.0,2.6951492151219467,0.186599480864257,0.1984624481911216,Feynman31,n,0.18379587911776651
1.0,2.0,1.9221156844467946,0.2631568607917918,0.2628872026661306,Feynman31,n,0.2620017263760691
1.0,2.0,3.668009878186259,0.13673942038808717,0.11341146899843342,Feynman31,n,0.13384938459012077
1.0,2.0,4.961268652406702,0.10095205933785656,0.09947655709440868,Feynman31,n,0.10342759099711825
1.0,2.0,4.628829540992743,0.10822983925306638,0.07613285701806141,Feynman31,n,0.10785867238442653
1.0,2.0,2.3340436626263608,0.21589373381307866,0.23746458493360173,Feynman31,n,0.21285783767158364
1.0,2.0,1.014211532879381,0.5155274338736768,0.5492610189621993,Feynman31,n,0.508300416866089
1.0,2.0,1.7167928136970603,0.2955235400253139,0.325036880111168,Feynman31,n,0.2967324905523021
1.0,2.0,2.4114308697192084,0.20886098598637676,0.14040841184137245,Feynman31,n,0.20579500771606205
1.0,2.0,4.339924669287003,0.11546577360138892,0.08117519047856683,Feynman31,n,0.11331895629290153
1.0,2.0,1.423538283395215,0.3588924666220147,0.32042047287880315,Feynman31,n,0.36401143190028595
1.0,2.0,1.5310888423571547,0.33266701475549604,0.37522063245448184,Feynman31,n,0.33650722036272684
1.0,2.0,1.0287451552648346,0.5075402287488204,0.5176133656787577,Feynman31,n,0.5018889122198246
1.0,2.0,2.404219005758466,0.20949681487986654,0.2526390309401265,Feynman31,n,0.20643088301131657
1.0,2.0,4.646254009888606,0.10782237042154907,0.0702184289640734,Feynman31,n,0.10758639033499413
1.0,2.0,2.874401546957752,0.1748386526735303,0.160895001692417,Feynman31,n,0.17226532308382325
1.0,2.0,1.4085551877629365,0.3628858996266755,0.3739043401101915,Feynman31,n,0.3681369213779974
1.0,2.0,4.512683442848102,0.11102678287492337,0.13909897414470512,Feynman31,n,0.1098295734189927
1.0,2.0,1.0593666955363727,0.49153543887363504,0.5262401656604907,Feynman31,n,0.4887315488481886
1.0,2.0,2.233944173883991,0.22573151616474782,0.2194293954275412,Feynman31,n,0.2228516493205262
1.0,2.0,3.546941670128353,0.14143760888221757,0.11762628332892866,Feynman31,n,0.13868995943475304
1.0,2.0,3.4929948551457635,0.14363704162039054,0.12504845210576684,Feynman31,n,0.140954641415352
1.0,2.0,2.5331592218257,0.19868664733011743,0.18397825848198152,Feynman31,n,0.1956851318477279
1.0,2.0,3.1719533163986964,0.1582917823487048,0.18106271143112412,Feynman31,n,0.15586232552640422
1.0,2.0,3.5112854815072927,0.14288367484681405,0.18316924972595555,Feynman31,n,0.14017933804777338
1.0,2.0,2.7712975594891716,0.1814143569430551,0.2097586656979409,Feynman31,n,0.1787145854049971
1.0,2.0,3.9666141256317378,0.12638830906427312,0.11090975301429286,Feynman31,n,0.12336475592720958
1.0,2.0,3.9847852270282016,0.12580889583583663,0.1685793503107817,Feynman31,n,0.12279554117477993
1.0,2.0,4.073951136871205,0.12304119752102256,0.16377717679798673,Feynman31,n,0.1201202765444691
1.0,2.0,2.0772324784186704,0.2430920208993937,0.24764866873736416,Feynman31,n,0.24081036812026624
1.0,2.0,1.7746381539028993,0.28561498649742373,0.32855974842438185,Feynman31,n,0.2860671863236374
1.0,2.0,4.7891269716883915,0.10459376468802302,0.08015661805121571,Feynman31,n,0.10554996506854374
1.0,2.0,2.422586941470013,0.20788504277865102,0.26607630093559875,Feynman31,n,0.20481998901923215
1.0,2.0,2.3379010476895425,0.2155318980015197,0.3079109095474821,Feynman31,n,0.2124928315775962
1.0,2.0,2.1834279449111826,0.23104790730547614,0.2536438588440838,Feynman31,n,0.22830857864745263
1.0,2.0,1.4059797130210936,0.36358152853504244,0.33299097067464156,Feynman31,n,0.3688536569784683
1.0,2.0,1.3444831925828744,0.3810443396089165,0.39935227077586943,Feynman31,n,0.386650179498999
1.0,2.0,4.20076600607741,0.11930876112227819,0.09183613278388378,Feynman31,n,0.1166566863760516
1.0,2.0,2.1378557349021787,0.23606564190887297,0.2557166638387839,Feynman31,n,0.23349421757235148
1.0,2.0,3.2389827237177937,0.15498922724363373,0.09959634480489381,Feynman31,n,0.15253697223378426
1.0,2.0,4.686756090706971,0.10688700888947521,0.12409249008322881,Feynman31,n,0.10697505079308345
1.0,2.0,4.06698911183197,0.1232528962244131,0.09649202125015297,Feynman31,n,0.12032206828962033
1.0,2.0,2.766406665230153,0.18173866529936386,0.12420024377014163,Feynman31,n,0.17903236462309782
1.0,2.0,2.2304417205044693,0.22609214222231222,0.21782838765173335,Feynman31,n,0.22322056924112718
1.0,2.0,3.5286308939956688,0.14217652964454314,0.1439538121793357,Feynman31,n,0.13945118044582164
1.0,2.0,4.379000651616792,0.11443087390400108,0.09083344164262779,Feynman31,n,0.11246770467378725
1.0,2.0,3.7132493120607744,0.135063221507446,0.10781626355685274,Feynman31,n,0.13212669195518575
1.0,2.0,4.545370449067511,0.11022509758385503,0.12589216962896002,Feynman31,n,0.10924626878050962
1.0,2.0,1.0972857419456052,0.4731245537630282,0.44004298153264176,Feynman31,n,0.47308040397452134
1.0,2.0,1.775607034697333,0.285454760249389,0.3002201656148364,Feynman31,n,0.28589481560314195
1.0,2.0,4.528006815499069,0.11064950999842595,0.14771598905808347,Feynman31,n,0.10955322673923043
1.0,2.0,2.2145163790811084,0.2277466459979175,0.20760745858199317,Feynman31,n,0.2249154469945998
1.0,2.0,3.9090713262459653,0.12825897956879714,0.0885769617264833,Feynman31,n,0.12522035758528455
1.0,2.0,4.570846605060085,0.1096082657453085,0.11378339201800788,Feynman31,n,0.1088075489196129
1.0,2.0,3.962064305741253,0.12653422567995778,0.11298557733786105,Feynman31,n,0.12350854415221708
1.0,2.0,1.0644589720031448,0.4889760654005767,0.4587044402941463,Feynman31,n,0.48658893400843906
1.0,2.0,1.6819412648680112,0.3018379228737442,0.24578627638030606,Feynman31,n,0.30352843081886977
1.0,2.0,2.3959907352363152,0.21022703543820057,0.2646866260928842,Feynman31,n,0.2071617963572219
1.0,2.0,1.0695403935730559,0.4864498612354604,0.5253314565066706,Feynman31,n,0.48446361629999596
1.0,2.0,3.9729083094095086,0.12618700462076074,0.0499960539060548,Feynman31,n,0.1231666742272158
1.0,2.0,4.916830434469162,0.1018676168888936,0.1577950059878271,Feynman31,n,0.10395434360068853
1.0,2.0,4.952491040860714,0.10113159497015034,0.07538587824958769,Feynman31,n,0.10353100449625006
1.0,2.0,4.1834207682067195,0.1198058127993118,0.07965915350819174,Feynman31,n,0.11710662361877744
1.0,2.0,2.976596865798285,0.16877721361453313,0.20308934867941225,Feynman31,n,0.166296593163112
1.0,2.0,1.138556233953366,0.45465530446797353,0.5323426792146431,Feynman31,n,0.45682279894581035
1.0,2.0,4.543396643924169,0.1102731780982088,0.12965738915391745,Feynman31,n,0.10928083457706393
1.0,2.0,3.1020786564127243,0.16188844348196788,0.1541252438180371,Feynman31,n,0.15946105155031912
1.0,2.0,2.653401445110755,0.18957077193805846,0.1960342788463209,Feynman31,n,0.18671047737596622
1.0,2.0,2.599161620383958,0.1935764030689378,0.1826935753104954,Feynman31,n,0.19064663652533073
1.0,2.0,3.1500669130377954,0.15940095755538017,0.12221031768378936,Feynman31,n,0.1569745866199068
1.0,2.0,2.393537860932835,0.21044571008950963,0.2340942256497163,Feynman31,n,0.20738081256836943
1.0,2.0,4.70698608396455,0.10642587678802491,0.16233205960434818,Feynman31,n,0.1066804387253042
1.0,2.0,2.5834928461917044,0.19476546214515927,0.1580518533026183,Feynman31,n,0.19181710229511884
1.0,2.0,2.3434715184175743,0.21501152133402296,0.21904379329624984,Feynman31,n,0.21196821005181266
1.0,2.0,4.880251244829954,0.10263383245435213,0.05453409021230305,Feynman31,n,0.10439626885898798
1.0,2.0,4.456855353959579,0.11242339429615626,0.05632933200500274,Feynman31,n,0.11088084725876311
1.0,2.0,4.188215036224175,0.11966801176225274,0.12331810440934356,Feynman31,n,0.11698150491488744
1.0,2.0,4.055911286294604,0.1235912564523136,0.10934644213801023,Feynman31,n,0.1206456407300831
1.0,2.0,3.4578907255118922,0.14510549737864997,0.11683066968123737,Feynman31,n,0.14246418885533502
1.0,2.0,3.052768825292658,0.1645270029275777,0.15478232239079343,Feynman31,n,0.16208731483040809
1.0,2.0,2.4144761941499167,0.2085936633066557,0.2022667511664851,Feynman31,n,0.20552781896963881
1.0,2.0,4.393211149693076,0.11405911395921238,0.11236630145057701,Feynman31,n,0.11216730689458514
1.0,2.0,2.392308046610324,0.21055552111897882,0.17134819739985296,Feynman31,n,0.20749081854788426
1.0,2.0,3.490797487539818,0.14372808504112325,0.13754971058738422,Feynman31,n,0.14104830008722088
1.0,2.0,3.5259973522184165,0.1422834424301494,0.17588512656778824,Feynman31,n,0.13956129295038897
1.0,2.0,3.43452838372087,0.1460995924552406,0.178613709009558,Feynman31,n,0.14348460977672753
1.0,2.0,2.4856977762780192,0.2025325526905985,0.24004256208512806,Feynman31,n,0.19949305582340168
1.0,2.0,1.8150906932029778,0.27907684611096945,0.2324425652139867,Feynman31,n,0.2790386409971487
1.0,2.0,3.2886328749026967,0.15263079065487034,0.15882433720897718,Feynman31,n,0.15014947998551373
1.0,2.0,2.880360361691032,0.17447323159860514,0.17510255720431644,Feynman31,n,0.17190634331976165
1.0,2.0,4.405649818969328,0.11373568794007465,0.10466251079070953,Feynman31,n,0.11190834097610781
1.0,2.0,4.005728502042498,0.1251476603874365,0.06559510416939557,Feynman31,n,0.12214953319733055
1.0,2.0,2.6684407267892567,0.18848948130423454,0.1649133281380577,Feynman31,n,0.18564941662440657
1.0,2.0,2.68787987577302,0.18711010160238534,0.18389411313544726,Feynman31,n,0.18429652925166393
1.0,2.0,4.408906671762044,0.11365130780570522,0.09281577977533083,Feynman31,n,0.11184114552445641
1.0,2.0,3.2428889062461006,0.15480103023836703,0.13181986934765882,Feynman31,n,0.15234684949720534
1.0,2.0,4.855053480599597,0.1031683958062031,0.16403815712018008,Feynman31,n,0.10470678372472372
1.0,2.0,1.3985657788791732,0.36559935821302836,0.3246044750712074,Feynman31,n,0.37092946247433345
1.0,2.0,3.458344693341449,0.14508631496581187,0.07666139140862932,Feynman31,n,0.14244448580872676
1.0,2.0,3.9664003262338805,0.126395158237608,0.0932537286017661,Feynman31,n,0.12337150132320289
1.0,2.0,1.3331617136841527,0.38444884942163365,0.3830192195575312,Feynman31,n,0.39007349041033584
1.0,2.0,4.366076280009418,0.11477110284800947,0.1068733207207418,Feynman31,n,0.11274514741028425
1.0,2.0,1.234800084767441,0.4168955421021643,0.4251149239856267,Feynman31,n,0.42186752242951375
1.0,2.0,2.4172674107178835,0.20834925139345747,0.18065476016688575,Feynman31,n,0.20528360849401472
1.0,2.0,2.3009615818461393,0.21904798526653413,0.20811023742731716,Feynman31,n,0.2160473869621599
1.0,2.0,3.2734472929027048,0.15334443698272346,0.11835602957912297,Feynman31,n,0.15087304574904764
1.0,2.0,2.3893547832780646,0.2108196924054339,0.24598916752176908,Feynman31,n,0.20775552317368845
1.0,2.0,1.3281505754843068,0.38597581190505365,0.3941138944020777,Feynman31,n,0.39160375125279917
1.0,2.0,2.4277190820367553,0.2074391576442863,0.19608034200925398,Feynman31,n,0.20437492281059194
1.0,2.0,1.8044286528146531,0.2807704598229506,0.28726941540128037,Feynman31,n,0.28085811489734996
1.0,2.0,3.543843579265069,0.14156208840602058,0.0637845197782166,Feynman31,n,0.13881821604020006
1.0,2.0,1.6705266609794478,0.3039660726836776,0.3097636065233643,Feynman31,n,0.3058175054956926
1.0,2.0,4.034967191806189,0.12423608747272222,0.056149566174568066,Feynman31,n,0.12126572303741646
1.0,2.0,2.3141017641958683,0.21778405776786622,0.16888128012375825,Feynman31,n,0.2147676582467031
1.0,2.0,3.298053081442645,0.15219142996951526,0.20615371498892315,Feynman31,n,0.1497035290402691
1.0,2.0,3.352016977690552,0.14972268157972551,0.09967571761227188,Feynman31,n,0.14719104023991425
1.0,2.0,4.030781380488577,0.12436577080395407,0.1651830069238521,Feynman31,n,0.12139095376438437
1.0,2.0,4.528151638652851,0.11064595659979969,0.1930392292731614,Feynman31,n,0.10955063949562023
1.0,2.0,2.9524260270823564,0.17017239168268522,0.16191412942069244,Feynman31,n,0.16767349664158548
1.0,2.0,4.323232727208616,0.11591358887086244,0.13265335460887343,Feynman31,n,0.11369395536506886
1.0,2.0,1.449472262621463,0.3521888541512894,0.32319024351326076,Feynman31,n,0.3570459729861788
1.0,2.0,4.2072904108618605,0.11912286366695628,0.0917088776153667,Feynman31,n,0.1164893961203238
1.0,2.0,4.480783618955092,0.11182050957438745,0.1511561043947321,Feynman31,n,0.11042161025749114
1.0,2.0,1.25840857758925,0.40860246914796766,0.38193292775466,Feynman31,n,0.4138898221517179
1.0,2.0,3.284140641704988,0.15284120756974034,0.11376773424521071,Feynman31,n,0.1503629228822247
1.0,2.0,1.014764323308007,0.5152187860783767,0.4914433815685781,Feynman31,n,0.5080545597376728
1.0,2.0,3.558459732956676,0.14097673975651373,0.15172835907388635,Feynman31,n,0.13821504875999976
1.0,2.0,2.7185604643163006,0.1849738888677205,0.1455050481811473,Feynman31,n,0.1822024799265844
1.0,2.0,3.663385035526219,0.1369131332434318,0.13750104741134417,Feynman31,n,0.13402814438391855
1.0,2.0,1.9689003969656746,0.2567607752148941,0.23619271781938123,Feynman31,n,0.2552047581911482
1.0,2.0,2.928133859373667,0.17159812582069076,0.1730105665840013,Feynman31,n,0.16907847754105587
1.0,2.0,4.3650952489336525,0.11479701091594452,0.055813430321136226,Feynman31,n,0.11276637213331808
1.0,2.0,4.910741702723994,0.10199436006440549,0.0862259816905397,Feynman31,n,0.10402728143285878
1.0,2.0,3.358808944593693,0.1494176462594898,0.1886245476092887,Feynman31,n,0.1468798310185638
1.0,2.0,4.37489927611578,0.11453862180143391,0.1626683577094976,Feynman31,n,0.11255530952437552
1.0,2.0,2.4736425483954174,0.2035334135210584,0.1943180980138269,Feynman31,n,0.20048660878337773
1.0,2.0,2.4890054598343747,0.20225966971020054,0.1974704253730242,Feynman31,n,0.19922235721753007
1.0,2.0,2.178740899493809,0.23155401998569358,0.19713214133020612,Feynman31,n,0.228830095019271
1.0,2.0,2.4571359266032884,0.20492011405926808,0.2016613297743078,Feynman31,n,0.20186505901446078
1.0,2.0,2.8205476004212082,0.17821237155724454,0.15523326306347218,Feynman31,n,0.17557610110310282
1.0,2.0,1.000679938319586,0.5232065241692629,0.5053893906766569,Feynman31,n,0.5143683186161309
1.0,2.0,4.515666264931763,0.11095314162610888,0.1503569675749076,Feynman31,n,0.10977537533101484
1.0,2.0,1.4350018650668295,0.3558973293455989,0.3772023051388623,Feynman31,n,0.3609053756818081
1.0,2.0,2.2469455682944104,0.2244029325570202,0.20870075912728575,Feynman31,n,0.2214940791065189
1.0,2.0,1.8226136426854587,0.2778942724589485,0.24941938991031132,Feynman31,n,0.2777687790461747
1.0,2.0,4.141786198895655,0.1210160232309986,0.09093386991943947,Feynman31,n,0.1182174354115803
1.0,2.0,2.8604938218094773,0.17569755271825613,0.2431869299242751,Feynman31,n,0.1731087564552496
1.0,2.0,2.7324243621732287,0.18402459160037726,0.14710980575337218,Feynman31,n,0.1812722114751588
1.0,2.0,2.990594968419404,0.16797968313501135,0.16886162995015605,Feynman31,n,0.16550851672339953
1.0,2.0,4.642288970932376,0.10791482190931503,0.03955124963035031,Feynman31,n,0.10764784622001364
1.0,2.0,4.82755680713451,0.10375813147963886,0.1014416052037725,Feynman31,n,0.10505254761888229
1.0,2.0,3.2222363313666262,0.15580129094928966,0.14252372497780263,Feynman31,n,0.15335656492078478
1.0,2.0,2.195086788373598,0.22979860413178865,0.27200884495909705,Feynman31,n,0.22702274755385726
1.0,2.0,4.348450938657215,0.11523836436384242,0.16172854369473288,Feynman31,n,0.11313004240366274
1.0,2.0,4.09195895108582,0.12249698932344975,0.1450558144062877,Feynman31,n,0.11960392878748148
1.0,2.0,2.940121178525521,0.17089158852424988,0.19650075653391924,Feynman31,n,0.16838247214544627
1.0,2.0,1.2729354195203557,0.4036666268006208,0.3873064937214091,Feynman31,n,0.4090921832453086
1.0,2.0,1.1632097076832846,0.4443212186700241,0.4107459387044475,Feynman31,n,0.4474835782621141
1.0,2.0,1.248231152329926,0.41213539550616163,0.4448114265923117,Feynman31,n,0.41730124946148145
1.0,2.0,1.3898087059761681,0.36801252447387894,0.43635913796005404,Feynman31,n,0.3734055243949218
1.0,2.0,4.6747545368395365,0.1071624751108497,0.054123981607598876,Feynman31,n,0.10715314698552841
1.0,2.0,1.6614435140838664,0.30568146957742093,0.24877861973119086,Feynman31,n,0.3076618656439193
1.0,2.0,3.624866097218456,0.13837732173859477,0.1745596148895252,Feynman31,n,0.1355359974769454
1.0,2.0,4.972887463010187,0.10071539006039916,0.11813345972905576,Feynman31,n,0.10329103070625122
1.0,2.0,4.4150681716105264,0.11349201540853113,0.15350500349951954,Feynman31,n,0.11171471165536327
1.0,2.0,3.7855584325075005,0.13246798912467514,0.152611623677684,Feynman31,n,0.12947146766508832
1.0,2.0,4.433884994386325,0.11300830494476514,0.13183251135469679,Feynman31,n,0.11133415345528426
1.0,2.0,2.3361836070028774,0.2156928486557028,0.24440808704140143,Feynman31,n,0.2126551702405824
1.0,2.0,1.3067848617841338,0.3926287477267252,0.41762668014926496,Feynman31,n,0.39823319557393555
1.0,2.0,1.4803153184053945,0.3445422619739276,0.3194861592837517,Feynman31,n,0.34904327214849246
1.0,2.0,1.4252292147488985,0.3584474285561061,0.3323641617469726,Feynman31,n,0.3635505470901892
1.0,2.0,4.849967883274451,0.1032769625721135,0.17016375613780685,Feynman31,n,0.10477015749562675
1.0,2.0,4.3201008274990915,0.11599800037249672,0.13260871787407053,Feynman31,n,0.11376507964276629
1.0,2.0,4.680033882434797,0.10704112563175514,0.10357097206765072,Feynman31,n,0.10707449447473208
1.0,2.0,4.376273901435692,0.11450248614797143,0.09500504331511678,Feynman31,n,0.11252590241380483
1.0,2.0,4.435784018600955,0.11295971755403253,0.10396428224120863,Feynman31,n,0.11129621014117252
1.0,2.0,4.85907369194206,0.10308273447376211,0.09359453897734324,Feynman31,n,0.1046568607044408
1.0,2.0,3.6084192384602587,0.13901211830758586,0.12933705162417258,Feynman31,n,0.13619014833650245
1.0,2.0,3.8699931395781504,0.12956136402237586,0.11289168937893981,Feynman31,n,0.12652610375399873
1.0,2.0,2.5492577734913344,0.1974153290396305,0.18663574757055867,Feynman31,n,0.19442957348370404
1.0,2.0,3.309589396639097,0.15165682040143252,0.14044154644579032,Feynman31,n,0.14916040741663214
1.0,2.0,2.3022694404057176,0.21892152248725888,0.18791029345059673,Feynman31,n,0.21591924296355683
1.0,2.0,3.8825669466495154,0.12913942369728282,0.21358391132997662,Feynman31,n,0.12610197029305467
1.0,2.0,3.0639529703864987,0.163920993106322,0.15940686646031102,Feynman31,n,0.16148509096911795
1.0,2.0,1.1143795853854437,0.4652879406595176,0.4544816044974134,Feynman31,n,0.46625030650150295
1.0,2.0,4.799365477196117,0.10436981977580266,0.09131990853311135,Feynman31,n,0.10541569058868479
1.0,2.0,4.3596111213703725,0.11494205755158218,0.13283774248774605,Feynman31,n,0.11288545258477618
1.0,2.0,2.0747756868927794,0.2433856900500654,0.2388935603743673,Feynman31,n,0.24111746948366605
1.0,2.0,1.2541850963811751,0.4100609633964393,0.45598290641872996,Feynman31,n,0.4153004558299607
1.0,2.0,2.407908745998047,0.20917102498469345,0.17784975071184403,Feynman31,n,0.20610500494288428
1.0,2.0,4.46796198783041,0.11214274891074258,0.07694425025139781,Feynman31,n,0.11066605282467104
1.0,2.0,4.093901511679324,0.12243857209535022,0.11166015775141352,Feynman31,n,0.11954871208886704
1.0,2.0,1.534480015235741,0.3319035500576269,0.41615517431313676,Feynman31,n,0.3356972644636126
1.0,2.0,1.1650096554532796,0.4435858155609106,0.4002987282268281,Feynman31,n,0.44681237540838653
1.0,2.0,1.23231739005803,0.4177879169289853,0.3565683827672298,Feynman31,n,0.42271966604620675
1.0,2.0,3.7145661489716644,0.1350150476207643,0.15598404717095427,Feynman31,n,0.1320772533492269
1.0,2.0,3.8504597771548044,0.13022235916581607,0.10311525827564696,Feynman31,n,0.12719247864397482
1.0,2.0,2.9601015903312304,0.1697268412361344,0.22862910499783315,Feynman31,n,0.16723401199212598
1.0,2.0,1.5404511448215001,0.33056790523470236,0.3181631926625259,Feynman31,n,0.33427922334034504
1.0,2.0,3.475439194388092,0.1443676726545071,0.17276922625206764,Feynman31,n,0.14170601907513045
1.0,2.0,1.6812065141235992,0.3019739979858558,0.3254100396443799,Feynman31,n,0.30367482276958563
1.0,2.0,2.847048715568257,0.1765359864318303,0.14988469702443832,Feynman31,n,0.1739316914279149
1.0,2.0,1.5957254602966815,0.31870507383424473,0.32348728938171617,Feynman31,n,0.32163142063298944
1.0,2.0,2.206717234295681,0.22856585464403104,0.2343566989708056,Feynman31,n,0.22575605310768407
1.0,2.0,1.0526805659028953,0.4949389129192203,0.4252407734591229,Feynman31,n,0.4915642949188388
1.0,2.0,3.11049175326969,0.1614467262092546,0.14801412315352222,Feynman31,n,0.15902029300214657
1.0,2.0,2.404127052605439,0.20950494705008738,0.2435953429585307,Feynman31,n,0.2064390191196983
1.0,2.0,3.689910420430584,0.13592278712688588,0.13601180941341867,Feynman31,n,0.1330095469329432
1.0,2.0,4.257158095563106,0.11772095623421278,0.07230981371164401,Feynman31,n,0.11524598090179412
1.0,2.0,4.949522762209581,0.10119245241032389,0.15278227870094677,Feynman31,n,0.1035660328656028
1.0,2.0,4.616401436844685,0.10852235928989708,0.0928561792721392,Feynman31,n,0.10805642909110148
1.0,2.0,1.1963637255122608,0.43116900137299913,0.45801522197400907,Feynman31,n,0.43534822168031173
1.0,2.0,1.4469388258790925,0.3528324031493558,0.3356293580513934,Feynman31,n,0.35771676764533605
1.0,2.0,3.4574206909572953,0.14512536405568982,0.15922300901687467,Feynman31,n,0.14248459425354779
1.0,2.0,4.937562201674202,0.10143842031069776,0.09193655817451127,Feynman31,n,0.1037075215669186
1.0,2.0,1.2825597531422948,0.40046368697491774,0.4156266660940499,Feynman31,n,0.40595949852061175
1.0,2.0,4.209685876244638,0.11905475621334119,0.1323393802338764,Feynman31,n,0.11642824266959322
1.0,2.0,4.2880738153630205,0.1168683240084087,0.09717023506086243,Feynman31,n,0.11450631164305164
1.0,2.0,2.9639497508335686,0.16950434476708962,0.19731247374386976,Feynman31,n,0.16701446540955492
1.0,2.0,3.8996521586323225,0.128570490853408,0.09001390284267716,Feynman31,n,0.12553173213950286
1.0,2.0,3.6552772557890867,0.1372187389470822,0.15406250915890457,Feynman31,n,0.13434270945563637
1.0,2.0,3.74128646560139,0.134044929819718,0.18221133206608747,Feynman31,n,0.13108274057300384
1.0,2.0,3.170142134299072,0.15838298207616827,0.1528642637568623,Feynman31,n,0.1559538639396415
1.0,2.0,2.30859812797157,0.21831164713813436,0.22332188408666567,Feynman31,n,0.21530157291297045
1.0,2.0,1.156829750491581,0.4469484091027073,0.4737218134100468,Feynman31,n,0.44987427243490674
1.0,2.0,1.9241100935989137,0.26287762369678275,0.2455203581060547,Feynman31,n,0.26170430164037767
1.0,2.0,3.888674946853888,0.12893544999609416,0.17010638174214343,Feynman31,n,0.1258973043165951
1.0,2.0,4.937308255305759,0.1014436556826026,0.1500414555632876,Feynman31,n,0.10371053214780102
1.0,2.0,1.0133309330083917,0.5160199197266611,0.5306610833124302,Feynman31,n,0.50869239670716
1.0,2.0,2.9748278460285076,0.16887854401900218,0.164148923749726,Feynman31,n,0.16639666906337164
1.0,2.0,4.521749522912276,0.11080325841419728,0.16410896865184768,Feynman31,n,0.10966544996179291
1.0,2.0,3.185166643585568,0.15762962057432378,0.13832116056411178,Feynman31,n,0.15519724244124192
1.0,2.0,4.066243219571522,0.12327562036588953,0.08978869207582127,Feynman31,n,0.12034375925070356
1.0,2.0,3.2279041825665185,0.1555254914181604,0.11461568505769572,Feynman31,n,0.15307835027049913
1.0,2.0,3.9109191016667872,0.12819804734265028,0.08598706118874674,Feynman31,n,0.12515952547179243
1.0,2.0,3.276223892065807,0.1532134506080651,0.1875181124270861,Feynman31,n,0.15074031177653005
1.0,2.0,4.204472323072429,0.11920308711235014,0.09272427821206668,Feynman31,n,0.11656152285806909
1.0,2.0,4.181376050359779,0.11986468068647314,0.1322426825726091,Feynman31,n,0.11716016122027745
1.0,2.0,1.8816913233827552,0.26894903063912373,0.27429957912322134,Feynman31,n,0.26818354429917673
1.0,2.0,1.6653430299004803,0.30494262105785336,0.3699082931086594,Feynman31,n,0.30686756079413346
1.0,2.0,2.1650471814213943,0.23304558904944941,0.2677269756886975,Feynman31,n,0.23036907609663632
1.0,2.0,1.975136907736256,0.2559318424428311,0.2771783346206277,Feynman31,n,0.2543264423834576
1.0,2.0,1.779308598018209,0.2848442992127851,0.3159015195441716,Feynman31,n,0.2852381313293643
1.0,2.0,4.0510109877475635,0.12374152569236399,0.050659868557488705,Feynman31,n,0.12078974646251814
1.0,2.0,1.7488332726671114,0.28995061187886695,0.30382861321639576,Feynman31,n,0.2907329847885444
1.0,2.0,3.068703202761262,0.16366495785009816,0.15919215473280196,Feynman31,n,0.16123048740599344
1.0,2.0,2.9248570939185856,0.17179228271662972,0.17107641310675514,Feynman31,n,0.16926965914223938
1.0,2.0,1.8190566979483065,0.278452139216171,0.25443837033906946,Feynman31,n,0.27836775892311033
1.0,2.0,3.9035285471038232,0.1284421071433094,0.16670305602311647,Feynman31,n,0.12540332956364417
1.0,2.0,4.999911850264457,0.10016919306930873,0.06043958796325124,Feynman31,n,0.10297425141852909
1.0,2.0,3.2752060498768434,0.15326144133438374,0.16385314464172576,Feynman31,n,0.15078894660686687
1.0,2.0,3.8205964013219997,0.13124609321728378,0.13687022792919626,Feynman31,n,0.12822877745673503
1.0,2.0,2.822154114668872,0.17810983711957243,0.2271787923140808,Feynman31,n,0.17547555476438303
1.0,2.0,3.5744801300966187,0.1403407079711688,0.1547553705709121,Feynman31,n,0.13755953016833977
1.0,2.0,4.436811339108137,0.11293345054339365,0.08153282166160586,Feynman31,n,0.11127571908763229
1.0,2.0,1.2182484166236347,0.42292043040019167,0.3832249396481228,Feynman31,n,0.42759676047229694
1.0,2.0,4.970800470618767,0.1007578191023747,0.03691686960716212,Feynman31,n,0.10331553677447453
1.0,2.0,4.256948660502356,0.11772677482213313,0.10877489327634686,Feynman31,n,0.11525107294961262
1.0,2.0,3.197621336154786,0.15701054957955218,0.15536865329204314,Feynman31,n,0.15457469900138834
1.0,2.0,2.3423864364306928,0.2151126877011122,0.2731226860331377,Feynman31,n,0.21207017266266548
1.0,2.0,4.2470275461286695,0.11800306829295396,0.13895174063455368,Feynman31,n,0.11549354266126383
1.0,2.0,3.7712263938439494,0.1329743984961995,0.2212350476677391,Feynman31,n,0.12998807805842535
1.0,2.0,4.120049476710635,0.12165764458876668,0.13198437653235298,Feynman31,n,0.11881464135691623
1.0,2.0,2.6592032072958958,0.1891521626676421,0.2000181534265577,Feynman31,n,0.18629963779854639
1.0,2.0,2.9779811226995596,0.16869800781097,0.14280292317353785,Feynman31,n,0.16621835972453652
1.0,2.0,4.608815024010191,0.10870170057491477,0.1389497289365998,Feynman31,n,0.10817862604855626
1.0,2.0,3.9374486464035225,0.12732956620930855,0.1129840607698424,Feynman31,n,0.12429522133643717
1.0,2.0,2.648806764877532,0.1899036128968081,0.22321490503283925,Feynman31,n,0.18703720021946327
1.0,2.0,2.414977441548017,0.2085497292003363,0.2234569786499467,Feynman31,n,0.20548391552044798
1.0,2.0,4.306797018170256,0.11635794463476891,0.10245599804871355,Feynman31,n,0.11406990116955791
1.0,2.0,3.385506414166025,0.148230624828202,0.12033141913507402,Feynman31,n,0.14566725049702306
1.0,2.0,4.3422241453177115,0.1154043543592398,0.08810486472657507,Feynman31,n,0.11326783232658984
1.0,2.0,3.310419891384781,0.15161847952589427,0.19092233896451186,Feynman31,n,0.149121435390012
1.0,2.0,3.2832689814943388,0.15288210376550343,0.17374937125046044,Feynman31,n,0.15040439738767514
1.0,2.0,2.8141730787074244,0.1786203927119793,0.16292723984011764,Feynman31,n,0.17597617513401403
1.0,2.0,3.1972869787511224,0.15702710530393507,0.150222672742035,Feynman31,n,0.15459135697709905
1.0,2.0,1.8381452237030844,0.2754846331376936,0.25298522763759923,Feynman31,n,0.27518298079952946
1.0,2.0,4.825768662746127,0.10379671674832483,0.10616648645943447,Feynman31,n,0.10507530932169819
1.0,2.0,2.2529936744572296,0.22379025159457555,0.14502362434518973,Feynman31,n,0.22086886370066913
1.0,2.0,4.049249112249614,0.1237956437544314,0.08477116216075298,Feynman31,n,0.12084170459556867
1.0,2.0,1.5320743421206626,0.33244477716707,0.35625248091271094,Feynman31,n,0.3362714957913934
1.0,2.0,1.543827905875471,0.3298174209157747,0.3936450802940904,Feynman31,n,0.33348186048232564
1.0,2.0,3.2956140436645733,0.15230494346007803,0.19440204654170434,Feynman31,n,0.14981878033646792
1.0,2.0,3.5575185167111996,0.14101428728907905,0.17782456254720902,Feynman31,n,0.13825374325505901
1.0,2.0,2.0953414489376065,0.24094928194126375,0.21434733577502796,Feynman31,n,0.2385727587257728
1.0,2.0,1.9475892401116348,0.25963483761663264,0.25539955402104964,Feynman31,n,0.2582547583086405
1.0,2.0,2.93750862646451,0.17104507460376683,0.11737650303870097,Feynman31,n,0.16853371058582226
1.0,2.0,1.2581647381448557,0.4086863828401242,0.38570629994010597,Feynman31,n,0.41397106951775764
1.0,2.0,3.6186495495453266,0.13861657581898906,0.13529621617761192,Feynman31,n,0.13578252632581134
1.0,2.0,4.551109969779493,0.11008552527240463,0.1265179698764461,Feynman31,n,0.10914623027910646
1.0,2.0,4.948823273238834,0.10120680443905057,0.12312828539416569,Feynman31,n,0.10357429207117574
1.0,2.0,4.0448489478358916,0.12393100743644735,0.15430749487654302,Feynman31,n,0.12097180288323406
1.0,2.0,3.549176162648671,0.1413479645079962,0.05776322793473569,Feynman31,n,0.13859759057299034
1.0,2.0,1.132444024910471,0.45729529288871335,0.4657698195315809,Feynman31,n,0.4591807848644937
1.0,2.0,1.8359452671986918,0.27582336636849086,0.2648140549454365,Feynman31,n,0.2755463300480475
1.0,2.0,2.7014591269038415,0.1861585208279392,0.18153510125510236,Feynman31,n,0.18336358964968735
1.0,2.0,3.227646271855309,0.15553802014528947,0.18163279758590553,Feynman31,n,0.15309099187080583
1.0,2.0,1.950171630020944,0.25928310975906566,0.2870446080916046,Feynman31,n,0.25788111759345594
1.0,2.0,1.0694557627517844,0.4864917109043819,0.5311292300211901,Feynman31,n,0.48449890959183073
1.0,2.0,2.5664289908314477,0.19607722929991003,0.23814600033292221,Feynman31,n,0.19310962450651395
1.0,2.0,3.974768524747744,0.1261276331111765,0.12108990511271073,Feynman31,n,0.12310831761189321
1.0,2.0,4.451109481909513,0.11256913573166351,0.10704189035225407,Feynman31,n,0.11099308677079782
1.0,2.0,2.3713596892433717,0.21244391359175,0.22207790547284897,Feynman31,n,0.2093850388694821
1.0,2.0,1.739051940379425,0.29162915913023774,0.28792120999517967,Feynman31,n,0.29253991306481103
1.0,2.0,3.625685226372057,0.13834585797244767,0.13842670053172468,Feynman31,n,0.13550357915600245
1.0,2.0,3.538306395900218,0.14178511776627656,0.08484176693618169,Feynman31,n,0.13904799347113275
1.0,2.0,2.925959878406422,0.17172689058103252,0.164039443925277,Feynman31,n,0.16920527289308715
1.0,2.0,3.103149867982097,0.16183206625595847,0.08250158342745118,Feynman31,n,0.15940481487265037
1.0,2.0,1.5586000693928543,0.32657475211792,0.24781835770312255,Feynman31,n,0.33003202740198134
1.0,2.0,4.613841447211673,0.10858281061270265,0.12045666101461777,Feynman31,n,0.10809753722351385
1.0,2.0,4.387114654691894,0.11421830706147465,0.08384152277623351,Feynman31,n,0.11229558640097362
1.0,2.0,2.795656686472561,0.17981631791751448,0.217365889773145,Feynman31,n,0.17714852233974213
1.0,2.0,4.45536661250515,0.11246111923588598,0.07674043873395288,Feynman31,n,0.11090985483025118
1.0,2.0,1.8791482475710155,0.2693220594301878,0.3105481695278575,Feynman31,n,0.2685824161701143
1.0,2.0,4.631791224329309,0.10816036315773173,0.10890030858275859,Feynman31,n,0.10781198541705787
1.0,2.0,1.1663559942229802,0.4430373942587629,0.4152277833301546,Feynman31,n,0.44631126228491375
1.0,2.0,4.709830956863142,0.10636134892100715,0.13143519769852,Feynman31,n,0.10663955686397224
1.0,2.0,2.962675193501532,0.16957797333620037,0.15142015825833904,Feynman31,n,0.16708712373483914
1.0,2.0,1.616516160629164,0.3144643638896972,0.2923133682329206,Feynman31,n,0.31709045564375754
1.0,2.0,4.2942047518707,0.11670070619596858,0.15046059217694213,Feynman31,n,0.11436245152595019
1.0,2.0,4.22657214678844,0.11857685456924288,0.11622392793653102,Feynman31,n,0.11600123684041237
1.0,2.0,3.5498720446549554,0.14132007008023809,0.06630059345076952,Feynman31,n,0.13856884765562943
1.0,2.0,4.23939705270384,0.1182164561544715,0.08362061947583982,Feynman31,n,0.11568170386690074
1.0,2.0,2.6357326104602623,0.19085717821652973,0.17380064896807737,Feynman31,n,0.1879735515193766
1.0,2.0,2.616786997250635,0.19225620551451447,0.19387188290691149,Feynman31,n,0.18934825330308916
1.0,2.0,3.2116166891127893,0.15632069942992205,0.15723175524841398,Feynman31,n,0.15388012667304876
1.0,2.0,3.622184724047487,0.13848041710685197,0.07529786190444207,Feynman31,n,0.1356422241678785
1.0,2.0,2.3709962554780746,0.2124769766881903,0.1797770501405289,Feynman31,n,0.20941824603269077
1.0,2.0,2.162663435397294,0.2333072198169697,0.24074945141973297,Feynman31,n,0.23063933171886222
1.0,2.0,4.835340255100444,0.10359051150558198,0.10419789052874674,Feynman31,n,0.1049538764193603
1.0,2.0,2.1723832216211982,0.23224411718151722,0.23888621533734242,Feynman31,n,0.2295417550836634
1.0,2.0,1.6068897037929193,0.3164135130074538,0.34357479941034685,Feynman31,n,0.31917869945171423
1.0,2.0,2.379867606728616,0.21167286460447984,0.2148993548436926,Feynman31,n,0.20861104219114604
1.0,2.0,3.7494395567577166,0.1337516988383479,0.19832058346326276,Feynman31,n,0.1307825819518291
1.0,2.0,4.025620278066844,0.12452604442913082,0.20439673091807659,Feynman31,n,0.12154595984757356
1.0,2.0,4.877379004406533,0.1026944858134059,0.1356453861402128,Feynman31,n,0.10443138773422146
1.0,2.0,1.4005214082533821,0.36506487430256984,0.35087201634300363,Feynman31,n,0.370380095339081
1.0,2.0,3.0682448955936708,0.16368962536157897,0.18836466575635413,Feynman31,n,0.16125502137877828
1.0,2.0,4.141378120986554,0.12102800631853829,0.09760081747817473,Feynman31,n,0.11822853810841658
1.0,2.0,3.341718419556953,0.15018759456047864,0.1581426364898026,Feynman31,n,0.1476650443583872
1.0,2.0,3.3187119297576486,0.15123673125998943,0.14431761847492836,Feynman31,n,0.14873325285009326
1.0,2.0,4.6296968049556,0.10820948544545779,0.10708286868859081,Feynman31,n,0.10784498373817591
1.0,2.0,2.380597082264011,0.21160701671301224,0.19517315555509354,Feynman31,n,0.2085449790634789
1.0,2.0,1.2910328837422411,0.3976869089119398,0.38664363244103905,Feynman31,n,0.40323141059945655
1.0,2.0,1.9200441781358868,0.26344752874344673,0.29531144646710633,Feynman31,n,0.2623113885716165
1.0,2.0,2.748813175411756,0.18291496983343036,0.2389767245327467,Feynman31,n,0.18018494520938041
1.0,2.0,4.487373280087979,0.11165561599449998,0.12433447942168999,Feynman31,n,0.11029743525727628
1.0,2.0,4.3985469530336845,0.11392014872181837,0.13915863460652694,Feynman31,n,0.11205576525373205
1.0,2.0,2.482834396179466,0.20276938029427813,0.2635544939798292,Feynman31,n,0.19972805380476352
1.0,2.0,1.3686480569810069,0.3739808504300505,0.36480024160035107,Feynman31,n,0.37949842914574966
1.0,2.0,4.030374741272863,0.12437838362430689,0.11435383626298846,Feynman31,n,0.1214031426650211
1.0,2.0,1.4483951151128753,0.35246217973321514,0.3275967848933846,Feynman31,n,0.3573309236267998
1.0,2.0,4.964112479468117,0.10089402910163557,0.14074130026193793,Feynman31,n,0.1033941354071243
1.0,2.0,4.091912947686772,0.12249837342799876,0.10454686487579568,Feynman31,n,0.11960523756206969
1.0,2.0,3.4710968581257955,0.14454954403769302,0.15553403826442896,Feynman31,n,0.14189296481576247
1.0,2.0,4.032134761033651,0.12432381116054908,0.10425828399423043,Feynman31,n,0.12135041601412293
1.0,2.0,2.041906482385245,0.2473847796968804,0.2597662079881862,Feynman31,n,0.24530944983183633
1.0,2.0,4.814262593085619,0.10404568849756514,0.1220733011936511,Feynman31,n,0.10522263468593776
1.0,2.0,1.7261747122935316,0.2938693097214009,0.3535452912740036,Feynman31,n,0.2949515926624243
1.0,2.0,2.7950312148940593,0.17985699671213412,0.17197000148174355,Feynman31,n,0.17718839279610252
1.0,2.0,3.436647290387454,0.1460088671427303,0.12538529045659672,Feynman31,n,0.1433915371083243
1.0,2.0,2.896669221179463,0.1734809066126645,0.19331658292036122,Feynman31,n,0.17093104894992892
1.0,2.0,2.385120045851958,0.21119966014214359,0.12753439193999516,Feynman31,n,0.20813641799661103
1.0,2.0,3.4864877596462853,0.14390698654288325,0.1528667182158309,Feynman31,n,0.1412323164188357
1.0,2.0,4.978861465224121,0.1005941348424395,0.0867706999945904,Feynman31,n,0.10322092816836591
1.0,2.0,2.2339792720528298,0.22572790819599595,0.18996686215962794,Feynman31,n,0.2228479592914511
1.0,2.0,3.8680329744683526,0.12962739070440352,0.13767965844401134,Feynman31,n,0.12659256357302545
1.0,2.0,4.331555435706788,0.1156898709976394,0.09701686683351626,Feynman31,n,0.11350612293618256
1.0,2.0,2.5260102796640247,0.19925650751368607,0.23275402201580767,Feynman31,n,0.19624842163252762
1.0,2.0,3.5075801665561825,0.14303565067750248,0.12621132339715196,Feynman31,n,0.14033577938105873
1.0,2.0,1.6392557630828732,0.3099557193210814,0.31824177199556186,Feynman31,n,0.31225379882507565
1.0,2.0,3.3683803245563273,0.14898989601563573,0.14192126727686064,Feynman31,n,0.1464431485073307
1.0,2.0,3.397243583170241,0.14771473717993405,0.18420877454343887,Feynman31,n,0.14513951911892198
1.0,2.0,4.933625728087078,0.10151963574960104,0.09370028352008915,Feynman31,n,0.10375422212251532
1.0,2.0,4.807109772845233,0.10420106738507794,0.0596289692654416,Feynman31,n,0.10531499589429823
1.0,2.0,3.1781968044137643,0.157978206483377,0.1664093097370786,Feynman31,n,0.15554746779354725
1.0,2.0,1.4571919582463324,0.3502426036933194,0.3482363466892258,Feynman31,n,0.35501468891029736
1.0,2.0,2.316362902177255,0.21756804502579408,0.2260483289226038,Feynman31,n,0.21454916731309726
1.0,2.0,2.7040758707478565,0.18597626744540538,0.1849830655287188,Feynman31,n,0.18318493472508304
1.0,2.0,4.270959343605824,0.1173387923897297,0.1400808649526766,Feynman31,n,0.11491283973875908
1.0,2.0,1.2786279793551847,0.40176581402545464,0.36023796702327016,Feynman31,n,0.4072348941942123
1.0,2.0,1.7558911557033459,0.2887515587210103,0.3112721392913413,Feynman31,n,0.2894423700776647
1.0,2.0,2.233415120029475,0.22578591514663676,0.22505201211049594,Feynman31,n,0.22290728776706947
1.0,2.0,2.3712295365072715,0.2124557529409623,0.22802365258600144,Feynman31,n,0.20939692963914797
1.0,2.0,4.844362529972605,0.10339689053220699,0.09871924087851619,Feynman31,n,0.10484030204111808
1.0,2.0,2.3954787593872187,0.21027264045065905,0.2205498029910841,Feynman31,n,0.2072074674826675
1.0,2.0,1.965941596151422,0.2571559504364261,0.21156565581335351,Feynman31,n,0.25562369478878477
1.0,2.0,2.079960463038093,0.2427667728645443,0.2030307970276239,Feynman31,n,0.24047036334500124
1.0,2.0,1.3550702968192514,0.3779162356562549,0.39849348341090385,Feynman31,n,0.38349107987890724
1.0,2.0,2.0415804559577047,0.2474251116933512,0.2759501596453554,Feynman31,n,0.2453518195854352
1.0,2.0,4.200353957418498,0.11932052099973861,0.12684247406159313,Feynman31,n,0.11666728743416242
1.0,2.0,1.622829009594128,0.31319936507261514,0.284826467111513,Feynman31,n,0.3157342654364241
1.0,2.0,4.470487993992485,0.11207911698926244,0.13777298739674565,Feynman31,n,0.11061759759330389
1.0,2.0,4.0828871760344905,0.12277053983763449,0.15053395413192983,Feynman31,n,0.11986303800317161
1.0,2.0,4.296009532667871,0.1166514558478034,0.13774160182485246,Feynman31,n,0.11432028069408982
1.0,2.0,1.9811079347247698,0.25514325408273364,0.27889775487298785,Feynman31,n,0.25349146217492036
1.0,2.0,1.5498792150651433,0.3284811771496062,0.28356414341826003,Feynman31,n,0.3320611407694185
1.0,2.0,1.7863471987395858,0.28369077159795125,0.292972061962224,Feynman31,n,0.2839974799942779
1.0,2.0,2.7529211386249357,0.18263894215024132,0.17778632433661426,Feynman31,n,0.17991448653254666
1.0,2.0,4.2013613835145875,0.11929177314132935,0.1334747004598252,Feynman31,n,0.11664137621574193
1.0,2.0,1.9980058240471075,0.2529379676811888,0.28106940688543924,Feynman31,n,0.25115957938653094
1.0,2.0,3.3884486258683673,0.14810096543726703,0.174523434619186,Feynman31,n,0.14553465529131884
1.0,2.0,2.6744407022332553,0.18806155180948167,0.16876940471813115,Feynman31,n,0.18522963032458895
1.0,2.0,4.38182291539031,0.11435684768429145,0.09674092894312429,Feynman31,n,0.11240765741016477
1.0,2.0,2.9848578854111,0.16830563105017693,0.11855013195872988,Feynman31,n,0.16583069199987616
1.0,2.0,3.4417342680225,0.1457915187600665,0.16632376019621486,Feynman31,n,0.143168518930828
1.0,2.0,3.1917699605053116,0.15730078784785873,0.14588942840411448,Feynman31,n,0.1548666549489561
1.0,2.0,4.683154978716715,0.1069695144618495,0.09144010694717737,Feynman31,n,0.10702822551719635
1.0,2.0,2.79218996080253,0.18004201657713487,0.20785660638081185,Feynman31,n,0.1773697316178989
1.0,2.0,3.156613449208058,0.1590675543968764,0.14641088553433154,Feynman31,n,0.15664049132583854
1.0,2.0,1.3527902645217944,0.3785854375548488,0.3222937041552721,Feynman31,n,0.38416800482106517
1.0,2.0,2.8156858241475824,0.17852339480809112,0.16749703097493635,Feynman31,n,0.1758810714898967
1.0,2.0,1.4197426409716298,0.35989557901502867,0.38339339185148413,Feynman31,n,0.36504943972416093
1.0,2.0,3.043419010945211,0.16503708543843687,0.12988978233744652,Feynman31,n,0.16259378709358827
1.0,2.0,1.0502551550169161,0.4961858043164774,0.4557056669214371,Feynman31,n,0.49259738127231917
1.0,2.0,3.545111920873813,0.14151110059393326,0.12367304568116361,Feynman31,n,0.13876568199321385
1.0,2.0,4.613430121402306,0.10859252990950212,0.13720497104813026,Feynman31,n,0.10810415425199545
1.0,2.0,4.513130416790034,0.11101574154292225,0.06106082030084963,Feynman31,n,0.10982143934499974
1.0,2.0,4.376495226252576,0.11449667017688263,0.08947227397704366,Feynman31,n,0.11252117192168923
1.0,2.0,4.686331478070479,0.10689673061595417,0.030296748251567696,Feynman31,n,0.10698130904201059
1.0,2.0,4.3262047902040575,0.11583359910187471,0.05303409763266187,Feynman31,n,0.11362668428437066
1.0,2.0,4.399160728568548,0.1139041853610281,0.06565018664566187,Feynman31,n,0.1120429783811223
1.0,2.0,1.0882502207037716,0.4773794267822062,0.48593367208773663,Feynman31,n,0.47674670221181925
1.0,2.0,1.5813354581520804,0.3217091070008865,0.29583802997280917,Feynman31,n,0.3248424766848196
1.0,2.0,1.7508844964876054,0.289601091853288,0.2665959646684531,Feynman31,n,0.29035675990991333
1.0,2.0,3.860170758248525,0.12989290314243018,0.10803580133390792,Feynman31,n,0.12686005502843492
1.0,2.0,1.4337814571608645,0.35621375426221924,0.37711738722267446,Feynman31,n,0.3612339888946249
1.0,2.0,2.8107289382980682,0.17884162833291198,0.2181360516795101,Feynman31,n,0.17619307918932517
1.0,2.0,1.0511297793377756,0.49573540405601574,0.47983495095184897,Feynman31,n,0.49222450277539676
1.0,2.0,3.237479028692146,0.15506179670344183,0.20408607606279455,Feynman31,n,0.15261026605916972
1.0,2.0,1.8019088397708178,0.28117376981231945,0.29508556175994133,Feynman31,n,0.28129153297276294
1.0,2.0,1.5534680709865336,0.32769389270019234,0.3321715394806235,Feynman31,n,0.33122349391387435
1.0,2.0,3.98883348454544,0.12568053578780355,0.19697915380834474,Feynman31,n,0.12266983019319785
1.0,2.0,2.6038618704359733,0.19322255818490552,0.13383340439473992,Feynman31,n,0.19029852229010036
1.0,2.0,1.8288126730189052,0.2769274210460628,0.27917844278638965,Feynman31,n,0.2767309583660561
1.0,2.0,2.635422898820264,0.19087988393344774,0.17448111127277618,Feynman31,n,0.18799585331146038
1.0,2.0,3.3650302326081496,0.14913933354649356,0.11119969197639774,Feynman31,n,0.14659574272102352
1.0,2.0,3.634934717072114,0.13799156719985026,0.1274536484702389,Feynman31,n,0.13513857943604538
1.0,2.0,3.649521321122656,0.13743652884028185,0.09466514125616152,Feynman31,n,0.13456694124681687
1.0,2.0,2.229187956613589,0.22622151729094866,0.25359521053522005,Feynman31,n,0.22335296398683782
1.0,2.0,2.593560181234388,0.1939997986118683,0.15208440780379073,Feynman31,n,0.19106329191603408
1.0,2.0,1.6674569162864379,0.30454361497125226,0.37528336901674564,Feynman31,n,0.3064385485130862
1.0,2.0,1.380270189909215,0.3706784821401559,0.38162084656961964,Feynman31,n,0.37613265264813184
1.0,2.0,3.089859137225978,0.16253435283320636,0.19508454071059605,Feynman31,n,0.16010497602374735
1.0,2.0,1.8280162502788384,0.27705125567002975,0.2733713844019163,Feynman31,n,0.2768638619797589
1.0,2.0,3.9491881292397832,0.12694901264097433,0.13747341677829994,Feynman31,n,0.12391820689326258
1.0,2.0,4.363555246887001,0.11483770451186708,0.08456019130435856,Feynman31,n,0.11279973739734542
1.0,2.0,4.30811268498339,0.11632224858057585,0.05254937155057898,Feynman31,n,0.1140395613551472
1.0,2.0,1.6003171795185076,0.31775850230207525,0.3580653436409233,Feynman31,n,0.3206186026845061
1.0,2.0,4.789108697379017,0.10459416525933635,0.08620251551715719,Feynman31,n,0.10555020592693976
1.0,2.0,3.196730898189208,0.15705464742787967,0.1397047279017118,Feynman31,n,0.15461906806003517
1.0,2.0,4.03376182875064,0.12427340379817527,0.11976048399040887,Feynman31,n,0.1213017405241725
1.0,2.0,3.032580332273785,0.16563238474330483,0.1376631276954371,Feynman31,n,0.16318439722793174
1.0,2.0,3.018066759131843,0.16643631264081662,0.18710321824852238,Feynman31,n,0.16398120634323876
1.0,2.0,3.1765325782540934,0.15806166933088345,0.1389719692306487,Feynman31,n,0.15563128962400818
1.0,2.0,1.8608683603940461,0.2720345908935969,0.2867771844656986,Feynman31,n,0.2714852865294799
1.0,2.0,1.9458068766844265,0.2598781636808932,0.2577140642459757,Feynman31,n,0.2585133042247044
1.0,2.0,1.6795026365633183,0.3022900348712102,0.2966916891947261,Feynman31,n,0.3040148072275149
1.0,2.0,3.597062029891749,0.1394538920952638,0.10760628337670625,Feynman31,n,0.13664546732995073
1.0,2.0,1.6227923296725972,0.3132066852507816,0.2746069603008889,Feynman31,n,0.3157421152961592
1.0,2.0,3.176880169373866,0.15804422992187522,0.11902021430022361,Feynman31,n,0.15561377627473136
1.0,2.0,2.4497336657478055,0.20554816917195626,0.2226010065385553,Feynman31,n,0.20249011326048338
1.0,2.0,3.48998299312185,0.14376186137577485,0.15677284928987284,Feynman31,n,0.14108304456812212
1.0,2.0,3.1595276394306326,0.1589195901187149,0.1570021817180428,Feynman31,n,0.15649215536324287
1.0,2.0,1.5000684268505937,0.33982078187245246,0.3953716746676271,Feynman31,n,0.3440737702817061
1.0,2.0,1.2771937814630214,0.4022429682435754,0.43696023245170124,Feynman31,n,0.40770162618079203
1.0,2.0,2.644857376297315,0.19019064991746457,0.23066994943807673,Feynman31,n,0.18731900540641422
1.0,2.0,3.23017952151236,0.155415048274607,0.17599386902862252,Feynman31,n,0.1529668990981967
1.0,2.0,2.701744314196231,0.18613864039577077,0.16912096604227764,Feynman31,n,0.18334410133779333
1.0,2.0,2.9615224540492164,0.16964462011506695,0.16816899472050575,Feynman31,n,0.16715288720144936
1.0,2.0,3.0917031272939712,0.16243655020190592,0.13229594406652412,Feynman31,n,0.16000751787175896
1.0,2.0,2.3008087931827754,0.21906276870717392,0.1890913609975401,Feynman31,n,0.21606236839365586
1.0,2.0,3.0508692630555423,0.16463037767070607,0.1316531983513109,Feynman31,n,0.16218998883056956
1.0,2.0,2.1517702351299195,0.23451040224852127,0.2222744805096696,Feynman31,n,0.2318833535199753
1.0,2.0,2.84777817856464,0.17649029094863442,0.154944444184614,Feynman31,n,0.1738868499948201
1.0,2.0,3.248267284539442,0.15454265358783734,0.13902935083661272,Feynman31,n,0.1520857179540819
1.0,2.0,4.196203892981439,0.11943909362456336,0.15510325057955496,Feynman31,n,0.11677429646298981
1.0,2.0,1.896727049219563,0.2667647373888444,0.2761506443599816,Feynman31,n,0.26584966089801915
1.0,2.0,3.3764460250303308,0.14863133947002086,0.15749868595088373,Feynman31,n,0.146076861578991
1.0,2.0,4.624391628036337,0.10833411277191357,0.1725198666803792,Feynman31,n,0.1079289454596455
1.0,2.0,4.023261680997541,0.12459942661590245,0.11984661411956256,Feynman31,n,0.12161701604940273
1.0,2.0,3.525453872693726,0.1423055259261651,0.15119142840258812,Feynman31,n,0.1395840364187987
1.0,2.0,4.326902565968822,0.11581483527932428,0.09835561720179894,Feynman31,n,0.11361092200587035
1.0,2.0,1.675888210503087,0.3029626733844536,0.267417629650333,Feynman31,n,0.3047383492383884
1.0,2.0,1.4287414138669847,0.357526650899249,0.34993223003307333,Feynman31,n,0.3625962758586874
1.0,2.0,4.3156156776587835,0.11611909971621823,0.09117276080439557,Feynman31,n,0.11386735677833215
1.0,2.0,4.2157317066242594,0.11888320886646125,0.16973120160314412,Feynman31,n,0.1162745394469018
1.0,2.0,2.8836665122641874,0.17427114523359874,0.20381207879857655,Feynman31,n,0.17170778118560837
1.0,2.0,4.437786274493987,0.11290853425925167,0.13154254012617958,Feynman31,n,0.11125629578350152
1.0,2.0,3.7244158206129123,0.134655807043068,0.11722720695173776,Feynman31,n,0.13170873279564016
1.0,2.0,1.165831074878537,0.4432510486997556,0.45783611574202915,Feynman31,n,0.4465065441143601
1.0,2.0,1.8391124000203072,0.27533598108950535,0.2694745253729344,Feynman31,n,0.2750235420806581
1.0,2.0,1.2812472160399615,0.40089740526970175,0.3964917101873485,Feynman31,n,0.40638459059858406
1.0,2.0,2.2001929523021073,0.2292557363256659,0.26815021804649786,Feynman31,n,0.22646467353932573
1.0,2.0,1.565841576465941,0.32500877933077066,0.3355864331821155,Feynman31,n,0.3283634454166822
1.0,2.0,1.6145225581890164,0.31486601550977317,0.30284251151577624,Feynman31,n,0.3175209136797293
1.0,2.0,3.571981703388671,0.14043951969524376,0.2066230008415442,Feynman31,n,0.13766137498480713
1.0,2.0,2.8568506229228645,0.17592394994292226,0.16043921245324455,Feynman31,n,0.17333100552960487
1.0,2.0,1.3790859488113565,0.3710122379599419,0.3893797221964725,Feynman31,n,0.37647344307054104
1.0,2.0,2.574338684400021,0.195466974804354,0.2143390345471902,Feynman31,n,0.19250815095752166
1.0,2.0,4.040572073706307,0.12406286303956925,0.10285736605116703,Feynman31,n,0.12109871602512189
1.0,2.0,4.253825063784776,0.1178136239986732,0.11632694672186324,Feynman31,n,0.11532714772604781
1.0,2.0,2.9459193522077887,0.1705519358142621,0.12036348819350937,Feynman31,n,0.16804771131524646
1.0,2.0,2.2476343178085156,0.22433299064902026,0.2032001287229433,Feynman31,n,0.22142267969894533
1.0,2.0,2.2997188681596246,0.21916828546770892,0.223846972761357,Feynman31,n,0.21616930717342434
1.0,2.0,4.907471562578056,0.10206256187120234,0.04255536986566885,Feynman31,n,0.10406654883978983
1.0,2.0,2.7492735270045783,0.18288399554039403,0.16080075456633777,Feynman31,n,0.18015459579097282
1.0,2.0,1.3800914613718867,0.3707288139047507,0.3601121609050546,Feynman31,n,0.3761840542045467
1.0,2.0,3.405507271185594,0.14735367735419477,0.19324713293034188,Feynman31,n,0.1447699155914254
1.0,2.0,3.62897085339923,0.13821979709917856,0.14362814160124587,Feynman31,n,0.1353736992864867
1.0,2.0,2.4916485241323576,0.2020421493426478,0.2241009279395372,Feynman31,n,0.19900663606346017
1.0,2.0,2.838009327318586,0.17710421778513008,0.21032978991932044,Feynman31,n,0.1744892193354754
1.0,2.0,1.7383338279542997,0.2917531702156055,0.34138133608013915,Feynman31,n,0.29267341575496303
1.0,2.0,2.5240356997044806,0.19941448679852783,0.22490231022923585,Feynman31,n,0.19640463516544776
1.0,2.0,1.3906552748241174,0.3677778121438539,0.31961981469885903,Feynman31,n,0.3731650061374036
1.0,2.0,2.0545644740557933,0.24582909671662612,0.2540391237433376,Feynman31,n,0.24367655494744223
1.0,2.0,4.735536463969016,0.10578182757199807,0.11940901101749894,Feynman31,n,0.10627605795891125
1.0,2.0,1.3533645185635708,0.37841666164577437,0.3990017093477506,Feynman31,n,0.383997336874868
1.0,2.0,4.015995577445331,0.12482604034706873,0.11663979438212067,Feynman31,n,0.12183678174640718
1.0,2.0,1.273647121030931,0.4034279673809037,0.4028361926954908,Feynman31,n,0.4088592828691996
1.0,2.0,3.380640317710175,0.14844556811568937,0.104436928046102,Feynman31,n,0.1458869992569593
1.0,2.0,1.900898069254033,0.266165149520501,0.29612924710436944,Feynman31,n,0.2652095510360319
1.0,2.0,4.577577538039151,0.10944644913828362,0.13202919376828315,Feynman31,n,0.10869390877077452
1.0,2.0,4.273740570577628,0.11726207964265262,0.13015845753398744,Feynman31,n,0.11484627996114737
1.0,2.0,3.1764431006294367,0.1580661592451632,0.17133258175898802,Feynman31,n,0.15563579848347006
1.0,2.0,3.0853920104478214,0.16277177409816632,0.1044346637159774,Feynman31,n,0.1603414965709871
1.0,2.0,4.351502442653551,0.11515719386852324,0.087487811007448,Feynman31,n,0.11306286300873541
1.0,2.0,1.6731914437921906,0.30346652268474494,0.33656976338804856,Feynman31,n,0.3052802669773981
1.0,2.0,3.425014147015372,0.1465083625933572,0.1302995137568173,Feynman31,n,0.1439038114852193
1.0,2.0,3.495496471705125,0.14353353305991892,0.14531826417585203,Feynman31,n,0.14084814971352583
1.0,2.0,4.629216483307527,0.10822075716068305,0.10310427093126451,Feynman31,n,0.10785256321557653
1.0,2.0,4.319529239338268,0.11601341921338111,0.060293932540672696,Feynman31,n,0.11377808627745448
1.0,2.0,3.78587304195397,0.1324569160790736,0.10604430408810282,Feynman31,n,0.12946018119321462
1.0,2.0,2.5598177798046478,0.19659025299106622,0.22310908720860453,Feynman31,n,0.19361550643177639
1.0,2.0,2.694060622610765,0.1866757683874064,0.1329711561202641,Feynman31,n,0.18387067206977964
1.0,2.0,1.088444948040911,0.4772868846384961,0.46513944696995546,Feynman31,n,0.4766672764584585
1.0,2.0,4.854247459942213,0.10318558739436484,0.15692451471680288,Feynman31,n,0.10471681128719526
1.0,2.0,1.1013603752678978,0.47123161483503756,0.42975587510326124,Feynman31,n,0.4714397938822256
1.0,2.0,1.126229826776679,0.46001228786242476,0.4446504301388394,Feynman31,n,0.4615956813424674
1.0,2.0,2.3763558518633943,0.2119904405902046,0.21172083889936638,Feynman31,n,0.2089297367346135
1.0,2.0,1.3064088258959248,0.39274795392095574,0.4244897216992683,Feynman31,n,0.39835141156531817
1.0,2.0,1.146453185670759,0.45129106590402235,0.41692046403613997,Feynman31,n,0.4538014775751883
1.0,2.0,4.837943866572186,0.10353456262030747,0.18864229416937733,Feynman31,n,0.10492101479961626
1.0,2.0,4.1678485923991975,0.1202556049647279,0.1417613678755289,Feynman31,n,0.11751699868854532
1.0,2.0,2.200901347087901,0.2291806268945057,0.24592782652468217,Feynman31,n,0.22638749214282453
1.0,2.0,4.594318167209293,0.10904606047290971,0.12670791923721028,Feynman31,n,0.10841530901099498
1.0,2.0,1.6807346046778169,0.3020614609395663,0.2827845739756618,Feynman31,n,0.30376891509574117
1.0,2.0,4.127372552731045,0.12144072261211677,0.11609351403110531,Feynman31,n,0.1186121213545101
1.0,2.0,3.499211612472771,0.14338008886056008,0.18589814671852617,Feynman31,n,0.14069026445180693
1.0,2.0,3.4767226567551965,0.14431400491485463,0.15550298093363127,Feynman31,n,0.1416508468398407
1.0,2.0,2.9935123004059836,0.16781442325033705,0.13572845360188612,Feynman31,n,0.16534512038526183
1.0,2.0,4.650402260390859,0.1077258167867732,0.05774569461735914,Feynman31,n,0.10752240842585685
1.0,2.0,1.5085722481568165,0.3378286040236993,0.27464834601951654,Feynman31,n,0.3419709464887421
1.0,2.0,1.9968283785636758,0.2530903817841504,0.21388920972541514,Feynman31,n,0.25132059086726577
1.0,2.0,1.8659119036132936,0.2712806712701318,0.2723668875413492,Feynman31,n,0.2706780520622437
1.0,2.0,2.5238144787097316,0.19943220163526193,0.304205180437693,Feynman31,n,0.19642215352557538
1.0,2.0,2.175960956235471,0.23185526029005724,0.30701828486156346,Feynman31,n,0.22914066867400748
1.0,2.0,4.8587054383379344,0.10309057517030842,0.05480064289924902,Feynman31,n,0.10466142737919086
1.0,2.0,3.9263610640057425,0.12769109418614544,0.16130321806691914,Feynman31,n,0.12465437131174509
1.0,2.0,4.380649967048415,0.11438760172847799,0.12216507836432866,Feynman31,n,0.11243259004484717
1.0,2.0,2.5252816148662967,0.19931477610380785,0.23683653548016667,Feynman31,n,0.19630603610771202
1.0,2.0,2.231202265846737,0.22601373477537456,0.23079960751400005,Feynman31,n,0.22314034309301495
1.0,2.0,3.7209408676270948,0.13478232758412248,0.17227858430033194,Feynman31,n,0.13183849050088392
1.0,2.0,3.466689841829739,0.14473459522658733,0.14150275130155138,Feynman31,n,0.14208313995642696
1.0,2.0,2.042237290241574,0.24734386978231895,0.2544373661522323,Feynman31,n,0.24526647480264577
1.0,2.0,3.397686230582152,0.14769535186964078,0.15480832910761305,Feynman31,n,0.14511968035825862
1.0,2.0,3.4551508102070643,0.1452213806775902,0.1647227684687351,Feynman31,n,0.14258320755282192
1.0,2.0,1.6906892132970213,0.3002273355665055,0.26970265800206794,Feynman31,n,0.3017954893507095
1.0,2.0,2.177542237997984,0.23168381243498226,0.22546631390379804,Feynman31,n,0.2289638937627266
1.0,2.0,2.548564702250481,0.1974697240690523,0.16406831511953285,Feynman31,n,0.19448326388865872
1.0,2.0,3.531229602644412,0.14207118888326467,0.1298932673068876,Feynman31,n,0.13934267977744666
1.0,2.0,2.912042674380568,0.1725558296128376,0.18484953230672346,Feynman31,n,0.17002118345479839
1.0,2.0,2.7041837356380065,0.18596876247574173,0.18088728685032957,Feynman31,n,0.18317757811097546
1.0,2.0,3.9158580077182323,0.1280354666277191,0.07813042613947468,Feynman31,n,0.12499733206062351
1.0,2.0,1.9030910795406228,0.26585099567579223,0.2203743293108167,Feynman31,n,0.26487426232793443
1.0,2.0,1.2657429164629357,0.40609498194670013,0.4296374771789645,Feynman31,n,0.41145711076962393
1.0,2.0,1.678934844570466,0.3023954989128836,0.2677507087288266,Feynman31,n,0.3041282584847789
1.0,2.0,3.3811931793954866,0.14842111582746592,0.12727928308610623,Feynman31,n,0.145862004174374
1.0,2.0,2.1938612253126997,0.22992928764678808,0.27438264961658876,Feynman31,n,0.22715715206826154
1.0,2.0,2.92950141390676,0.17151722504169023,0.15006318856296239,Feynman31,n,0.1689988063758378
1.0,2.0,4.539103871835154,0.11037789227853838,0.10079954490202621,Feynman31,n,0.10935629968852596
1.0,2.0,3.095138162573761,0.16225467568466406,0.1214059166633546,Feynman31,n,0.1598262424614304
1.0,2.0,4.302297297792675,0.11648019508448276,0.06910693488138568,Feynman31,n,0.11417399022228147
1.0,2.0,2.5837494735174036,0.194745868998795,0.15890723131592197,Feynman31,n,0.1917978069319454
1.0,2.0,1.8862673416674793,0.2682804307890329,0.2661408013425674,Feynman31,n,0.2674688364978522
1.0,2.0,3.697656947085375,0.13563627019527374,0.15173757632940835,Feynman31,n,0.13271512329156324
1.0,2.0,4.8889481203552965,0.10245061664497941,0.07570336410163367,Feynman31,n,0.10429033203743132
1.0,2.0,4.577912666858593,0.10943840490439172,0.13628294787147222,Feynman31,n,0.10868827519784117
1.0,2.0,3.4418583975281867,0.14578622326617727,0.13426495024441945,Feynman31,n,0.1431630844914945
1.0,2.0,3.595262373566065,0.13952415399893914,0.12136838979991943,Feynman31,n,0.13671788687583658
1.0,2.0,2.566142703494739,0.19609938908761818,0.20009024409676385,Feynman31,n,0.1931314712223362
1.0,2.0,4.509726503942979,0.11109988185739075,0.12224404251341499,Feynman31,n,0.10988349550427029
1.0,2.0,3.7758512796219557,0.13281055855563248,0.11126308467434834,Feynman31,n,0.1298208455004061
1.0,2.0,3.8354844139725124,0.13073371347948412,0.12098234799109359,Feynman31,n,0.12770950319161783
1.0,2.0,2.690467864433119,0.18692799136140995,0.21082417217885194,Feynman31,n,0.18411796587162113
1.0,2.0,2.210930097706351,0.22812260564445622,0.26034524219295296,Feynman31,n,0.22530111124270877
1.0,2.0,2.657335961417946,0.1892866852214014,0.18209093446444108,Feynman31,n,0.1864316546448263
1.0,2.0,3.70599820609061,0.13532910790006156,0.1591371267904366,Feynman31,n,0.13239964021282064
1.0,2.0,3.30633343357951,0.15180732414715606,0.17234516297121266,Feynman31,n,0.14931336198695366
1.0,2.0,1.2856103700806099,0.39945935967016366,0.4432544440954921,Feynman31,n,0.4049740848391042
1.0,2.0,3.79808258148641,0.1320286166775414,0.07820406017371795,Feynman31,n,0.12902396135399108
1.0,2.0,3.7738670438855406,0.13288080192411814,0.13647411973181467,Feynman31,n,0.12989253286222793
1.0,2.0,4.194649902304384,0.11948355392783132,0.11185029774332442,Feynman31,n,0.11681447715832302
1.0,2.0,4.226146899947059,0.1185888423532539,0.1531965358904642,Feynman31,n,0.11601190242189555
1.0,2.0,1.9232754583963518,0.26299440789559664,0.27382225521107545,Feynman31,n,0.2618286852383054
1.0,2.0,2.7158526622263346,0.18516045028400524,0.19863294470241125,Feynman31,n,0.1823853179449609
1.0,2.0,4.704999271312278,0.1064709885366134,0.1253658345747699,Feynman31,n,0.10670906903052638
1.0,2.0,1.4092480101119627,0.36269923541635174,0.4299887796364743,Feynman31,n,0.367944496534515
1.0,2.0,3.2365528164810335,0.15510653037493316,0.12477969461740525,Feynman31,n,0.1526554412022663
1.0,2.0,2.0416358962988213,0.24741825235540937,0.20620604301370543,Feynman31,n,0.2453446135551728
1.0,2.0,2.4590802136802217,0.20475578886821202,0.21298661643308783,Feynman31,n,0.2017015954631881
1.0,2.0,3.6969951800777476,0.1356606992998833,0.11685898731397759,Feynman31,n,0.13274022124736856
1.0,2.0,4.867924946547198,0.10289463621677092,0.1073952963270675,Feynman31,n,0.104547469683977
1.0,2.0,2.5475954337764635,0.19754584680454904,0.15793391226972392,Feynman31,n,0.19455840500995422
1.0,2.0,2.7517773719390397,0.18271571143053672,0.15383055184614663,Feynman31,n,0.17998970688654017
1.0,2.0,3.266452851333985,0.1536753993925671,0.15570545721039367,Feynman31,n,0.1512082770425733
1.0,2.0,1.6036426497863125,0.3170765320732829,0.32418439203062427,Feynman31,n,0.319888619482266
1.0,2.0,1.1437979224186545,0.45241645731620683,0.5052990810877321,Feynman31,n,0.4548142075970537
1.0,2.0,4.59916605041878,0.10893066029090623,0.1258223030499292,Feynman31,n,0.10833569200498645
1.0,2.0,4.0265859557876515,0.12449602464241602,0.20436388412100936,Feynman31,n,0.12151690705700126
1.0,2.0,4.768253223785013,0.10505332780970136,0.1252383334431094,Feynman31,n,0.1058279723432906
1.0,2.0,1.9387474089945402,0.2608464649112263,0.2605347324358501,Feynman31,n,0.25954265475511235
1.0,2.0,2.11396646735467,0.2387849223667771,0.20152406421176633,Feynman31,n,0.23631829623426556
1.0,2.0,2.206908848728637,0.22854565654137016,0.22177962857129022,Feynman31,n,0.2257353162742174
1.0,2.0,3.60782346216152,0.13903522306849112,0.12892549104297246,Feynman31,n,0.13621396034128075
1.0,2.0,1.7058192077876533,0.2974825890254178,0.3034772695876307,Feynman31,n,0.29884139073982247
1.0,2.0,2.0742326379669653,0.24345069941971653,0.2658709951126001,Feynman31,n,0.24118546617077352
1.0,2.0,3.866289188412432,0.1296861855714894,0.15107309937168845,Feynman31,n,0.12665176410835238
1.0,2.0,1.2838499554102762,0.4000382907399667,0.4139450099862398,Feynman31,n,0.40554229420400545
1.0,2.0,3.294301991968096,0.15236607705730634,0.17026705355953814,Feynman31,n,0.1498808397111452
1.0,2.0,3.0926207779104087,0.16238792335355537,0.1770671553694072,Feynman31,n,0.1599590564986499
1.0,2.0,1.9087905695706913,0.2650380310369079,0.29464155354334126,Feynman31,n,0.2640069200104392
1.0,2.0,2.3195761880906676,0.21726181313193743,0.2186544166524892,Feynman31,n,0.21423953312399924
1.0,2.0,4.020518681099016,0.12468487772995805,0.09547691966021721,Feynman31,n,0.1216998258139192
1.0,2.0,4.546832699703795,0.11018950526241295,0.12897956057410206,Feynman31,n,0.10922071528253066
1.0,2.0,3.9694364702969085,0.1262979635204055,0.15833581278688397,Feynman31,n,0.12327581530501139
1.0,2.0,4.875600670657647,0.1027320750572305,0.031494610631881,Feynman31,n,0.10445316537280125
1.0,2.0,1.0098449568362944,0.5179792865736468,0.5240269020808311,Feynman31,n,0.5102480570964352
1.0,2.0,2.8069385240755,0.17908574478487402,0.12888098601045805,Feynman31,n,0.176432399080213
1.0,2.0,1.6443439290300992,0.30896482394481867,0.28175299727495956,Feynman31,n,0.3111897765986333
1.0,2.0,2.195814831768897,0.2297210427977961,0.23550290068308183,Feynman31,n,0.22694298886782077
1.0,2.0,2.97679507801295,0.16876586752430345,0.14403634597684725,Feynman31,n,0.16628538680673194
1.0,2.0,4.272441223383126,0.11729790616140144,0.16947900278786354,Feynman31,n,0.11487735170426686
1.0,2.0,3.5870197793483247,0.13984686992781528,0.1312501013878321,Feynman31,n,0.1370505188081492
1.0,2.0,4.22890831234395,0.11851104095569992,0.16751385557818854,Feynman31,n,0.11594272445058756
1.0,2.0,1.696213241303663,0.2992192714782569,0.33159715966588865,Feynman31,n,0.30071064199648134
1.0,2.0,1.9886400781649458,0.254155473820673,0.2861599141211182,Feynman31,n,0.25244639777115013
1.0,2.0,1.7963623787025114,0.2820656646962612,0.29224900272347193,Feynman31,n,0.28225018192603146
1.0,2.0,1.0254883684591527,0.5093072896679471,0.460108146256805,Feynman31,n,0.5033162032573977
1.0,2.0,4.778902310332713,0.10481836970881311,0.08475969344358869,Feynman31,n,0.10568541134746803
1.0,2.0,1.2361120905008756,0.41642554693938116,0.43288223205974613,Feynman31,n,0.4214182211422082
1.0,2.0,3.7217509076788184,0.13475281329582636,0.15538393979900117,Feynman31,n,0.13180821796450587
1.0,2.0,1.2896080518447923,0.3981510705088811,0.453656270807217,Feynman31,n,0.4036882176296157
1.0,2.0,2.196850907135509,0.2296107566606583,0.17070987184298614,Feynman31,n,0.22682959248915777
1.0,2.0,1.699306124141171,0.29865785815802737,0.2752726754215002,Feynman31,n,0.30010640936373634
1.0,2.0,3.349710701891492,0.14982654370349188,0.14544391000895632,Feynman31,n,0.14729696689106136
1.0,2.0,3.5335097513883933,0.1419788901291426,0.1369811864566616,Feynman31,n,0.13924760666372102
1.0,2.0,1.8743265081224223,0.2700322172478609,0.2611818274676927,Feynman31,n,0.2693420016206121
1.0,2.0,4.334474980210329,0.11561159734714042,0.11546225281429798,Feynman31,n,0.11344063606074617
1.0,2.0,2.7078663020411313,0.18571290369700694,0.1890979410509168,Feynman31,n,0.18292678501241633
1.0,2.0,1.4641409632924796,0.34850937344644944,0.33597072770109193,Feynman31,n,0.35320245511514986
1.0,2.0,1.4920325729250017,0.34172550984573735,0.3872064781061285,Feynman31,n,0.34608101030902744
1.0,2.0,3.4168806111224104,0.14685963679377867,0.12405089907566362,Feynman31,n,0.14426385572603498
1.0,2.0,2.346659160825683,0.2147148791794396,0.2011252639092839,Feynman31,n,0.21166931365545902
1.0,2.0,3.9477342362905348,0.12699601904222163,0.1423708635175511,Feynman31,n,0.12396471701691099
1.0,2.0,4.347283382017572,0.11526945190067305,0.09145232586067831,Feynman31,n,0.11315580652651161
1.0,2.0,2.234566904349271,0.2256675189331814,0.2233070133327152,Feynman31,n,0.22278619922351214
1.0,2.0,3.5808737848736656,0.14008847579121586,0.0651589206123135,Feynman31,n,0.1372995500174214
1.0,2.0,1.5395807986802335,0.33076190447933856,0.3608694319040716,Feynman31,n,0.3344852732111376
1.0,2.0,3.4521094034238518,0.14535023313587467,0.144329053380928,Feynman31,n,0.14271552631006834
1.0,2.0,3.0619230627116925,0.16403064974917342,0.16512767657565938,Feynman31,n,0.16159410370437408
1.0,2.0,4.034540798956601,0.12424928542018818,0.14536064569729537,Feynman31,n,0.12127845998278024
1.0,2.0,3.1369064729536293,0.16007546010175452,0.11203716285751741,Feynman31,n,0.15764987968198244
1.0,2.0,3.7035404725762135,0.13541946747810604,0.1647564043763735,Feynman31,n,0.13249243003695
1.0,2.0,2.432285800271332,0.20704401400593236,0.19429999318983418,Feynman31,n,0.20398071044343535
1.0,2.0,3.218971768144311,0.15596059193782183,0.15307374363826948,Feynman31,n,0.15351719450737775
1.0,2.0,2.013047572945869,0.25100709901069873,0.2641538978303727,Feynman31,n,0.2491218113607563
1.0,2.0,4.414819843389845,0.1134984267486495,0.07666295247962202,Feynman31,n,0.11171978990655393
1.0,2.0,1.5146081471643003,0.33642899145836036,0.32223079081297107,Feynman31,n,0.3404915657973447
1.0,2.0,3.1282620043369542,0.16052163734369404,0.16855708986257442,Feynman31,n,0.15809613731364616
1.0,2.0,2.758657466932582,0.1822548980739265,0.14450625636960177,Feynman31,n,0.17953819035037863
1.0,2.0,2.6349260185449785,0.19091632279950557,0.1857088613698377,Feynman31,n,0.1880316445475391
1.0,2.0,3.6059580443290553,0.13910761557322537,0.1455027120879478,Feynman31,n,0.13628856977773568
1.0,2.0,1.9491474898535208,0.2594224847251481,0.332175736937042,Feynman31,n,0.25802916328538245
1.0,2.0,2.548034756469158,0.19751133671705845,0.16737315199086117,Feynman31,n,0.19452433928851726
1.0,2.0,3.833225205732133,0.13081120708597563,0.06228509551887325,Feynman31,n,0.12778796396533681
1.0,2.0,1.43502423328388,0.3558915351288487,0.32496188957049166,Feynman31,n,0.3608993572543565
1.0,2.0,3.436722307620061,0.14600565719949687,0.15089535157051762,Feynman31,n,0.14338824390350535
1.0,2.0,1.0334765998196556,0.5049959441663584,0.4978593508314927,Feynman31,n,0.49982500154476406
1.0,2.0,2.514238008853221,0.2002021116656358,0.21933554743885975,Feynman31,n,0.1971838251751346
1.0,2.0,1.8137671869086707,0.27928595169610215,0.32488909349412953,Feynman31,n,0.2792632337365838
1.0,2.0,3.3945331895673267,0.14783354769221999,0.14996453564960974,Feynman31,n,0.1452610955963988
1.0,2.0,1.236855927756093,0.4161595709577539,0.38775399885054884,Feynman31,n,0.4211638049281886
1.0,2.0,4.585896170403185,0.1092471233140247,0.18650864309889847,Feynman31,n,0.10855475384304171
1.0,2.0,2.3352506687780683,0.21578038095320476,0.2101729323179037,Feynman31,n,0.21274347232131427
1.0,2.0,1.519792041501589,0.3352363578175888,0.33314334362666764,Feynman31,n,0.3392296720679686
1.0,2.0,1.9865268637986153,0.2544318234025418,0.27495593860706835,Feynman31,n,0.25273867996952354
1.0,2.0,4.012157855046016,0.12494606429476181,0.12501777896987884,Feynman31,n,0.12195338074724749
1.0,2.0,2.2977437728136545,0.21935975787136694,0.21910031309091216,Feynman31,n,0.21636339970059143
1.0,2.0,4.582829117129542,0.10932052938866021,0.16910618177573788,Feynman31,n,0.10860589458932494
1.0,2.0,4.25815693619313,0.11769321407236603,0.12531983497037716,Feynman31,n,0.11522171090007699
1.0,2.0,4.022101963089788,0.12463554031432195,0.11735602442156033,Feynman31,n,0.12165200466298537
1.0,2.0,3.924788803193075,0.1277425269372477,0.100947807933747,Feynman31,n,0.12470554121894563
1.0,2.0,1.1045238644566964,0.46977284055610324,0.4978568203800723,Feynman31,n,0.47017147396704273
1.0,2.0,2.9206031644934836,0.17204499884376098,0.19622065054250468,Feynman31,n,0.16951845207247015
1.0,2.0,4.862046248507877,0.1030194878049918,0.07823062725696905,Feynman31,n,0.1046200442195585
1.0,2.0,1.6298818948357847,0.3117982687664094,0.2993952528971629,Feynman31,n,0.3142313793325384
1.0,2.0,4.981882513316924,0.10053292745449428,0.10257252413486871,Feynman31,n,0.10318549965697461
1.0,2.0,4.873611560771829,0.10277415222218789,0.08062092082956315,Feynman31,n,0.10447755545191971
1.0,2.0,3.128037326268008,0.16053326723137115,0.13811391654348112,Feynman31,n,0.15810776463628268
1.0,2.0,3.351770589622023,0.1497337706619878,0.12305295991760577,Feynman31,n,0.14720235066173784
1.0,2.0,4.64583948378616,0.10783202835819639,0.12416949323071381,Feynman31,n,0.10759280150534602
1.0,2.0,4.0341623021831765,0.12426100321747464,0.08385800223555136,Feynman31,n,0.12128976997683838
1.0,2.0,3.3704856799342804,0.14889613616077357,0.1460283034387422,Feynman31,n,0.1463473884388376
1.0,2.0,2.4613705210541705,0.20456255929623235,0.189357557947232,Feynman31,n,0.20150941935200425
1.0,2.0,2.4229058691320913,0.207857277779397,0.23891080324246616,Feynman31,n,0.20479226779683918
1.0,2.0,4.223210071292813,0.11867169845150885,0.05052271746278335,Feynman31,n,0.11608568445353282
1.0,2.0,4.189376247719867,0.11963468299765098,0.13595800880468992,Feynman31,n,0.11695128689248122
1.0,2.0,4.396835011685043,0.11396469739784366,0.11599030847419019,Feynman31,n,0.11209147801308353
1.0,2.0,1.960476650948432,0.25788908943382444,0.242809613988221,Feynman31,n,0.25640128488393465
1.0,2.0,4.08566380089954,0.12268668344214471,0.07317806245051747,Feynman31,n,0.11978351365711522
1.0,2.0,4.06391637687214,0.1233465633047981,0.1091874764310657,Feynman31,n,0.1204115140621503
1.0,2.0,1.0867299034037057,0.47810323491945306,0.4560186942871448,Feynman31,n,0.47736743873093845
1.0,2.0,1.1959851630063483,0.4313146206264093,0.39728582001974017,Feynman31,n,0.4354840976249129
1.0,2.0,3.1914628167541026,0.157316052472814,0.13290490087345952,Feynman31,n,0.15488200552244333
1.0,2.0,2.9984944119277777,0.16753295270080057,0.17536167272637368,Feynman31,n,0.16506674624790593
1.0,2.0,1.0569983898667585,0.49273535426243337,0.4741794218597746,Feynman31,n,0.4897324015270506
1.0,2.0,3.4577641654476423,0.1451108460822124,0.11834103094496004,Feynman31,n,0.14246968264728124
1.0,2.0,2.6746560384654607,0.18804622996155454,0.0840125741322707,Feynman31,n,0.1852146013710863
1.0,2.0,4.631275480831521,0.10817245520292613,0.12786884441940416,Feynman31,n,0.10782010335321625
1.0,2.0,1.7664601339405324,0.28697471298323923,0.3213303225667328,Feynman31,n,0.2875301635372638
1.0,2.0,4.679297761701152,0.10705802936248231,0.10125757221726299,Feynman31,n,0.10708543194939481
1.0,2.0,1.5875158880803477,0.32041185128311844,0.2811276952716885,Feynman31,n,0.3234564389421304
1.0,2.0,2.5974444762985236,0.19370599887177478,0.25326925244367976,Feynman31,n,0.1907741555688054
1.0,2.0,3.498972349917452,0.14338996105710441,0.17109841390247787,Feynman31,n,0.14070042303696842
1.0,2.0,1.4546252480615638,0.35088726359169276,0.31725030972894575,Feynman31,n,0.35568795004573267
1.0,2.0,3.2350206423423504,0.1551805873741868,0.1026240099417652,Feynman31,n,0.15273022060458702
1.0,2.0,2.988032443969911,0.16812511406718145,0.1655973425114223,Feynman31,n,0.1656522801955925
1.0,2.0,2.3862284657043036,0.21110007232981928,0.22043744709975235,Feynman31,n,0.2080365689056245
1.0,2.0,1.0932196535655994,0.47502944009124787,0.46052242578343067,Feynman31,n,0.47472545008340483
1.0,2.0,3.356958320528999,0.14950063626041474,0.0770951561297728,Feynman31,n,0.14696451699420837
1.0,2.0,1.09398117101275,0.47467146364362395,0.43918749597644224,Feynman31,n,0.47441675723114396
1.0,2.0,1.9415919817430596,0.2604554163095145,0.2179461022973984,Feynman31,n,0.2591268592262068
1.0,2.0,2.177027017661782,0.23173964622971244,0.24700618980168582,Feynman31,n,0.22902145799827703
1.0,2.0,2.829957335744519,0.177613485737184,0.14703834099178392,Feynman31,n,0.17498877226651327
1.0,2.0,1.9994449993536683,0.2527519259691256,0.28648204089251217,Feynman31,n,0.2509630745997295
1.0,2.0,3.66925996489929,0.13669254200461672,0.1343519875944977,Feynman31,n,0.1338011503091505
1.0,2.0,4.840345294085592,0.10348301210458336,0.07990659004261003,Feynman31,n,0.10489076790809394
1.0,2.0,1.3024892036609899,0.3939949547146452,0.3670840927173445,Feynman31,n,0.39958683770407105
1.0,2.0,2.5751523446817877,0.19540441551355672,0.16643652937655323,Feynman31,n,0.19244650897205376
1.0,2.0,3.4109551336124,0.14711661489566727,0.17833085353947867,Feynman31,n,0.1445271324626469
1.0,2.0,4.566842931820095,0.1097047446257537,0.1419464321979135,Feynman31,n,0.10887559062378295
1.0,2.0,4.435446685664187,0.11296834531089961,0.1403583646262974,Feynman31,n,0.11130294401867966
1.0,2.0,1.4140088379881486,0.3614218472878252,0.3334443114511581,Feynman31,n,0.36662659396877
1.0,2.0,3.0314211388510826,0.1656963073269683,0.14690047770314232,Feynman31,n,0.1632477864423884
1.0,2.0,1.7020824385656126,0.298155727606311,0.2695397103085428,Feynman31,n,0.29956595062235053
1.0,2.0,1.2480093395524285,0.41221309689568575,0.4367527258818497,Feynman31,n,0.4173760651620418
1.0,2.0,4.9500132879113705,0.10118239029631873,0.11425906379391801,Feynman31,n,0.10356024205475559
1.0,2.0,3.5619481613566206,0.14083775219444947,0.08526345220460926,Feynman31,n,0.13807181164091362
1.0,2.0,3.6035231471772264,0.13920222210914393,0.16394075954840015,Feynman31,n,0.13638607557564486
1.0,2.0,3.174036986289865,0.15818699223843546,0.11823092041781118,Feynman31,n,0.15575712729895153
1.0,2.0,3.375976145669572,0.14865218018896337,0.11561207464602227,Feynman31,n,0.14609815761044814
1.0,2.0,2.309777962207467,0.2181983289902463,0.24054097741458988,Feynman31,n,0.2151868635430585
1.0,2.0,2.275713629463091,0.2215185295543549,0.2075603148130827,Feynman31,n,0.21855526211190024
1.0,2.0,2.0745583780391588,0.24341170027553738,0.19814605513065717,Feynman31,n,0.24114467433284992
1.0,2.0,4.5587043186635405,0.10990139114867321,0.11507053849559998,Feynman31,n,0.10901493958069962
1.0,2.0,3.6912930911758766,0.1358715579810535,0.09699521956433949,Feynman31,n,0.132956894307326
1.0,2.0,3.789441165500355,0.13233146163510348,0.1400787556393703,Feynman31,n,0.12933233861210633
1.0,2.0,1.9547817560373582,0.25865759066852917,0.27053394223591126,Feynman31,n,0.2572168866352085
1.0,2.0,4.971379766733584,0.10074603828728769,0.08373091061521162,Feynman31,n,0.10330873360070451
1.0,2.0,2.825910863614614,0.17787052815880763,0.12139472010906219,Feynman31,n,0.17524087101290176
1.0,2.0,3.150699944322075,0.15936865713519827,0.176969027153361,Feynman31,n,0.1569422279216691
1.0,2.0,2.2709147736130073,0.2219944741209181,0.23982102309882522,Feynman31,n,0.21903938109243293
1.0,2.0,1.5815500662658204,0.32166388199203283,0.4011635413813527,Feynman31,n,0.3247941728800579
1.0,2.0,4.461779806049922,0.11229878841994193,0.06018911097582938,Feynman31,n,0.11078526108214788
1.0,2.0,3.6216485746122102,0.13850104985862063,0.1300302653987951,Feynman31,n,0.13566348423601127
1.0,2.0,1.2552336770924586,0.40969785495926153,0.42586850769159446,Feynman31,n,0.4149495641725864
1.0,2.0,1.8284180304287836,0.2769887694247893,0.2355344506231281,Feynman31,n,0.27679679879669034
1.0,2.0,1.1478417114940815,0.4507048777088773,0.4421950785131462,Feynman31,n,0.45327315629111997
1.0,2.0,1.4099611054761438,0.36250731449508267,0.3462164120595708,Feynman31,n,0.3677466101461279
1.0,2.0,2.168765936199741,0.23263861363401628,0.24508597770622353,Feynman31,n,0.22994886689920724
1.0,2.0,1.3827388713897864,0.3699847077682872,0.4032916233703438,Feynman31,n,0.37542380937876735
1.0,2.0,2.650047143310939,0.18981364342517287,0.21096428184649918,Feynman31,n,0.18694887916069441
1.0,2.0,2.008526929272466,0.2515842615517313,0.21383657706670683,Feynman31,n,0.2497305314409815
1.0,2.0,1.1616912113929185,0.44494360273701894,0.4634018376798565,Feynman31,n,0.4480509455982016
1.0,2.0,1.411324213277621,0.3621410291160848,0.3763921613138457,Feynman31,n,0.3673688199137213
1.0,2.0,1.972995600775287,0.2562158456092131,0.22811871528790986,Feynman31,n,0.25462729415620833
1.0,2.0,3.366641073335531,0.14906744124437116,0.15853185899384034,Feynman31,n,0.1465223366008271
1.0,2.0,4.476339323032791,0.11193199537801493,0.08644496216910993,Feynman31,n,0.11050591515372608
1.0,2.0,2.571423204699695,0.19569146657991618,0.21133066292881578,Feynman31,n,0.19272937705667825
1.0,2.0,1.6502741277828066,0.3078180487905517,0.2901233656811336,Feynman31,n,0.3099579597665611
