n_rho,mom,B,kb,T,target,target_with_noise,equation_name,varied_variable_name,target_with_error,error_function,target_with_error_without_noise
1.0,1.0,1.0,1.0,1.0013980118956924,0.7610072228335526,0.7811464879727359,Feynman81,T,0.7811464879727359,0.0,0.7610072228335526
1.0,1.0,1.0,1.0,1.0026185020965412,0.760495140845002,0.7425774566286272,Feynman81,T,0.7425774566286272,0.0,0.760495140845002
1.0,1.0,1.0,1.0,1.0036496800118129,0.7600627232779117,0.6985806317224134,Feynman81,T,0.6985806317224134,0.0,0.7600627232779117
1.0,1.0,1.0,1.0,1.00482553211162,0.7595699006950924,0.7766814524081073,Feynman81,T,0.7766814524081073,0.0,0.7595699006950924
1.0,1.0,1.0,1.0,1.0080728552444214,0.7582103493371508,0.7022337217368191,Feynman81,T,0.7022337217368191,0.0,0.7582103493371508
1.0,1.0,1.0,1.0,1.0136415102256642,0.7558839917979349,0.7505559340503493,Feynman81,T,0.7505559340503493,0.0,0.7558839917979349
1.0,1.0,1.0,1.0,1.015947934068259,0.75492235630539,0.7918563833708742,Feynman81,T,0.7918563833708742,0.0,0.75492235630539
1.0,1.0,1.0,1.0,1.0197451915358782,0.7533415817444011,0.6846502446347196,Feynman81,T,0.6846502446347196,0.0,0.7533415817444011
1.0,1.0,1.0,1.0,1.0227952935286044,0.752074066940786,0.7149822634421471,Feynman81,T,0.7149822634421471,0.0,0.752074066940786
1.0,1.0,1.0,1.0,1.0229656593851209,0.7520033277013434,0.7567043099447696,Feynman81,T,0.7567043099447696,0.0,0.7520033277013434
1.0,1.0,1.0,1.0,1.0234952012735916,0.7517834913999293,0.8237204363153913,Feynman81,T,0.8237204363153913,0.0,0.7517834913999293
1.0,1.0,1.0,1.0,1.0293469977289949,0.7493581911744919,0.8432374898102325,Feynman81,T,0.8432374898102325,0.0,0.7493581911744919
1.0,1.0,1.0,1.0,1.0372002780556198,0.7461151568330953,0.7144024940574547,Feynman81,T,0.7144024940574547,0.0,0.7461151568330953
1.0,1.0,1.0,1.0,1.0415158684126,0.7443388602918963,0.736555474632526,Feynman81,T,0.736555474632526,0.0,0.7443388602918963
1.0,1.0,1.0,1.0,1.0433999594454906,0.7435646817439062,0.7795631084962862,Feynman81,T,0.7795631084962862,0.0,0.7435646817439062
1.0,1.0,1.0,1.0,1.0434241417562706,0.7435547503735594,0.806248786101279,Feynman81,T,0.806248786101279,0.0,0.7435547503735594
1.0,1.0,1.0,1.0,1.044286992125564,0.7432004752279103,0.6410233736664339,Feynman81,T,0.6410233736664339,0.0,0.7432004752279103
1.0,1.0,1.0,1.0,1.0447842635312043,0.7429963786840981,0.8109865151132003,Feynman81,T,0.8109865151132003,0.0,0.7429963786840981
1.0,1.0,1.0,1.0,1.0459256240979258,0.742528139055012,0.6760633443312262,Feynman81,T,0.6760633443312262,0.0,0.742528139055012
1.0,1.0,1.0,1.0,1.0471586761091927,0.7420226163259387,0.7547960674671966,Feynman81,T,0.7547960674671966,0.0,0.7420226163259387
1.0,1.0,1.0,1.0,1.0473017006020795,0.7419640020287465,0.6807339387682767,Feynman81,T,0.6807339387682767,0.0,0.7419640020287465
1.0,1.0,1.0,1.0,1.0530489693249194,0.7396125337096596,0.7092745837219981,Feynman81,T,0.7092745837219981,0.0,0.7396125337096596
1.0,1.0,1.0,1.0,1.0579671892191969,0.7376063196604191,0.7824796843438954,Feynman81,T,0.7824796843438954,0.0,0.7376063196604191
1.0,1.0,1.0,1.0,1.0647617245692538,0.7348440181814024,0.7662212487640823,Feynman81,T,0.7662212487640823,0.0,0.7348440181814024
1.0,1.0,1.0,1.0,1.0663049787474388,0.7342181264731652,0.6647772639845883,Feynman81,T,0.6647772639845883,0.0,0.7342181264731652
1.0,1.0,1.0,1.0,1.067464873955967,0.7337480833450812,0.622644670502976,Feynman81,T,0.622644670502976,0.0,0.7337480833450812
1.0,1.0,1.0,1.0,1.0677209505098557,0.7336443522910623,0.8016514809068699,Feynman81,T,0.8016514809068699,0.0,0.7336443522910623
1.0,1.0,1.0,1.0,1.0687460535608069,0.7332292612525261,0.7365371000836032,Feynman81,T,0.7365371000836032,0.0,0.7332292612525261
1.0,1.0,1.0,1.0,1.0699615419614834,0.732737402076112,0.6517097182723772,Feynman81,T,0.6517097182723772,0.0,0.732737402076112
1.0,1.0,1.0,1.0,1.0728392203731465,0.7315743264182666,0.6527753050434065,Feynman81,T,0.6527753050434065,0.0,0.7315743264182666
1.0,1.0,1.0,1.0,1.0740666686260112,0.7310788295582262,0.7101659418049722,Feynman81,T,0.7101659418049722,0.0,0.7310788295582262
1.0,1.0,1.0,1.0,1.074816899237533,0.7307761540933803,0.7159032642214507,Feynman81,T,0.7159032642214507,0.0,0.7307761540933803
1.0,1.0,1.0,1.0,1.0801061004580794,0.7286461081346627,0.7873412521255558,Feynman81,T,0.7873412521255558,0.0,0.7286461081346627
1.0,1.0,1.0,1.0,1.0865153267397312,0.7260740970844459,0.7856641743897028,Feynman81,T,0.7856641743897028,0.0,0.7260740970844459
1.0,1.0,1.0,1.0,1.0891594229716794,0.7250159479333137,0.703012747564352,Feynman81,T,0.703012747564352,0.0,0.7250159479333137
1.0,1.0,1.0,1.0,1.091074894597638,0.724250461004984,0.7342901769342036,Feynman81,T,0.7342901769342036,0.0,0.724250461004984
1.0,1.0,1.0,1.0,1.093122210719435,0.7234332831179338,0.7423469794043909,Feynman81,T,0.7423469794043909,0.0,0.7234332831179338
1.0,1.0,1.0,1.0,1.0987522693972953,0.721191410862129,0.7773833645259441,Feynman81,T,0.7773833645259441,0.0,0.721191410862129
1.0,1.0,1.0,1.0,1.0991454786432677,0.7210351299089517,0.7501510469298449,Feynman81,T,0.7501510469298449,0.0,0.7210351299089517
1.0,1.0,1.0,1.0,1.1009293900543482,0.7203265979277858,0.7883379462460857,Feynman81,T,0.7883379462460857,0.0,0.7203265979277858
1.0,1.0,1.0,1.0,1.1012081053797989,0.7202159696958434,0.630279544809029,Feynman81,T,0.630279544809029,0.0,0.7202159696958434
1.0,1.0,1.0,1.0,1.1017827081929377,0.7199879583707626,0.7066775204265336,Feynman81,T,0.7066775204265336,0.0,0.7199879583707626
1.0,1.0,1.0,1.0,1.104280547318846,0.718997735358828,0.6201480610896162,Feynman81,T,0.6201480610896162,0.0,0.718997735358828
1.0,1.0,1.0,1.0,1.1049091418750954,0.7187487862285948,0.8003273125227081,Feynman81,T,0.8003273125227081,0.0,0.7187487862285948
1.0,1.0,1.0,1.0,1.1050794558744412,0.7186813519641445,0.7524468313320651,Feynman81,T,0.7524468313320651,0.0,0.7186813519641445
1.0,1.0,1.0,1.0,1.110414647179942,0.7165726188715533,0.5987568960797855,Feynman81,T,0.5987568960797855,0.0,0.7165726188715533
1.0,1.0,1.0,1.0,1.1201879137219448,0.7127283765934893,0.7489812135761196,Feynman81,T,0.7489812135761196,0.0,0.7127283765934893
1.0,1.0,1.0,1.0,1.1223151749955034,0.711894848986485,0.6432510145866309,Feynman81,T,0.6432510145866309,0.0,0.711894848986485
1.0,1.0,1.0,1.0,1.1229274707848202,0.7116551462234961,0.6290614201362662,Feynman81,T,0.6290614201362662,0.0,0.7116551462234961
1.0,1.0,1.0,1.0,1.1229591841708562,0.7116427336113839,0.7223565810155763,Feynman81,T,0.7223565810155763,0.0,0.7116427336113839
1.0,1.0,1.0,1.0,1.1237437785136852,0.7113357253469467,0.6516409646470597,Feynman81,T,0.6516409646470597,0.0,0.7113357253469467
1.0,1.0,1.0,1.0,1.1247717000785955,0.7109337422725072,0.6246416441893603,Feynman81,T,0.6246416441893603,0.0,0.7109337422725072
1.0,1.0,1.0,1.0,1.1271218177752513,0.7100157115732054,0.7349442849694257,Feynman81,T,0.7349442849694257,0.0,0.7100157115732054
1.0,1.0,1.0,1.0,1.1307787038262513,0.7085900318700995,0.8024067210939136,Feynman81,T,0.8024067210939136,0.0,0.7085900318700995
1.0,1.0,1.0,1.0,1.1321312789947977,0.708063585217406,0.6506478325560673,Feynman81,T,0.6506478325560673,0.0,0.708063585217406
1.0,1.0,1.0,1.0,1.132429348759255,0.7079476344000558,0.7131858750355348,Feynman81,T,0.7131858750355348,0.0,0.7079476344000558
1.0,1.0,1.0,1.0,1.1338486115540425,0.7073958470871407,0.6701469639607763,Feynman81,T,0.6701469639607763,0.0,0.7073958470871407
1.0,1.0,1.0,1.0,1.1358677358204075,0.706611738022365,0.7350145334028968,Feynman81,T,0.7350145334028968,0.0,0.706611738022365
1.0,1.0,1.0,1.0,1.140134089909481,0.704958401577789,0.6951157093743696,Feynman81,T,0.6951157093743696,0.0,0.704958401577789
1.0,1.0,1.0,1.0,1.1404153903725933,0.7048495550145881,0.7594921870539236,Feynman81,T,0.7594921870539236,0.0,0.7048495550145881
1.0,1.0,1.0,1.0,1.1409220105712388,0.7046535748305691,0.6757996087441667,Feynman81,T,0.6757996087441667,0.0,0.7046535748305691
1.0,1.0,1.0,1.0,1.1417570826619508,0.7043306820662725,0.7150384277467742,Feynman81,T,0.7150384277467742,0.0,0.7043306820662725
1.0,1.0,1.0,1.0,1.149029436240805,0.7015263804550957,0.6800748696174753,Feynman81,T,0.6800748696174753,0.0,0.7015263804550957
1.0,1.0,1.0,1.0,1.1512539868371068,0.7006713199056551,0.6624679522414473,Feynman81,T,0.6624679522414473,0.0,0.7006713199056551
1.0,1.0,1.0,1.0,1.152656772293339,0.7001327892220119,0.718444804833785,Feynman81,T,0.718444804833785,0.0,0.7001327892220119
1.0,1.0,1.0,1.0,1.1532072485852,0.6999216013438514,0.697578695200153,Feynman81,T,0.697578695200153,0.0,0.6999216013438514
1.0,1.0,1.0,1.0,1.1537192652211021,0.6997252394718485,0.765242873219442,Feynman81,T,0.765242873219442,0.0,0.6997252394718485
1.0,1.0,1.0,1.0,1.1548805798683826,0.6992801215620545,0.71239613078033,Feynman81,T,0.71239613078033,0.0,0.6992801215620545
1.0,1.0,1.0,1.0,1.1553131994559012,0.6991143939221982,0.6592614629534923,Feynman81,T,0.6592614629534923,0.0,0.6991143939221982
1.0,1.0,1.0,1.0,1.1558891852546491,0.6988938216987097,0.7118919053968695,Feynman81,T,0.7118919053968695,0.0,0.6988938216987097
1.0,1.0,1.0,1.0,1.1571871196725834,0.6983970997460484,0.6229570546370107,Feynman81,T,0.6229570546370107,0.0,0.6983970997460484
1.0,1.0,1.0,1.0,1.159697934625997,0.6974374597692056,0.6917093299411293,Feynman81,T,0.6917093299411293,0.0,0.6974374597692056
1.0,1.0,1.0,1.0,1.1602126436462914,0.6972409409684341,0.6354760989932384,Feynman81,T,0.6354760989932384,0.0,0.6972409409684341
1.0,1.0,1.0,1.0,1.1642367190355825,0.6957069259260095,0.6982254278050986,Feynman81,T,0.6982254278050986,0.0,0.6957069259260095
1.0,1.0,1.0,1.0,1.1660738242237652,0.695008020622398,0.6288112970483027,Feynman81,T,0.6288112970483027,0.0,0.695008020622398
1.0,1.0,1.0,1.0,1.1674324923758133,0.6944917029853694,0.7734598782290055,Feynman81,T,0.7734598782290055,0.0,0.6944917029853694
1.0,1.0,1.0,1.0,1.1682918795716914,0.6941653720622016,0.783033824865075,Feynman81,T,0.783033824865075,0.0,0.6941653720622016
1.0,1.0,1.0,1.0,1.169792323560142,0.6935960827171856,0.7373429075259692,Feynman81,T,0.7373429075259692,0.0,0.6935960827171856
1.0,1.0,1.0,1.0,1.169829452051491,0.6935820031822072,0.7386622874940398,Feynman81,T,0.7386622874940398,0.0,0.6935820031822072
1.0,1.0,1.0,1.0,1.1721098992041572,0.6927179300839592,0.6739809905073186,Feynman81,T,0.6739809905073186,0.0,0.6927179300839592
1.0,1.0,1.0,1.0,1.173133354076287,0.692330584424786,0.5918345016860532,Feynman81,T,0.5918345016860532,0.0,0.692330584424786
1.0,1.0,1.0,1.0,1.1801151182594523,0.6896955989286038,0.6727507077839375,Feynman81,T,0.6727507077839375,0.0,0.6896955989286038
1.0,1.0,1.0,1.0,1.1840752713382683,0.6882067410285795,0.7482594910248125,Feynman81,T,0.7482594910248125,0.0,0.6882067410285795
1.0,1.0,1.0,1.0,1.1845275491323122,0.6880369676799785,0.6668357985636801,Feynman81,T,0.6668357985636801,0.0,0.6880369676799785
1.0,1.0,1.0,1.0,1.1851974403095804,0.687785607750311,0.7536157061363468,Feynman81,T,0.7536157061363468,0.0,0.687785607750311
1.0,1.0,1.0,1.0,1.1855516619172688,0.6876527431278064,0.6673176285789726,Feynman81,T,0.6673176285789726,0.0,0.6876527431278064
1.0,1.0,1.0,1.0,1.1856049746024127,0.6876327490133819,0.707284004998263,Feynman81,T,0.707284004998263,0.0,0.6876327490133819
1.0,1.0,1.0,1.0,1.1877073680740198,0.6868448804922862,0.6879370069089783,Feynman81,T,0.6879370069089783,0.0,0.6868448804922862
1.0,1.0,1.0,1.0,1.187865779683182,0.686785563606833,0.6771102308869317,Feynman81,T,0.6771102308869317,0.0,0.686785563606833
1.0,1.0,1.0,1.0,1.1889411119537883,0.6863830841791149,0.7087913938228636,Feynman81,T,0.7087913938228636,0.0,0.6863830841791149
1.0,1.0,1.0,1.0,1.1951652306926785,0.6840595441268345,0.7921961415408165,Feynman81,T,0.7921961415408165,0.0,0.6840595441268345
1.0,1.0,1.0,1.0,1.1955987069712348,0.683898106505253,0.6281816600376324,Feynman81,T,0.6281816600376324,0.0,0.683898106505253
1.0,1.0,1.0,1.0,1.1963311813555464,0.6836254282053341,0.7072697595700486,Feynman81,T,0.7072697595700486,0.0,0.6836254282053341
1.0,1.0,1.0,1.0,1.1996356536974147,0.6823970509863615,0.729209288308114,Feynman81,T,0.729209288308114,0.0,0.6823970509863615
1.0,1.0,1.0,1.0,1.2000250467061226,0.6822524931437393,0.5844596363788601,Feynman81,T,0.5844596363788601,0.0,0.6822524931437393
1.0,1.0,1.0,1.0,1.2027857166090494,0.6812287858544434,0.627533067429088,Feynman81,T,0.627533067429088,0.0,0.6812287858544434
1.0,1.0,1.0,1.0,1.2029668560471438,0.6811616871640994,0.6965334603105051,Feynman81,T,0.6965334603105051,0.0,0.6811616871640994
1.0,1.0,1.0,1.0,1.203776547532056,0.6808618638418537,0.6362532668125762,Feynman81,T,0.6362532668125762,0.0,0.6808618638418537
1.0,1.0,1.0,1.0,1.20498142669503,0.6804160294378662,0.6948041534945979,Feynman81,T,0.6948041534945979,0.0,0.6804160294378662
1.0,1.0,1.0,1.0,1.2051125405730878,0.6803675375392298,0.6945467925625173,Feynman81,T,0.6945467925625173,0.0,0.6803675375392298
1.0,1.0,1.0,1.0,1.2069150949322527,0.679701336454089,0.6658829994959755,Feynman81,T,0.6658829994959755,0.0,0.679701336454089
1.0,1.0,1.0,1.0,1.2121981375056188,0.677753796662716,0.6254843451534674,Feynman81,T,0.6254843451534674,0.0,0.677753796662716
1.0,1.0,1.0,1.0,1.213452162361147,0.6772926099175698,0.7055644796131462,Feynman81,T,0.7055644796131462,0.0,0.6772926099175698
1.0,1.0,1.0,1.0,1.2142051895061337,0.6770158750043942,0.7331649280689352,Feynman81,T,0.7331649280689352,0.0,0.6770158750043942
1.0,1.0,1.0,1.0,1.21757512286828,0.6757792962062253,0.721991412883716,Feynman81,T,0.721991412883716,0.0,0.6757792962062253
1.0,1.0,1.0,1.0,1.2179736901499059,0.6756332452478737,0.6956827313612868,Feynman81,T,0.6956827313612868,0.0,0.6756332452478737
1.0,1.0,1.0,1.0,1.2183870815143178,0.6754818071144899,0.6950600037287379,Feynman81,T,0.6950600037287379,0.0,0.6754818071144899
1.0,1.0,1.0,1.0,1.2219021352778845,0.6741959834514892,0.631253243422505,Feynman81,T,0.631253243422505,0.0,0.6741959834514892
1.0,1.0,1.0,1.0,1.2231979100465789,0.6737228181337482,0.7527628872517182,Feynman81,T,0.7527628872517182,0.0,0.6737228181337482
1.0,1.0,1.0,1.0,1.2256052062311644,0.6728449644057873,0.7206699869101324,Feynman81,T,0.7206699869101324,0.0,0.6728449644057873
1.0,1.0,1.0,1.0,1.2278841139475687,0.6720153611226146,0.7125021324512635,Feynman81,T,0.7125021324512635,0.0,0.6720153611226146
1.0,1.0,1.0,1.0,1.2324777847797743,0.6703473358320893,0.7159754537150911,Feynman81,T,0.7159754537150911,0.0,0.6703473358320893
1.0,1.0,1.0,1.0,1.2340425633910588,0.6697804357601467,0.6220394466024115,Feynman81,T,0.6220394466024115,0.0,0.6697804357601467
1.0,1.0,1.0,1.0,1.2357237541186534,0.6691720931316123,0.6968182573066661,Feynman81,T,0.6968182573066661,0.0,0.6691720931316123
1.0,1.0,1.0,1.0,1.2383257145309288,0.6682320632230744,0.6900646711347397,Feynman81,T,0.6900646711347397,0.0,0.6682320632230744
1.0,1.0,1.0,1.0,1.2389499282373362,0.6680068190333391,0.6560241316103019,Feynman81,T,0.6560241316103019,0.0,0.6680068190333391
1.0,1.0,1.0,1.0,1.2391245181741697,0.6679438378987786,0.7163419110532664,Feynman81,T,0.7163419110532664,0.0,0.6679438378987786
1.0,1.0,1.0,1.0,1.2411047992319224,0.6672300489041769,0.6342621091041882,Feynman81,T,0.6342621091041882,0.0,0.6672300489041769
1.0,1.0,1.0,1.0,1.241364573776203,0.6671364916904438,0.6458210489145944,Feynman81,T,0.6458210489145944,0.0,0.6671364916904438
1.0,1.0,1.0,1.0,1.242789764713787,0.666623534650283,0.6049329368062742,Feynman81,T,0.6049329368062742,0.0,0.666623534650283
1.0,1.0,1.0,1.0,1.2431705524142895,0.6664865732053181,0.7111198785099676,Feynman81,T,0.7111198785099676,0.0,0.6664865732053181
1.0,1.0,1.0,1.0,1.2434731323298913,0.6663777692274625,0.5688872784792125,Feynman81,T,0.5688872784792125,0.0,0.6663777692274625
1.0,1.0,1.0,1.0,1.2461228750744646,0.6654260044387071,0.5991983623076758,Feynman81,T,0.5991983623076758,0.0,0.6654260044387071
1.0,1.0,1.0,1.0,1.2484559111624418,0.6645895579244127,0.6471953462898339,Feynman81,T,0.6471953462898339,0.0,0.6645895579244127
1.0,1.0,1.0,1.0,1.2485833434004228,0.664543912641484,0.6319957598213632,Feynman81,T,0.6319957598213632,0.0,0.664543912641484
1.0,1.0,1.0,1.0,1.2504044677809598,0.663892075544675,0.7272748797602857,Feynman81,T,0.7272748797602857,0.0,0.663892075544675
1.0,1.0,1.0,1.0,1.25221755809318,0.6632439982054077,0.5862332804126928,Feynman81,T,0.5862332804126928,0.0,0.6632439982054077
1.0,1.0,1.0,1.0,1.252698712831033,0.6630721606826112,0.7538648814711147,Feynman81,T,0.7538648814711147,0.0,0.6630721606826112
1.0,1.0,1.0,1.0,1.253867387547019,0.6626550439294348,0.6688438652636365,Feynman81,T,0.6688438652636365,0.0,0.6626550439294348
1.0,1.0,1.0,1.0,1.2603070889523798,0.6603631946317722,0.6172751259177033,Feynman81,T,0.6172751259177033,0.0,0.6603631946317722
1.0,1.0,1.0,1.0,1.2622705413826667,0.6596666269991492,0.7145611817781591,Feynman81,T,0.7145611817781591,0.0,0.6596666269991492
1.0,1.0,1.0,1.0,1.262329213819093,0.6596458278776757,0.682074410057312,Feynman81,T,0.682074410057312,0.0,0.6596458278776757
1.0,1.0,1.0,1.0,1.2640758241921528,0.6590270848882193,0.6574217426169024,Feynman81,T,0.6574217426169024,0.0,0.6590270848882193
1.0,1.0,1.0,1.0,1.2680902787577004,0.6576080499836308,0.6349168673241248,Feynman81,T,0.6349168673241248,0.0,0.6576080499836308
1.0,1.0,1.0,1.0,1.271712160317238,0.6563314882892939,0.6487038988928031,Feynman81,T,0.6487038988928031,0.0,0.6563314882892939
1.0,1.0,1.0,1.0,1.2721290313263798,0.6561847842227753,0.6387333469716926,Feynman81,T,0.6387333469716926,0.0,0.6561847842227753
1.0,1.0,1.0,1.0,1.2745242223625022,0.6553427773024709,0.6480876788996575,Feynman81,T,0.6480876788996575,0.0,0.6553427773024709
1.0,1.0,1.0,1.0,1.276896665317632,0.6545102815119312,0.6373561747224953,Feynman81,T,0.6373561747224953,0.0,0.6545102815119312
1.0,1.0,1.0,1.0,1.2784363693910907,0.6539708018897854,0.6535711214719441,Feynman81,T,0.6535711214719441,0.0,0.6539708018897854
1.0,1.0,1.0,1.0,1.281239037087174,0.6529904347952226,0.6235955242695979,Feynman81,T,0.6235955242695979,0.0,0.6529904347952226
1.0,1.0,1.0,1.0,1.2835858926129418,0.6521711259803985,0.6015210836066773,Feynman81,T,0.6015210836066773,0.0,0.6521711259803985
1.0,1.0,1.0,1.0,1.2839296379743006,0.6520512449629461,0.6404849191492822,Feynman81,T,0.6404849191492822,0.0,0.6520512449629461
1.0,1.0,1.0,1.0,1.2897053185914928,0.6500417017750993,0.5901121853285279,Feynman81,T,0.5901121853285279,0.0,0.6500417017750993
1.0,1.0,1.0,1.0,1.2932220837083381,0.6488224707704145,0.6313968906123177,Feynman81,T,0.6313968906123177,0.0,0.6488224707704145
1.0,1.0,1.0,1.0,1.2937903433682503,0.6486257699724937,0.5949366532108,Feynman81,T,0.5949366532108,0.0,0.6486257699724937
1.0,1.0,1.0,1.0,1.2958331513122983,0.6479193715930314,0.6869387826237859,Feynman81,T,0.6869387826237859,0.0,0.6479193715930314
1.0,1.0,1.0,1.0,1.3010365554345191,0.6461250717568507,0.5722652983854155,Feynman81,T,0.5722652983854155,0.0,0.6461250717568507
1.0,1.0,1.0,1.0,1.3015281772503187,0.6459559178003647,0.6329142083689182,Feynman81,T,0.6329142083689182,0.0,0.6459559178003647
1.0,1.0,1.0,1.0,1.3043138794705889,0.6449986471560492,0.5860702646660244,Feynman81,T,0.5860702646660244,0.0,0.6449986471560492
1.0,1.0,1.0,1.0,1.3085301188822336,0.6435537177186699,0.5846445132244624,Feynman81,T,0.5846445132244624,0.0,0.6435537177186699
1.0,1.0,1.0,1.0,1.309833588311664,0.6431079675472697,0.6724566351272394,Feynman81,T,0.6724566351272394,0.0,0.6431079675472697
1.0,1.0,1.0,1.0,1.3107576558954461,0.6427922356397244,0.6566036019931137,Feynman81,T,0.6566036019931137,0.0,0.6427922356397244
1.0,1.0,1.0,1.0,1.310775769887711,0.6427860487860414,0.5798039863631983,Feynman81,T,0.5798039863631983,0.0,0.6427860487860414
1.0,1.0,1.0,1.0,1.3113695837235304,0.64258327927642,0.661575968691086,Feynman81,T,0.661575968691086,0.0,0.64258327927642
1.0,1.0,1.0,1.0,1.3119523476745076,0.6423843740029596,0.6591972524641684,Feynman81,T,0.6591972524641684,0.0,0.6423843740029596
1.0,1.0,1.0,1.0,1.318514343937259,0.6401508950604249,0.7260978438296074,Feynman81,T,0.7260978438296074,0.0,0.6401508950604249
1.0,1.0,1.0,1.0,1.3196006895343153,0.6397822415198253,0.5758027314574616,Feynman81,T,0.5758027314574616,0.0,0.6397822415198253
1.0,1.0,1.0,1.0,1.321169524010256,0.6392504060151957,0.658989485172295,Feynman81,T,0.658989485172295,0.0,0.6392504060151957
1.0,1.0,1.0,1.0,1.3234775022819916,0.6384691846601361,0.7412108401092604,Feynman81,T,0.7412108401092604,0.0,0.6384691846601361
1.0,1.0,1.0,1.0,1.329880561618784,0.636309203693256,0.6898990963235001,Feynman81,T,0.6898990963235001,0.0,0.636309203693256
1.0,1.0,1.0,1.0,1.3306009484966626,0.6360668690507018,0.6307447257895377,Feynman81,T,0.6307447257895377,0.0,0.6360668690507018
1.0,1.0,1.0,1.0,1.3340411814613704,0.6349114790825485,0.6490508513299773,Feynman81,T,0.6490508513299773,0.0,0.6349114790825485
1.0,1.0,1.0,1.0,1.3357226662802928,0.6343478933535601,0.5795581051857512,Feynman81,T,0.5795581051857512,0.0,0.6343478933535601
1.0,1.0,1.0,1.0,1.338711967276189,0.6333478031261415,0.5654892961194652,Feynman81,T,0.5654892961194652,0.0,0.6333478031261415
1.0,1.0,1.0,1.0,1.3498103900812097,0.629655294557283,0.6376083244705878,Feynman81,T,0.6376083244705878,0.0,0.629655294557283
1.0,1.0,1.0,1.0,1.355066379865201,0.6279178603208514,0.7471101962606317,Feynman81,T,0.7471101962606317,0.0,0.6279178603208514
1.0,1.0,1.0,1.0,1.3603179721027034,0.6261890882263946,0.4893319658312041,Feynman81,T,0.4893319658312041,0.0,0.6261890882263946
1.0,1.0,1.0,1.0,1.3612408822571176,0.6258860185054967,0.6330377530790317,Feynman81,T,0.6330377530790317,0.0,0.6258860185054967
1.0,1.0,1.0,1.0,1.3640169191236708,0.6249757473382184,0.6329269036990186,Feynman81,T,0.6329269036990186,0.0,0.6249757473382184
1.0,1.0,1.0,1.0,1.3641368643964933,0.6249364621201683,0.6037154623298971,Feynman81,T,0.6037154623298971,0.0,0.6249364621201683
1.0,1.0,1.0,1.0,1.3664784595638397,0.6241702779985134,0.6520813204899845,Feynman81,T,0.6520813204899845,0.0,0.6241702779985134
1.0,1.0,1.0,1.0,1.3682653506445912,0.6235865552007556,0.6367826902294444,Feynman81,T,0.6367826902294444,0.0,0.6235865552007556
1.0,1.0,1.0,1.0,1.3683987994303886,0.6235429948379108,0.6484351775760084,Feynman81,T,0.6484351775760084,0.0,0.6235429948379108
1.0,1.0,1.0,1.0,1.3742808412156178,0.6216275681771669,0.6350057813328079,Feynman81,T,0.6350057813328079,0.0,0.6216275681771669
1.0,1.0,1.0,1.0,1.3757857679110264,0.6211389445178431,0.6103771396682424,Feynman81,T,0.6103771396682424,0.0,0.6211389445178431
1.0,1.0,1.0,1.0,1.3772640694313005,0.6206595361398648,0.5881987976307586,Feynman81,T,0.5881987976307586,0.0,0.6206595361398648
1.0,1.0,1.0,1.0,1.378817229664076,0.6201564599973708,0.6258752117877592,Feynman81,T,0.6258752117877592,0.0,0.6201564599973708
1.0,1.0,1.0,1.0,1.3807276276038754,0.6195385275046228,0.6546252013218431,Feynman81,T,0.6546252013218431,0.0,0.6195385275046228
1.0,1.0,1.0,1.0,1.3809070720651797,0.6194805332621655,0.5989212259978052,Feynman81,T,0.5989212259978052,0.0,0.6194805332621655
1.0,1.0,1.0,1.0,1.3811179069453203,0.6194124046403866,0.6833152031363934,Feynman81,T,0.6833152031363934,0.0,0.6194124046403866
1.0,1.0,1.0,1.0,1.3824372432009508,0.6189863382649722,0.582335508384257,Feynman81,T,0.582335508384257,0.0,0.6189863382649722
1.0,1.0,1.0,1.0,1.3856429237642187,0.6179529657129778,0.5520174305679773,Feynman81,T,0.5520174305679773,0.0,0.6179529657129778
1.0,1.0,1.0,1.0,1.3888610287254801,0.6169182491214976,0.556829094175717,Feynman81,T,0.556829094175717,0.0,0.6169182491214976
1.0,1.0,1.0,1.0,1.3927617579603853,0.6156676165444808,0.6278925460075273,Feynman81,T,0.6278925460075273,0.0,0.6156676165444808
1.0,1.0,1.0,1.0,1.395588833263571,0.6147636531989541,0.6223406249571857,Feynman81,T,0.6223406249571857,0.0,0.6147636531989541
1.0,1.0,1.0,1.0,1.3979573531526546,0.6140078897485215,0.5976183914384716,Feynman81,T,0.5976183914384716,0.0,0.6140078897485215
1.0,1.0,1.0,1.0,1.4005727765637461,0.6131750094718363,0.5948848181584353,Feynman81,T,0.5948848181584353,0.0,0.6131750094718363
1.0,1.0,1.0,1.0,1.4010437868571386,0.6130252021861093,0.5680298871404426,Feynman81,T,0.5680298871404426,0.0,0.6130252021861093
1.0,1.0,1.0,1.0,1.4011478826205006,0.6129921016274799,0.6304483397663706,Feynman81,T,0.6304483397663706,0.0,0.6129921016274799
1.0,1.0,1.0,1.0,1.4021902068918415,0.6126608139854867,0.5525298046826407,Feynman81,T,0.5525298046826407,0.0,0.6126608139854867
1.0,1.0,1.0,1.0,1.40388149399391,0.6121238526877968,0.5833890032042207,Feynman81,T,0.5833890032042207,0.0,0.6121238526877968
1.0,1.0,1.0,1.0,1.4061860418729237,0.6113933627588561,0.5876631184437664,Feynman81,T,0.5876631184437664,0.0,0.6113933627588561
1.0,1.0,1.0,1.0,1.4136320911990476,0.6090423649344083,0.6507048029308361,Feynman81,T,0.6507048029308361,0.0,0.6090423649344083
1.0,1.0,1.0,1.0,1.4179831595311816,0.6076750786633208,0.5786585414121004,Feynman81,T,0.5786585414121004,0.0,0.6076750786633208
1.0,1.0,1.0,1.0,1.426345491857576,0.6050607159475975,0.6026086755689305,Feynman81,T,0.6026086755689305,0.0,0.6050607159475975
1.0,1.0,1.0,1.0,1.426407902199987,0.6050412704994738,0.6235205199123537,Feynman81,T,0.6235205199123537,0.0,0.6050412704994738
1.0,1.0,1.0,1.0,1.436359190319049,0.601953214626083,0.6477788746671347,Feynman81,T,0.6477788746671347,0.0,0.601953214626083
1.0,1.0,1.0,1.0,1.440327168821205,0.6007287951897547,0.6015302857056202,Feynman81,T,0.6015302857056202,0.0,0.6007287951897547
1.0,1.0,1.0,1.0,1.4405063304099208,0.6006736030976645,0.6341738623221758,Feynman81,T,0.6341738623221758,0.0,0.6006736030976645
1.0,1.0,1.0,1.0,1.4406418819758846,0.6006318507237296,0.6290704538196464,Feynman81,T,0.6290704538196464,0.0,0.6006318507237296
1.0,1.0,1.0,1.0,1.4432285866103642,0.599835975500143,0.6777127953886043,Feynman81,T,0.6777127953886043,0.0,0.599835975500143
1.0,1.0,1.0,1.0,1.4438027674759346,0.5996595379568787,0.6059047272653837,Feynman81,T,0.6059047272653837,0.0,0.5996595379568787
1.0,1.0,1.0,1.0,1.444247014868202,0.5995230833931817,0.6272955363510476,Feynman81,T,0.6272955363510476,0.0,0.5995230833931817
1.0,1.0,1.0,1.0,1.4477411175189663,0.5984515488145548,0.5658685856822028,Feynman81,T,0.5658685856822028,0.0,0.5984515488145548
1.0,1.0,1.0,1.0,1.4489214776382813,0.5980902534181417,0.5120880490456452,Feynman81,T,0.5120880490456452,0.0,0.5980902534181417
1.0,1.0,1.0,1.0,1.45074553350825,0.5975326091607014,0.5364054258682338,Feynman81,T,0.5364054258682338,0.0,0.5975326091607014
1.0,1.0,1.0,1.0,1.45399398209078,0.596541544351572,0.5953457974505368,Feynman81,T,0.5953457974505368,0.0,0.596541544351572
1.0,1.0,1.0,1.0,1.4550201670035707,0.5962290093229606,0.5966597502187694,Feynman81,T,0.5966597502187694,0.0,0.5962290093229606
1.0,1.0,1.0,1.0,1.4586527674639491,0.5951247527088489,0.5508141286674452,Feynman81,T,0.5508141286674452,0.0,0.5951247527088489
1.0,1.0,1.0,1.0,1.4652897273586523,0.5931156063779908,0.5979546991128822,Feynman81,T,0.5979546991128822,0.0,0.5931156063779908
1.0,1.0,1.0,1.0,1.4674259899402573,0.5924712159278741,0.5856312663577442,Feynman81,T,0.5856312663577442,0.0,0.5924712159278741
1.0,1.0,1.0,1.0,1.4693283793222731,0.5918983128012794,0.6352658197115827,Feynman81,T,0.6352658197115827,0.0,0.5918983128012794
1.0,1.0,1.0,1.0,1.4703034254991114,0.59160502157862,0.5563829178250115,Feynman81,T,0.5563829178250115,0.0,0.59160502157862
1.0,1.0,1.0,1.0,1.4718364140233051,0.5911443726577578,0.5793151987383076,Feynman81,T,0.5793151987383076,0.0,0.5911443726577578
1.0,1.0,1.0,1.0,1.4722581101327759,0.5910177575231558,0.6045779974959353,Feynman81,T,0.6045779974959353,0.0,0.5910177575231558
1.0,1.0,1.0,1.0,1.474445454377559,0.5903616990990039,0.5675452468080102,Feynman81,T,0.5675452468080102,0.0,0.5903616990990039
1.0,1.0,1.0,1.0,1.4760413093932208,0.589883784121113,0.5892990965612211,Feynman81,T,0.5892990965612211,0.0,0.589883784121113
1.0,1.0,1.0,1.0,1.4779145979314636,0.5893235764034391,0.6239824434242506,Feynman81,T,0.6239824434242506,0.0,0.5893235764034391
1.0,1.0,1.0,1.0,1.4782429643401893,0.5892254662110246,0.5753171838287982,Feynman81,T,0.5753171838287982,0.0,0.5892254662110246
1.0,1.0,1.0,1.0,1.482323536973753,0.5880084464999694,0.7025930624218006,Feynman81,T,0.7025930624218006,0.0,0.5880084464999694
1.0,1.0,1.0,1.0,1.4834566663198863,0.5876712102028918,0.5396563406504391,Feynman81,T,0.5396563406504391,0.0,0.5876712102028918
1.0,1.0,1.0,1.0,1.4850319744001794,0.5872028914707873,0.5852817805755531,Feynman81,T,0.5852817805755531,0.0,0.5872028914707873
1.0,1.0,1.0,1.0,1.485667098629484,0.587014247091153,0.5743712083895222,Feynman81,T,0.5743712083895222,0.0,0.587014247091153
1.0,1.0,1.0,1.0,1.4867808438384942,0.5866836783321466,0.6067791696688853,Feynman81,T,0.6067791696688853,0.0,0.5866836783321466
1.0,1.0,1.0,1.0,1.4897167507554765,0.5858137125942033,0.5838869276623428,Feynman81,T,0.5838869276623428,0.0,0.5858137125942033
1.0,1.0,1.0,1.0,1.4900387234797652,0.5857184324045464,0.5366206265248359,Feynman81,T,0.5366206265248359,0.0,0.5857184324045464
1.0,1.0,1.0,1.0,1.493542415274681,0.584683212117544,0.5257604364308813,Feynman81,T,0.5257604364308813,0.0,0.584683212117544
1.0,1.0,1.0,1.0,1.4958741196781764,0.5839959098723949,0.6333079160756424,Feynman81,T,0.6333079160756424,0.0,0.5839959098723949
1.0,1.0,1.0,1.0,1.4974345365719044,0.5835366843111571,0.506095827372083,Feynman81,T,0.506095827372083,0.0,0.5835366843111571
1.0,1.0,1.0,1.0,1.4977027206538573,0.5834578174207481,0.5978810385572487,Feynman81,T,0.5978810385572487,0.0,0.5834578174207481
1.0,1.0,1.0,1.0,1.49965113156225,0.5828853510978075,0.5008125379120234,Feynman81,T,0.5008125379120234,0.0,0.5828853510978075
1.0,1.0,1.0,1.0,1.4997029364543661,0.5828701426102966,0.5784814647943723,Feynman81,T,0.5784814647943723,0.0,0.5828701426102966
1.0,1.0,1.0,1.0,1.502423462354527,0.5820723732226957,0.6062043809919869,Feynman81,T,0.6062043809919869,0.0,0.5820723732226957
1.0,1.0,1.0,1.0,1.5049099909766976,0.5813447678016564,0.5762102441163772,Feynman81,T,0.5762102441163772,0.0,0.5813447678016564
1.0,1.0,1.0,1.0,1.5051307360771409,0.5812802448811643,0.6181308084718354,Feynman81,T,0.6181308084718354,0.0,0.5812802448811643
1.0,1.0,1.0,1.0,1.51330831341722,0.578898140788953,0.6108554924708853,Feynman81,T,0.6108554924708853,0.0,0.578898140788953
1.0,1.0,1.0,1.0,1.5139040480280532,0.5787252253757342,0.49102781441884424,Feynman81,T,0.49102781441884424,0.0,0.5787252253757342
1.0,1.0,1.0,1.0,1.5140638804724693,0.5786788473859148,0.6389450321816548,Feynman81,T,0.6389450321816548,0.0,0.5786788473859148
1.0,1.0,1.0,1.0,1.5186484690179718,0.5773511265464968,0.5805003706084255,Feynman81,T,0.5805003706084255,0.0,0.5773511265464968
1.0,1.0,1.0,1.0,1.521573367511567,0.5765066530810725,0.5409279747619438,Feynman81,T,0.5409279747619438,0.0,0.5765066530810725
1.0,1.0,1.0,1.0,1.522557866233758,0.5762228629837766,0.6070611497878917,Feynman81,T,0.6070611497878917,0.0,0.5762228629837766
1.0,1.0,1.0,1.0,1.5302860405442056,0.5740030576996903,0.5529407259302596,Feynman81,T,0.5529407259302596,0.0,0.5740030576996903
1.0,1.0,1.0,1.0,1.5312996944578807,0.5737129383048929,0.5485247266078056,Feynman81,T,0.5485247266078056,0.0,0.5737129383048929
1.0,1.0,1.0,1.0,1.5342868430929095,0.5728593776014943,0.5285551469077452,Feynman81,T,0.5285551469077452,0.0,0.5728593776014943
1.0,1.0,1.0,1.0,1.5348111011331573,0.5727097885654282,0.6973026395722991,Feynman81,T,0.6973026395722991,0.0,0.5727097885654282
1.0,1.0,1.0,1.0,1.5359037149121666,0.5723982336899386,0.638184705375562,Feynman81,T,0.638184705375562,0.0,0.5723982336899386
1.0,1.0,1.0,1.0,1.5373574198180702,0.5719841458548237,0.620903187965468,Feynman81,T,0.620903187965468,0.0,0.5719841458548237
1.0,1.0,1.0,1.0,1.5378563116415993,0.5718421498218448,0.5783806753608448,Feynman81,T,0.5783806753608448,0.0,0.5718421498218448
1.0,1.0,1.0,1.0,1.5428067459716486,0.5704362748152522,0.5745729844685746,Feynman81,T,0.5745729844685746,0.0,0.5704362748152522
1.0,1.0,1.0,1.0,1.5435149551892704,0.5702356148223662,0.5458825917742843,Feynman81,T,0.5458825917742843,0.0,0.5702356148223662
1.0,1.0,1.0,1.0,1.544655836759004,0.5699126079766558,0.535227541777684,Feynman81,T,0.535227541777684,0.0,0.5699126079766558
1.0,1.0,1.0,1.0,1.5466841268758396,0.5693391006348475,0.5012611036623249,Feynman81,T,0.5012611036623249,0.0,0.5693391006348475
1.0,1.0,1.0,1.0,1.5504313307106172,0.5682820602390569,0.4937282919755455,Feynman81,T,0.4937282919755455,0.0,0.5682820602390569
1.0,1.0,1.0,1.0,1.5582167570660959,0.566096207886862,0.5985454709617163,Feynman81,T,0.5985454709617163,0.0,0.566096207886862
1.0,1.0,1.0,1.0,1.5589011403464834,0.5659047231815437,0.4823590727924758,Feynman81,T,0.4823590727924758,0.0,0.5659047231815437
1.0,1.0,1.0,1.0,1.5591856710007521,0.565825145402085,0.5939768372771324,Feynman81,T,0.5939768372771324,0.0,0.565825145402085
1.0,1.0,1.0,1.0,1.5616203033463933,0.565144981352571,0.5524645393148447,Feynman81,T,0.5524645393148447,0.0,0.565144981352571
1.0,1.0,1.0,1.0,1.5637411180510905,0.5645535905223806,0.5842708439216538,Feynman81,T,0.5842708439216538,0.0,0.5645535905223806
1.0,1.0,1.0,1.0,1.5661500932131616,0.5638830881172109,0.5740977688779962,Feynman81,T,0.5740977688779962,0.0,0.5638830881172109
1.0,1.0,1.0,1.0,1.5663726330196606,0.5638212140499899,0.5777996415094246,Feynman81,T,0.5777996415094246,0.0,0.5638212140499899
1.0,1.0,1.0,1.0,1.566713139469471,0.5637265627934231,0.5387229866853328,Feynman81,T,0.5387229866853328,0.0,0.5637265627934231
1.0,1.0,1.0,1.0,1.5671887087789638,0.5635944119187976,0.5350874084340262,Feynman81,T,0.5350874084340262,0.0,0.5635944119187976
1.0,1.0,1.0,1.0,1.567301250437307,0.5635631464342622,0.50187480427066,Feynman81,T,0.50187480427066,0.0,0.5635631464342622
1.0,1.0,1.0,1.0,1.5673846362388613,0.5635399826670547,0.5163106833418906,Feynman81,T,0.5163106833418906,0.0,0.5635399826670547
1.0,1.0,1.0,1.0,1.569545983175285,0.5629401318198425,0.5297482369046436,Feynman81,T,0.5297482369046436,0.0,0.5629401318198425
1.0,1.0,1.0,1.0,1.5731466956143287,0.5619431555742654,0.6722173772171105,Feynman81,T,0.6722173772171105,0.0,0.5619431555742654
1.0,1.0,1.0,1.0,1.5747052739077745,0.5615125205696133,0.5960338263116519,Feynman81,T,0.5960338263116519,0.0,0.5615125205696133
1.0,1.0,1.0,1.0,1.5767881444764074,0.5609378792700678,0.6343810127711137,Feynman81,T,0.6343810127711137,0.0,0.5609378792700678
1.0,1.0,1.0,1.0,1.5797247349951444,0.5601293656982633,0.63159543775908,Feynman81,T,0.63159543775908,0.0,0.5601293656982633
1.0,1.0,1.0,1.0,1.579992799135682,0.5600556578213838,0.5793303933422013,Feynman81,T,0.5793303933422013,0.0,0.5600556578213838
1.0,1.0,1.0,1.0,1.580285558244554,0.5599751781701887,0.42272238571157794,Feynman81,T,0.42272238571157794,0.0,0.5599751781701887
1.0,1.0,1.0,1.0,1.581080159294864,0.5597568388909565,0.5191584453301576,Feynman81,T,0.5191584453301576,0.0,0.5597568388909565
1.0,1.0,1.0,1.0,1.5854308288667887,0.5585638782198308,0.6318839649228228,Feynman81,T,0.6318839649228228,0.0,0.5585638782198308
1.0,1.0,1.0,1.0,1.5864471357394732,0.5582858157095179,0.5611512483091295,Feynman81,T,0.5611512483091295,0.0,0.5582858157095179
1.0,1.0,1.0,1.0,1.5871948620287282,0.5580813844747408,0.6278411670177891,Feynman81,T,0.6278411670177891,0.0,0.5580813844747408
1.0,1.0,1.0,1.0,1.5924600698080913,0.5566453869017709,0.500597638613114,Feynman81,T,0.500597638613114,0.0,0.5566453869017709
1.0,1.0,1.0,1.0,1.5942340116854572,0.5561629632768877,0.5612946849146407,Feynman81,T,0.5612946849146407,0.0,0.5561629632768877
1.0,1.0,1.0,1.0,1.5953186604986644,0.5558683371614154,0.5448379654693255,Feynman81,T,0.5448379654693255,0.0,0.5558683371614154
1.0,1.0,1.0,1.0,1.596866852804808,0.5554482494135237,0.5767551348399546,Feynman81,T,0.5767551348399546,0.0,0.5554482494135237
1.0,1.0,1.0,1.0,1.5974112785536576,0.5553006506982191,0.5327594832056328,Feynman81,T,0.5327594832056328,0.0,0.5553006506982191
1.0,1.0,1.0,1.0,1.599627128402724,0.554700590611225,0.5971681995105192,Feynman81,T,0.5971681995105192,0.0,0.554700590611225
1.0,1.0,1.0,1.0,1.6005972873850842,0.554438209706582,0.5790680375700313,Feynman81,T,0.5790680375700313,0.0,0.554438209706582
1.0,1.0,1.0,1.0,1.6016525145233054,0.5541530579316821,0.47933970725119585,Feynman81,T,0.47933970725119585,0.0,0.5541530579316821
1.0,1.0,1.0,1.0,1.6025580319918822,0.5539085577187339,0.48486566102723866,Feynman81,T,0.48486566102723866,0.0,0.5539085577187339
1.0,1.0,1.0,1.0,1.602955572332792,0.5538012743180417,0.651323793591241,Feynman81,T,0.651323793591241,0.0,0.5538012743180417
1.0,1.0,1.0,1.0,1.6067355721821341,0.5527829115568909,0.5328880544954566,Feynman81,T,0.5328880544954566,0.0,0.5527829115568909
1.0,1.0,1.0,1.0,1.6073641752636432,0.5526138653722401,0.46601367454451925,Feynman81,T,0.46601367454451925,0.0,0.5526138653722401
1.0,1.0,1.0,1.0,1.6094659892242706,0.5520492676793207,0.49924181250552274,Feynman81,T,0.49924181250552274,0.0,0.5520492676793207
1.0,1.0,1.0,1.0,1.6105627298224472,0.5517550412705132,0.598078802132583,Feynman81,T,0.598078802132583,0.0,0.5517550412705132
1.0,1.0,1.0,1.0,1.610968612069084,0.5516462206007127,0.5429167281634181,Feynman81,T,0.5429167281634181,0.0,0.5516462206007127
1.0,1.0,1.0,1.0,1.6114315041364686,0.5515221590888298,0.47446303706441856,Feynman81,T,0.47446303706441856,0.0,0.5515221590888298
1.0,1.0,1.0,1.0,1.6131812233670964,0.5510536332856545,0.5187549727875695,Feynman81,T,0.5187549727875695,0.0,0.5510536332856545
1.0,1.0,1.0,1.0,1.6136121052116894,0.5509383578472604,0.5572482764905473,Feynman81,T,0.5572482764905473,0.0,0.5509383578472604
1.0,1.0,1.0,1.0,1.615260761126604,0.550497660889946,0.5317752076501019,Feynman81,T,0.5317752076501019,0.0,0.550497660889946
1.0,1.0,1.0,1.0,1.6173300772265322,0.5499453572206072,0.5280819217441628,Feynman81,T,0.5280819217441628,0.0,0.5499453572206072
1.0,1.0,1.0,1.0,1.6211182712645735,0.5489366958160332,0.5343971558444981,Feynman81,T,0.5343971558444981,0.0,0.5489366958160332
1.0,1.0,1.0,1.0,1.6231982870576318,0.548384186101815,0.5197719004823806,Feynman81,T,0.5197719004823806,0.0,0.548384186101815
1.0,1.0,1.0,1.0,1.624498396198851,0.5480393170505409,0.5678509272913715,Feynman81,T,0.5678509272913715,0.0,0.5480393170505409
1.0,1.0,1.0,1.0,1.6252724209836367,0.5478341716301162,0.4957362252106131,Feynman81,T,0.4957362252106131,0.0,0.5478341716301162
1.0,1.0,1.0,1.0,1.6255018576486502,0.547773387246693,0.5188647444134611,Feynman81,T,0.5188647444134611,0.0,0.547773387246693
1.0,1.0,1.0,1.0,1.6258842405736038,0.5476721082691021,0.5536086244155886,Feynman81,T,0.5536086244155886,0.0,0.5476721082691021
1.0,1.0,1.0,1.0,1.6268465923829702,0.5474173569188714,0.5554977746840789,Feynman81,T,0.5554977746840789,0.0,0.5474173569188714
1.0,1.0,1.0,1.0,1.6282211187235536,0.5470538423807617,0.6205713419066621,Feynman81,T,0.6205713419066621,0.0,0.5470538423807617
1.0,1.0,1.0,1.0,1.6287073652546358,0.5469253445959349,0.5581437988420134,Feynman81,T,0.5581437988420134,0.0,0.5469253445959349
1.0,1.0,1.0,1.0,1.629761775931747,0.5466468760988433,0.4079098366214101,Feynman81,T,0.4079098366214101,0.0,0.5466468760988433
1.0,1.0,1.0,1.0,1.6303266348285224,0.5464977960694624,0.5459982370426384,Feynman81,T,0.5459982370426384,0.0,0.5464977960694624
1.0,1.0,1.0,1.0,1.6378511799082065,0.544518421117604,0.4753544609304483,Feynman81,T,0.4753544609304483,0.0,0.544518421117604
1.0,1.0,1.0,1.0,1.639281947955281,0.5441434213100248,0.5307583410140042,Feynman81,T,0.5307583410140042,0.0,0.5441434213100248
1.0,1.0,1.0,1.0,1.6403647684900746,0.5438599080314692,0.5090233558036774,Feynman81,T,0.5090233558036774,0.0,0.5438599080314692
1.0,1.0,1.0,1.0,1.6408074628162321,0.5437440700764776,0.530077841777563,Feynman81,T,0.530077841777563,0.0,0.5437440700764776
1.0,1.0,1.0,1.0,1.6425719907843779,0.5432827685345345,0.5076598102896459,Feynman81,T,0.5076598102896459,0.0,0.5432827685345345
1.0,1.0,1.0,1.0,1.6450555424972078,0.5426346149540154,0.6122100057774106,Feynman81,T,0.6122100057774106,0.0,0.5426346149540154
1.0,1.0,1.0,1.0,1.6471644588859107,0.5420852618743229,0.5458270015658674,Feynman81,T,0.5458270015658674,0.0,0.5420852618743229
1.0,1.0,1.0,1.0,1.6485440012116417,0.5417264142167525,0.4313296661061953,Feynman81,T,0.4313296661061953,0.0,0.5417264142167525
1.0,1.0,1.0,1.0,1.6509607802660327,0.5410987308272687,0.5664376356823748,Feynman81,T,0.5664376356823748,0.0,0.5410987308272687
1.0,1.0,1.0,1.0,1.65523869408716,0.5399906995028706,0.6256349038758653,Feynman81,T,0.6256349038758653,0.0,0.5399906995028706
1.0,1.0,1.0,1.0,1.662215437806212,0.5381918961709883,0.4964009563634626,Feynman81,T,0.4964009563634626,0.0,0.5381918961709883
1.0,1.0,1.0,1.0,1.6645686010030212,0.5375874831212042,0.5519282592320193,Feynman81,T,0.5519282592320193,0.0,0.5375874831212042
1.0,1.0,1.0,1.0,1.6655133168500789,0.5373451569292358,0.516466467556931,Feynman81,T,0.516466467556931,0.0,0.5373451569292358
1.0,1.0,1.0,1.0,1.6659527172428041,0.5372325111014107,0.5029172145215093,Feynman81,T,0.5029172145215093,0.0,0.5372325111014107
1.0,1.0,1.0,1.0,1.666625744730022,0.53706005006293,0.5042958903035349,Feynman81,T,0.5042958903035349,0.0,0.53706005006293
1.0,1.0,1.0,1.0,1.667228734980962,0.5369056159902936,0.44510129060976644,Feynman81,T,0.44510129060976644,0.0,0.5369056159902936
1.0,1.0,1.0,1.0,1.6679636854787252,0.5367174874690336,0.5756455388484845,Feynman81,T,0.5756455388484845,0.0,0.5367174874690336
1.0,1.0,1.0,1.0,1.6683756117868076,0.5366120940366378,0.5025283461425071,Feynman81,T,0.5025283461425071,0.0,0.5366120940366378
1.0,1.0,1.0,1.0,1.6704540352734725,0.5360808569637155,0.5302955101810038,Feynman81,T,0.5302955101810038,0.0,0.5360808569637155
1.0,1.0,1.0,1.0,1.6736722982423653,0.5352600503841742,0.5169595688082224,Feynman81,T,0.5169595688082224,0.0,0.5352600503841742
1.0,1.0,1.0,1.0,1.675244985361429,0.5348597224509657,0.5167097021219058,Feynman81,T,0.5167097021219058,0.0,0.5348597224509657
1.0,1.0,1.0,1.0,1.6753663834928956,0.5348288417917333,0.537532442852758,Feynman81,T,0.537532442852758,0.0,0.5348288417917333
1.0,1.0,1.0,1.0,1.6782242538490642,0.534102750093202,0.547936050508037,Feynman81,T,0.547936050508037,0.0,0.534102750093202
1.0,1.0,1.0,1.0,1.6838467209658181,0.5326791757409932,0.5681848987500675,Feynman81,T,0.5681848987500675,0.0,0.5326791757409932
1.0,1.0,1.0,1.0,1.6841142198916716,0.5326116085045509,0.48111475658923303,Feynman81,T,0.48111475658923303,0.0,0.5326116085045509
1.0,1.0,1.0,1.0,1.6901168703681653,0.5310992587258508,0.4832230246279992,Feynman81,T,0.4832230246279992,0.0,0.5310992587258508
1.0,1.0,1.0,1.0,1.6931850831773696,0.5303290724460958,0.5776264867798371,Feynman81,T,0.5776264867798371,0.0,0.5303290724460958
1.0,1.0,1.0,1.0,1.6939248632337525,0.5301436586904433,0.47906093403131683,Feynman81,T,0.47906093403131683,0.0,0.5301436586904433
1.0,1.0,1.0,1.0,1.6947978517169955,0.5299250014962682,0.4847636958846865,Feynman81,T,0.4847636958846865,0.0,0.5299250014962682
1.0,1.0,1.0,1.0,1.6971773489997153,0.5293297949393434,0.5796540911810663,Feynman81,T,0.5796540911810663,0.0,0.5293297949393434
1.0,1.0,1.0,1.0,1.7013096043741185,0.5282988790092655,0.5021424461742883,Feynman81,T,0.5021424461742883,0.0,0.5282988790092655
1.0,1.0,1.0,1.0,1.7030610759922191,0.5278629624247752,0.5213471673992336,Feynman81,T,0.5213471673992336,0.0,0.5278629624247752
1.0,1.0,1.0,1.0,1.7040298932685856,0.5276221031145375,0.5210177284691361,Feynman81,T,0.5210177284691361,0.0,0.5276221031145375
1.0,1.0,1.0,1.0,1.7079165438860349,0.5266577346251138,0.5106744417810791,Feynman81,T,0.5106744417810791,0.0,0.5266577346251138
1.0,1.0,1.0,1.0,1.7084718659319207,0.5265201940196504,0.513041739577189,Feynman81,T,0.513041739577189,0.0,0.5265201940196504
1.0,1.0,1.0,1.0,1.7153391502752324,0.5248244254649184,0.4586424728751408,Feynman81,T,0.4586424728751408,0.0,0.5248244254649184
1.0,1.0,1.0,1.0,1.7161572859569247,0.5246230272886999,0.5034474681502342,Feynman81,T,0.5034474681502342,0.0,0.5246230272886999
1.0,1.0,1.0,1.0,1.7161698370352458,0.5246199386630553,0.5125725354133593,Feynman81,T,0.5125725354133593,0.0,0.5246199386630553
1.0,1.0,1.0,1.0,1.7178895179141156,0.5241970482932252,0.5971593445606207,Feynman81,T,0.5971593445606207,0.0,0.5241970482932252
1.0,1.0,1.0,1.0,1.718298512501622,0.5240965581404786,0.4897119041306721,Feynman81,T,0.4897119041306721,0.0,0.5240965581404786
1.0,1.0,1.0,1.0,1.718948125139164,0.5239370163491466,0.4538215602295057,Feynman81,T,0.4538215602295057,0.0,0.5239370163491466
1.0,1.0,1.0,1.0,1.7212875350271823,0.5233631623465632,0.5056558945458904,Feynman81,T,0.5056558945458904,0.0,0.5233631623465632
1.0,1.0,1.0,1.0,1.7219094721921984,0.5232107846109159,0.5199576000336336,Feynman81,T,0.5199576000336336,0.0,0.5232107846109159
1.0,1.0,1.0,1.0,1.7232266000965462,0.5228883345061958,0.5161621485398536,Feynman81,T,0.5161621485398536,0.0,0.5228883345061958
1.0,1.0,1.0,1.0,1.7235090897438683,0.5228192220604339,0.4519707366507483,Feynman81,T,0.4519707366507483,0.0,0.5228192220604339
1.0,1.0,1.0,1.0,1.7250951991381012,0.522431465738983,0.5711962962732055,Feynman81,T,0.5711962962732055,0.0,0.522431465738983
1.0,1.0,1.0,1.0,1.7259266349174602,0.5222284030558992,0.46717400179838997,Feynman81,T,0.46717400179838997,0.0,0.5222284030558992
1.0,1.0,1.0,1.0,1.7267419340652306,0.5220294139000425,0.5012011653882743,Feynman81,T,0.5012011653882743,0.0,0.5220294139000425
1.0,1.0,1.0,1.0,1.7270277790671682,0.5219596790629277,0.565163484691382,Feynman81,T,0.565163484691382,0.0,0.5219596790629277
1.0,1.0,1.0,1.0,1.7286701047001594,0.5215593287450344,0.4519442038768474,Feynman81,T,0.4519442038768474,0.0,0.5215593287450344
1.0,1.0,1.0,1.0,1.7316389964331838,0.520836947549043,0.5251743181167134,Feynman81,T,0.5251743181167134,0.0,0.520836947549043
1.0,1.0,1.0,1.0,1.7329740504945153,0.5205126706378298,0.5825048443114347,Feynman81,T,0.5825048443114347,0.0,0.5205126706378298
1.0,1.0,1.0,1.0,1.7350283632803025,0.5200143722089905,0.43524349706149285,Feynman81,T,0.43524349706149285,0.0,0.5200143722089905
1.0,1.0,1.0,1.0,1.7389461111687434,0.519066362426094,0.5649701666909622,Feynman81,T,0.5649701666909622,0.0,0.519066362426094
1.0,1.0,1.0,1.0,1.7430884247838723,0.5180672663812117,0.6410406735330145,Feynman81,T,0.6410406735330145,0.0,0.5180672663812117
1.0,1.0,1.0,1.0,1.7439078495730134,0.5178700221854532,0.4642978316297219,Feynman81,T,0.4642978316297219,0.0,0.5178700221854532
1.0,1.0,1.0,1.0,1.7442920083529145,0.5177775959718794,0.4767936882068604,Feynman81,T,0.4767936882068604,0.0,0.5177775959718794
1.0,1.0,1.0,1.0,1.7444162484170969,0.5177477107106797,0.565196731533319,Feynman81,T,0.565196731533319,0.0,0.5177477107106797
1.0,1.0,1.0,1.0,1.747691530070559,0.5169609383432956,0.48392233215199876,Feynman81,T,0.48392233215199876,0.0,0.5169609383432956
1.0,1.0,1.0,1.0,1.748325920479116,0.5168087880864193,0.5107404697321914,Feynman81,T,0.5107404697321914,0.0,0.5168087880864193
1.0,1.0,1.0,1.0,1.7498266932914648,0.5164491567985923,0.49172811806191463,Feynman81,T,0.49172811806191463,0.0,0.5164491567985923
1.0,1.0,1.0,1.0,1.7502059165394286,0.5163583520544359,0.5499710108534007,Feynman81,T,0.5499710108534007,0.0,0.5163583520544359
1.0,1.0,1.0,1.0,1.7514378395271843,0.5160635602997512,0.40640643395073545,Feynman81,T,0.40640643395073545,0.0,0.5160635602997512
1.0,1.0,1.0,1.0,1.7536640863633863,0.5155315741598752,0.5136013189895181,Feynman81,T,0.5136013189895181,0.0,0.5155315741598752
1.0,1.0,1.0,1.0,1.7554253179639994,0.5151113836541434,0.5723423227601319,Feynman81,T,0.5723423227601319,0.0,0.5151113836541434
1.0,1.0,1.0,1.0,1.7585166265536665,0.5143753053578991,0.49227908011777505,Feynman81,T,0.49227908011777505,0.0,0.5143753053578991
1.0,1.0,1.0,1.0,1.7587095787576743,0.5143294217716641,0.45700879863772303,Feynman81,T,0.45700879863772303,0.0,0.5143294217716641
1.0,1.0,1.0,1.0,1.7631848731528827,0.5132672029979893,0.5357993163916709,Feynman81,T,0.5357993163916709,0.0,0.5132672029979893
1.0,1.0,1.0,1.0,1.7651238977680008,0.5128081579018966,0.5344147975968163,Feynman81,T,0.5344147975968163,0.0,0.5128081579018966
1.0,1.0,1.0,1.0,1.765183298054764,0.5127941067590687,0.4146455586511859,Feynman81,T,0.4146455586511859,0.0,0.5127941067590687
1.0,1.0,1.0,1.0,1.767887030981921,0.5121552482073872,0.5368467740547485,Feynman81,T,0.5368467740547485,0.0,0.5121552482073872
1.0,1.0,1.0,1.0,1.7680526465085693,0.5121161604142971,0.4695687012192197,Feynman81,T,0.4695687012192197,0.0,0.5121161604142971
1.0,1.0,1.0,1.0,1.772496204421694,0.5110693522363323,0.5633145621582328,Feynman81,T,0.5633145621582328,0.0,0.5110693522363323
1.0,1.0,1.0,1.0,1.7817730359786967,0.5088959263277787,0.4560141156655226,Feynman81,T,0.4560141156655226,0.0,0.5088959263277787
1.0,1.0,1.0,1.0,1.7823092674603838,0.5087707889647817,0.5133091098677866,Feynman81,T,0.5133091098677866,0.0,0.5087707889647817
1.0,1.0,1.0,1.0,1.786236393252703,0.5078559752041026,0.4881728730759132,Feynman81,T,0.4881728730759132,0.0,0.5078559752041026
1.0,1.0,1.0,1.0,1.7869781823661919,0.5076835004235352,0.5052805186886965,Feynman81,T,0.5052805186886965,0.0,0.5076835004235352
1.0,1.0,1.0,1.0,1.7870034715507161,0.5076776221945736,0.6318686057661025,Feynman81,T,0.6318686057661025,0.0,0.5076776221945736
1.0,1.0,1.0,1.0,1.7886237530525193,0.507301251418611,0.5371783777128029,Feynman81,T,0.5371783777128029,0.0,0.507301251418611
1.0,1.0,1.0,1.0,1.790561557833502,0.5068517650081987,0.4434907484793306,Feynman81,T,0.4434907484793306,0.0,0.5068517650081987
1.0,1.0,1.0,1.0,1.7907389043282125,0.5068106631674012,0.45286870867118767,Feynman81,T,0.45286870867118767,0.0,0.5068106631674012
1.0,1.0,1.0,1.0,1.7934503738489793,0.5061829789300046,0.47842842635760746,Feynman81,T,0.47842842635760746,0.0,0.5061829789300046
1.0,1.0,1.0,1.0,1.7981048764823417,0.5051086684913235,0.47476118045277405,Feynman81,T,0.47476118045277405,0.0,0.5051086684913235
1.0,1.0,1.0,1.0,1.8012105712870055,0.5043940615276447,0.4966780574099851,Feynman81,T,0.4966780574099851,0.0,0.5043940615276447
1.0,1.0,1.0,1.0,1.8025708814230956,0.5040816184052234,0.5104053807742058,Feynman81,T,0.5104053807742058,0.0,0.5040816184052234
1.0,1.0,1.0,1.0,1.8035195422329857,0.5038639260185179,0.5227901449118879,Feynman81,T,0.5227901449118879,0.0,0.5038639260185179
1.0,1.0,1.0,1.0,1.805547121893186,0.5033992033987335,0.45501527090922456,Feynman81,T,0.45501527090922456,0.0,0.5033992033987335
1.0,1.0,1.0,1.0,1.807143133542458,0.5030339255623244,0.5085787011165182,Feynman81,T,0.5085787011165182,0.0,0.5030339255623244
1.0,1.0,1.0,1.0,1.8082640833678862,0.502777652935363,0.4668953106817211,Feynman81,T,0.4668953106817211,0.0,0.502777652935363
1.0,1.0,1.0,1.0,1.808500733273335,0.5027235791269482,0.4923481019168938,Feynman81,T,0.4923481019168938,0.0,0.5027235791269482
1.0,1.0,1.0,1.0,1.809051592117238,0.5025977490649406,0.4409996523205022,Feynman81,T,0.4409996523205022,0.0,0.5025977490649406
1.0,1.0,1.0,1.0,1.8117158723889837,0.5019899406272624,0.4538549499639782,Feynman81,T,0.4538549499639782,0.0,0.5019899406272624
1.0,1.0,1.0,1.0,1.8136874324440675,0.501540995364507,0.47255184366756714,Feynman81,T,0.47255184366756714,0.0,0.501540995364507
1.0,1.0,1.0,1.0,1.8142977897859134,0.5014021535769118,0.444669253808322,Feynman81,T,0.444669253808322,0.0,0.5014021535769118
1.0,1.0,1.0,1.0,1.8143914741216438,0.5013808486011827,0.5311028094129833,Feynman81,T,0.5311028094129833,0.0,0.5013808486011827
1.0,1.0,1.0,1.0,1.8155074314287862,0.5011271885136763,0.4774833469462677,Feynman81,T,0.4774833469462677,0.0,0.5011271885136763
1.0,1.0,1.0,1.0,1.818049051065859,0.5005503134190442,0.452804046372942,Feynman81,T,0.452804046372942,0.0,0.5005503134190442
1.0,1.0,1.0,1.0,1.82233461314128,0.49958025604985745,0.4059318797213733,Feynman81,T,0.4059318797213733,0.0,0.49958025604985745
1.0,1.0,1.0,1.0,1.8244734014196369,0.4990973687123173,0.5082258658688922,Feynman81,T,0.5082258658688922,0.0,0.4990973687123173
1.0,1.0,1.0,1.0,1.8275517783641866,0.4984037867886749,0.6166215974157814,Feynman81,T,0.6166215974157814,0.0,0.4984037867886749
1.0,1.0,1.0,1.0,1.8300424546557212,0.4978438607201714,0.4353562796302492,Feynman81,T,0.4353562796302492,0.0,0.4978438607201714
1.0,1.0,1.0,1.0,1.833671028998888,0.4970301080179489,0.40520554145096954,Feynman81,T,0.40520554145096954,0.0,0.4970301080179489
1.0,1.0,1.0,1.0,1.8351803838016356,0.49669230736637243,0.5289651806582784,Feynman81,T,0.5289651806582784,0.0,0.49669230736637243
1.0,1.0,1.0,1.0,1.8356060639064182,0.49659711141857465,0.5119500813389048,Feynman81,T,0.5119500813389048,0.0,0.49659711141857465
1.0,1.0,1.0,1.0,1.8404542871205916,0.4955151593784873,0.5340154610790556,Feynman81,T,0.5340154610790556,0.0,0.4955151593784873
1.0,1.0,1.0,1.0,1.8413913737401777,0.49530651483321175,0.41544282174698394,Feynman81,T,0.41544282174698394,0.0,0.49530651483321175
1.0,1.0,1.0,1.0,1.8480094781008876,0.49383738816548983,0.5964824421847913,Feynman81,T,0.5964824421847913,0.0,0.49383738816548983
1.0,1.0,1.0,1.0,1.852463096568067,0.4928530790736683,0.526103228965437,Feynman81,T,0.526103228965437,0.0,0.4928530790736683
1.0,1.0,1.0,1.0,1.8531154317466632,0.49270919580542677,0.4901152210969456,Feynman81,T,0.4901152210969456,0.0,0.49270919580542677
1.0,1.0,1.0,1.0,1.8555269143888968,0.4921779486340364,0.5117929853967079,Feynman81,T,0.5117929853967079,0.0,0.4921779486340364
1.0,1.0,1.0,1.0,1.8567851427532696,0.4919011647603347,0.43157065145183154,Feynman81,T,0.43157065145183154,0.0,0.4919011647603347
1.0,1.0,1.0,1.0,1.8571655965436777,0.49181752718120353,0.5321718742425487,Feynman81,T,0.5321718742425487,0.0,0.49181752718120353
1.0,1.0,1.0,1.0,1.858340871047666,0.49155931815516746,0.40551465002029247,Feynman81,T,0.40551465002029247,0.0,0.49155931815516746
1.0,1.0,1.0,1.0,1.8587081517608444,0.4914786754548534,0.46497376587685163,Feynman81,T,0.46497376587685163,0.0,0.4914786754548534
1.0,1.0,1.0,1.0,1.8589729025468342,0.49142055947464075,0.5191067632224678,Feynman81,T,0.5191067632224678,0.0,0.49142055947464075
1.0,1.0,1.0,1.0,1.8599269301332342,0.4912112399221725,0.5102744584536959,Feynman81,T,0.5102744584536959,0.0,0.4912112399221725
1.0,1.0,1.0,1.0,1.8686760223485481,0.4892989831693398,0.5474344930327466,Feynman81,T,0.5474344930327466,0.0,0.4892989831693398
1.0,1.0,1.0,1.0,1.8712721685028657,0.4887340923737397,0.4887305071759164,Feynman81,T,0.4887305071759164,0.0,0.4887340923737397
1.0,1.0,1.0,1.0,1.873546577868093,0.48824015850352426,0.49105954766898613,Feynman81,T,0.49105954766898613,0.0,0.48824015850352426
1.0,1.0,1.0,1.0,1.8741066409184168,0.4881186655278361,0.5120378500631979,Feynman81,T,0.5120378500631979,0.0,0.4881186655278361
1.0,1.0,1.0,1.0,1.8743080774787737,0.48807498156444484,0.5114455473179457,Feynman81,T,0.5114455473179457,0.0,0.48807498156444484
1.0,1.0,1.0,1.0,1.8775529822953283,0.4873722405091126,0.5038338035361408,Feynman81,T,0.5038338035361408,0.0,0.4873722405091126
1.0,1.0,1.0,1.0,1.8814866177417096,0.4865227507595116,0.5342468657868457,Feynman81,T,0.5342468657868457,0.0,0.4865227507595116
1.0,1.0,1.0,1.0,1.881563069310534,0.4865062667135386,0.4356513857930557,Feynman81,T,0.4356513857930557,0.0,0.4865062667135386
1.0,1.0,1.0,1.0,1.884407186624983,0.4858937396396009,0.3956404824417272,Feynman81,T,0.3956404824417272,0.0,0.4858937396396009
1.0,1.0,1.0,1.0,1.8860043701876967,0.4855503613400304,0.4974199722713431,Feynman81,T,0.4974199722713431,0.0,0.4855503613400304
1.0,1.0,1.0,1.0,1.8869204893054667,0.48535359981722614,0.5154883893710581,Feynman81,T,0.5154883893710581,0.0,0.48535359981722614
1.0,1.0,1.0,1.0,1.887873964205255,0.4851489657802551,0.4748140661093283,Feynman81,T,0.4748140661093283,0.0,0.4851489657802551
1.0,1.0,1.0,1.0,1.8929278392414695,0.48406686717873626,0.4539676538179197,Feynman81,T,0.4539676538179197,0.0,0.48406686717873626
1.0,1.0,1.0,1.0,1.8953991425373196,0.4835392936970069,0.5135189997170372,Feynman81,T,0.5135189997170372,0.0,0.4835392936970069
1.0,1.0,1.0,1.0,1.8963934533640545,0.4833273173207876,0.44127711299306915,Feynman81,T,0.44127711299306915,0.0,0.4833273173207876
1.0,1.0,1.0,1.0,1.8970403434787895,0.48318949621289253,0.4922408571244067,Feynman81,T,0.4922408571244067,0.0,0.48318949621289253
1.0,1.0,1.0,1.0,1.897211403468516,0.48315306328327556,0.5319514876884344,Feynman81,T,0.5319514876884344,0.0,0.48315306328327556
1.0,1.0,1.0,1.0,1.8995200635066625,0.4826618357772942,0.566344689923145,Feynman81,T,0.566344689923145,0.0,0.4826618357772942
1.0,1.0,1.0,1.0,1.9000600245627752,0.48254707348440795,0.3971158349869549,Feynman81,T,0.3971158349869549,0.0,0.48254707348440795
1.0,1.0,1.0,1.0,1.9016138478428046,0.48221709819631603,0.5955798121063698,Feynman81,T,0.5955798121063698,0.0,0.48221709819631603
1.0,1.0,1.0,1.0,1.9043938829887557,0.48162772359948364,0.5050542313148926,Feynman81,T,0.5050542313148926,0.0,0.48162772359948364
1.0,1.0,1.0,1.0,1.9053514723864895,0.4814250097095724,0.5143646115698881,Feynman81,T,0.5143646115698881,0.0,0.4814250097095724
1.0,1.0,1.0,1.0,1.9071225912369218,0.48105047927017586,0.6160057201554571,Feynman81,T,0.6160057201554571,0.0,0.48105047927017586
1.0,1.0,1.0,1.0,1.911624977896797,0.4801007182888267,0.46482011048925337,Feynman81,T,0.46482011048925337,0.0,0.4801007182888267
1.0,1.0,1.0,1.0,1.9118814645213926,0.48004671425735007,0.45274033876844777,Feynman81,T,0.45274033876844777,0.0,0.48004671425735007
1.0,1.0,1.0,1.0,1.9156942065791465,0.479245207934003,0.4743294820266729,Feynman81,T,0.4743294820266729,0.0,0.479245207934003
1.0,1.0,1.0,1.0,1.9168074858170763,0.47901162776608724,0.5022348015914996,Feynman81,T,0.5022348015914996,0.0,0.47901162776608724
1.0,1.0,1.0,1.0,1.9195145000528915,0.47844450997801763,0.5055900627348151,Feynman81,T,0.5055900627348151,0.0,0.47844450997801763
1.0,1.0,1.0,1.0,1.9219021554101436,0.47794529344374304,0.5412452502659477,Feynman81,T,0.5412452502659477,0.0,0.47794529344374304
1.0,1.0,1.0,1.0,1.9242250238994534,0.477460516223537,0.4982082541847315,Feynman81,T,0.4982082541847315,0.0,0.477460516223537
1.0,1.0,1.0,1.0,1.9312857558107717,0.47599234755034797,0.4643913359311826,Feynman81,T,0.4643913359311826,0.0,0.47599234755034797
1.0,1.0,1.0,1.0,1.9357286322654255,0.4750726595954479,0.5173359657279786,Feynman81,T,0.5173359657279786,0.0,0.4750726595954479
1.0,1.0,1.0,1.0,1.9366151497124329,0.47488952901117465,0.482517317875329,Feynman81,T,0.482517317875329,0.0,0.47488952901117465
1.0,1.0,1.0,1.0,1.9371963607926603,0.4747695351479179,0.40943437710473246,Feynman81,T,0.40943437710473246,0.0,0.4747695351479179
1.0,1.0,1.0,1.0,1.9381835121430182,0.47456585745149216,0.4207263845847545,Feynman81,T,0.4207263845847545,0.0,0.47456585745149216
1.0,1.0,1.0,1.0,1.938794122046191,0.4744399494861747,0.4409443678507658,Feynman81,T,0.4409443678507658,0.0,0.4744399494861747
1.0,1.0,1.0,1.0,1.9405374284736463,0.474080808556971,0.49208263003983294,Feynman81,T,0.49208263003983294,0.0,0.474080808556971
1.0,1.0,1.0,1.0,1.94318807082144,0.47353567958523723,0.45724275643113954,Feynman81,T,0.45724275643113954,0.0,0.47353567958523723
1.0,1.0,1.0,1.0,1.9433409058971804,0.4735042819361528,0.5346652839980344,Feynman81,T,0.5346652839980344,0.0,0.4735042819361528
1.0,1.0,1.0,1.0,1.9437277020268557,0.47342483722225775,0.43834910449590087,Feynman81,T,0.43834910449590087,0.0,0.47342483722225775
1.0,1.0,1.0,1.0,1.9451338477690796,0.4731362279812772,0.5418861446253004,Feynman81,T,0.5418861446253004,0.0,0.4731362279812772
1.0,1.0,1.0,1.0,1.9467257803215174,0.4728098671675076,0.5014987904199292,Feynman81,T,0.5014987904199292,0.0,0.4728098671675076
1.0,1.0,1.0,1.0,1.948586383974876,0.47242893813197384,0.5471179816194072,Feynman81,T,0.5471179816194072,0.0,0.47242893813197384
1.0,1.0,1.0,1.0,1.9488332221339322,0.47237844333775614,0.47934627507052985,Feynman81,T,0.47934627507052985,0.0,0.47237844333775614
1.0,1.0,1.0,1.0,1.9489118998062236,0.4723623505659972,0.45287618123680884,Feynman81,T,0.45287618123680884,0.0,0.4723623505659972
1.0,1.0,1.0,1.0,1.950817697755539,0.4719728382005486,0.46987531798009424,Feynman81,T,0.46987531798009424,0.0,0.4719728382005486
1.0,1.0,1.0,1.0,1.9550001004563433,0.47112004623107984,0.4604610755266547,Feynman81,T,0.4604610755266547,0.0,0.47112004623107984
1.0,1.0,1.0,1.0,1.955287279069874,0.47106159208426984,0.46737175900165046,Feynman81,T,0.46737175900165046,0.0,0.47106159208426984
1.0,1.0,1.0,1.0,1.9556067138638045,0.47099658762127977,0.442105087895381,Feynman81,T,0.442105087895381,0.0,0.47099658762127977
1.0,1.0,1.0,1.0,1.9595081196410886,0.47020395703149676,0.5056585926184449,Feynman81,T,0.5056585926184449,0.0,0.47020395703149676
1.0,1.0,1.0,1.0,1.9602078863440835,0.47006204227017495,0.411718919634403,Feynman81,T,0.411718919634403,0.0,0.47006204227017495
1.0,1.0,1.0,1.0,1.9617233339410172,0.46975496889482293,0.4319903379507745,Feynman81,T,0.4319903379507745,0.0,0.46975496889482293
1.0,1.0,1.0,1.0,1.9651513712670416,0.46906167934176585,0.4938368843204526,Feynman81,T,0.4938368843204526,0.0,0.46906167934176585
1.0,1.0,1.0,1.0,1.9655250647620752,0.4689862144848986,0.4013561672511897,Feynman81,T,0.4013561672511897,0.0,0.4689862144848986
1.0,1.0,1.0,1.0,1.9682486696117745,0.46843686033766646,0.46132011968351655,Feynman81,T,0.46132011968351655,0.0,0.46843686033766646
1.0,1.0,1.0,1.0,1.9695051850604273,0.46818381006750603,0.4272526212763966,Feynman81,T,0.4272526212763966,0.0,0.46818381006750603
1.0,1.0,1.0,1.0,1.9757055301913025,0.466938715745322,0.4725474218905307,Feynman81,T,0.4725474218905307,0.0,0.466938715745322
1.0,1.0,1.0,1.0,1.979688615689665,0.46614201348320017,0.4499204934624866,Feynman81,T,0.4499204934624866,0.0,0.46614201348320017
1.0,1.0,1.0,1.0,1.9801778441344569,0.46604432628276643,0.42989250513468974,Feynman81,T,0.42989250513468974,0.0,0.46604432628276643
1.0,1.0,1.0,1.0,1.9811743864405087,0.46584545478084555,0.45045292788159164,Feynman81,T,0.45045292788159164,0.0,0.46584545478084555
1.0,1.0,1.0,1.0,1.9816402099897323,0.4657525467948256,0.5776593292114276,Feynman81,T,0.5776593292114276,0.0,0.4657525467948256
1.0,1.0,1.0,1.0,1.983368031451072,0.46540822638187396,0.47821826110943455,Feynman81,T,0.47821826110943455,0.0,0.46540822638187396
1.0,1.0,1.0,1.0,1.9887465457422624,0.4643393292629886,0.45896765601086076,Feynman81,T,0.45896765601086076,0.0,0.4643393292629886
1.0,1.0,1.0,1.0,1.9887835592576413,0.4643319887442822,0.5305860133607979,Feynman81,T,0.5305860133607979,0.0,0.4643319887442822
1.0,1.0,1.0,1.0,1.989195715058114,0.464250264173156,0.42790800355904607,Feynman81,T,0.42790800355904607,0.0,0.464250264173156
1.0,1.0,1.0,1.0,1.9895074177961667,0.4641884752401707,0.40607682259107925,Feynman81,T,0.40607682259107925,0.0,0.4641884752401707
1.0,1.0,1.0,1.0,1.9913688845168145,0.46381978492580517,0.40895905684676465,Feynman81,T,0.40895905684676465,0.0,0.46381978492580517
1.0,1.0,1.0,1.0,1.9948326181193403,0.4631351480830779,0.46320623783941167,Feynman81,T,0.46320623783941167,0.0,0.4631351480830779
1.0,1.0,1.0,1.0,1.9954765736148494,0.4630080658872614,0.49807530112876014,Feynman81,T,0.49807530112876014,0.0,0.4630080658872614
1.0,1.0,1.0,1.0,1.9975121862486462,0.46260675936826445,0.4618210187660802,Feynman81,T,0.4618210187660802,0.0,0.46260675936826445
1.0,1.0,1.0,1.0,2.0004653000352435,0.46202569008390615,0.46468455467197506,Feynman81,T,0.46468455467197506,0.0,0.46202569008390615
1.0,1.0,1.0,1.0,2.0047514351384472,0.4611846723013112,0.5283154325751058,Feynman81,T,0.5283154325751058,0.0,0.4611846723013112
1.0,1.0,1.0,1.0,2.0081257854851944,0.46052450868428124,0.3413980624732667,Feynman81,T,0.3413980624732667,0.0,0.46052450868428124
1.0,1.0,1.0,1.0,2.008585699329195,0.46043466271967337,0.4525824943019277,Feynman81,T,0.4525824943019277,0.0,0.46043466271967337
1.0,1.0,1.0,1.0,2.0086324470036665,0.46042553215447296,0.4113677230372613,Feynman81,T,0.4113677230372613,0.0,0.46042553215447296
1.0,1.0,1.0,1.0,2.0098415489271035,0.46018948905651635,0.47444638865632177,Feynman81,T,0.47444638865632177,0.0,0.46018948905651635
1.0,1.0,1.0,1.0,2.010709160778531,0.4600202471703049,0.42896294809071145,Feynman81,T,0.42896294809071145,0.0,0.4600202471703049
1.0,1.0,1.0,1.0,2.013874093505243,0.4594038291078283,0.4200672886976214,Feynman81,T,0.4200672886976214,0.0,0.4594038291078283
1.0,1.0,1.0,1.0,2.0154694708630836,0.4590936720006279,0.41798668240497905,Feynman81,T,0.41798668240497905,0.0,0.4590936720006279
1.0,1.0,1.0,1.0,2.0161740459822113,0.4589568163093193,0.47495482474192613,Feynman81,T,0.47495482474192613,0.0,0.4589568163093193
1.0,1.0,1.0,1.0,2.0206641513396955,0.45808639743042756,0.4541422863351927,Feynman81,T,0.4541422863351927,0.0,0.45808639743042756
1.0,1.0,1.0,1.0,2.0235940834405,0.45752003318353984,0.3965736954748939,Feynman81,T,0.3965736954748939,0.0,0.45752003318353984
1.0,1.0,1.0,1.0,2.0255279554058045,0.4571469050134342,0.4831109949693182,Feynman81,T,0.4831109949693182,0.0,0.4571469050134342
1.0,1.0,1.0,1.0,2.0298365357306665,0.45631757288972763,0.4185265942451978,Feynman81,T,0.4185265942451978,0.0,0.45631757288972763
1.0,1.0,1.0,1.0,2.029876257459468,0.45630993979223566,0.4751384054115879,Feynman81,T,0.4751384054115879,0.0,0.45630993979223566
1.0,1.0,1.0,1.0,2.0300436188541067,0.45627778145329007,0.4396096067688095,Feynman81,T,0.4396096067688095,0.0,0.45627778145329007
1.0,1.0,1.0,1.0,2.0304685300981538,0.45619615361015836,0.43157615739698907,Feynman81,T,0.43157615739698907,0.0,0.45619615361015836
1.0,1.0,1.0,1.0,2.030810732682678,0.4561304338199462,0.4781399691507008,Feynman81,T,0.4781399691507008,0.0,0.4561304338199462
1.0,1.0,1.0,1.0,2.033154788794496,0.45568072068242316,0.46212309628442294,Feynman81,T,0.46212309628442294,0.0,0.45568072068242316
1.0,1.0,1.0,1.0,2.0334910187444537,0.45561628007370303,0.542384478009387,Feynman81,T,0.542384478009387,0.0,0.45561628007370303
1.0,1.0,1.0,1.0,2.0398268592769804,0.45440506096491584,0.4237034170106178,Feynman81,T,0.4237034170106178,0.0,0.45440506096491584
1.0,1.0,1.0,1.0,2.040954457935804,0.45419011114552266,0.4535199606272856,Feynman81,T,0.4535199606272856,0.0,0.45419011114552266
1.0,1.0,1.0,1.0,2.046404170119631,0.4531538513841106,0.49315152911433935,Feynman81,T,0.49315152911433935,0.0,0.4531538513841106
1.0,1.0,1.0,1.0,2.0467612195745497,0.4530861085575881,0.4444587238137584,Feynman81,T,0.4444587238137584,0.0,0.4530861085575881
1.0,1.0,1.0,1.0,2.0469782391319575,0.4530449425295388,0.43189099947116016,Feynman81,T,0.43189099947116016,0.0,0.4530449425295388
1.0,1.0,1.0,1.0,2.0535102872066973,0.4518090649315639,0.44643040704113357,Feynman81,T,0.44643040704113357,0.0,0.4518090649315639
1.0,1.0,1.0,1.0,2.0568505878118453,0.45117943931213467,0.29722807486036107,Feynman81,T,0.29722807486036107,0.0,0.45117943931213467
1.0,1.0,1.0,1.0,2.0652050464402225,0.44961164578347257,0.4516942313497735,Feynman81,T,0.4516942313497735,0.0,0.44961164578347257
1.0,1.0,1.0,1.0,2.065543302020202,0.4495483778169328,0.4154526683113276,Feynman81,T,0.4154526683113276,0.0,0.4495483778169328
1.0,1.0,1.0,1.0,2.066730767274755,0.449326400359556,0.3879571495168305,Feynman81,T,0.3879571495168305,0.0,0.449326400359556
1.0,1.0,1.0,1.0,2.0676728924426797,0.4491504272359765,0.4748521942367895,Feynman81,T,0.4748521942367895,0.0,0.4491504272359765
1.0,1.0,1.0,1.0,2.0682524607413137,0.44904223598093207,0.41323964728703183,Feynman81,T,0.41323964728703183,0.0,0.44904223598093207
1.0,1.0,1.0,1.0,2.0698350421141027,0.44874704832214063,0.41922841177225295,Feynman81,T,0.41922841177225295,0.0,0.44874704832214063
1.0,1.0,1.0,1.0,2.0722727728275725,0.44829304681570215,0.4721237072779882,Feynman81,T,0.4721237072779882,0.0,0.44829304681570215
1.0,1.0,1.0,1.0,2.0741918852344785,0.4479362209151826,0.5692432849681153,Feynman81,T,0.5692432849681153,0.0,0.4479362209151826
1.0,1.0,1.0,1.0,2.074509933205214,0.4478771353703906,0.48948584319106314,Feynman81,T,0.48948584319106314,0.0,0.4478771353703906
1.0,1.0,1.0,1.0,2.0769125170361233,0.4474312525873212,0.4071498966719112,Feynman81,T,0.4071498966719112,0.0,0.4474312525873212
1.0,1.0,1.0,1.0,2.0772685439122003,0.4473652482866803,0.4116240079323788,Feynman81,T,0.4116240079323788,0.0,0.4473652482866803
1.0,1.0,1.0,1.0,2.081530077275832,0.44657657291789443,0.4788114401435809,Feynman81,T,0.4788114401435809,0.0,0.44657657291789443
1.0,1.0,1.0,1.0,2.082303912211817,0.4464336324772338,0.45534423203910956,Feynman81,T,0.45534423203910956,0.0,0.4464336324772338
1.0,1.0,1.0,1.0,2.083681393990836,0.4461793946403327,0.4684527562844791,Feynman81,T,0.4684527562844791,0.0,0.4461793946403327
1.0,1.0,1.0,1.0,2.0847853615736067,0.4459758291407505,0.35320337062682927,Feynman81,T,0.35320337062682927,0.0,0.4459758291407505
1.0,1.0,1.0,1.0,2.0897367474720694,0.44506490211649624,0.40847082598780715,Feynman81,T,0.40847082598780715,0.0,0.44506490211649624
1.0,1.0,1.0,1.0,2.09060036846894,0.4449063659538481,0.3725364827608559,Feynman81,T,0.3725364827608559,0.0,0.4449063659538481
1.0,1.0,1.0,1.0,2.098690933893529,0.4434261629981402,0.4303954907737016,Feynman81,T,0.4303954907737016,0.0,0.4434261629981402
1.0,1.0,1.0,1.0,2.1010835217437163,0.44299015153051535,0.4891067069295925,Feynman81,T,0.4891067069295925,0.0,0.44299015153051535
1.0,1.0,1.0,1.0,2.1018284489317227,0.4428545601965714,0.490953572362825,Feynman81,T,0.490953572362825,0.0,0.4428545601965714
1.0,1.0,1.0,1.0,2.106562677082403,0.4419946082198677,0.4100869185011083,Feynman81,T,0.4100869185011083,0.0,0.4419946082198677
1.0,1.0,1.0,1.0,2.1092518642874665,0.44150748774940557,0.45076173727502816,Feynman81,T,0.45076173727502816,0.0,0.44150748774940557
1.0,1.0,1.0,1.0,2.1195789326940218,0.4396459337259324,0.45238803984623355,Feynman81,T,0.45238803984623355,0.0,0.4396459337259324
1.0,1.0,1.0,1.0,2.1208578497102812,0.4394163961736849,0.5601593940786829,Feynman81,T,0.5601593940786829,0.0,0.4394163961736849
1.0,1.0,1.0,1.0,2.1222908352238607,0.4391594672946428,0.4977154334170861,Feynman81,T,0.4977154334170861,0.0,0.4391594672946428
1.0,1.0,1.0,1.0,2.123712844987502,0.4389047781929341,0.3435752373032522,Feynman81,T,0.3435752373032522,0.0,0.4389047781929341
1.0,1.0,1.0,1.0,2.125208652036507,0.4386371634757264,0.43984183004455607,Feynman81,T,0.43984183004455607,0.0,0.4386371634757264
1.0,1.0,1.0,1.0,2.1277465537326212,0.438183791009435,0.43409055136417807,Feynman81,T,0.43409055136417807,0.0,0.438183791009435
1.0,1.0,1.0,1.0,2.1297510138291953,0.43782631944885086,0.39638313446560713,Feynman81,T,0.39638313446560713,0.0,0.43782631944885086
1.0,1.0,1.0,1.0,2.1304348273371048,0.4377044917106138,0.41442381857035193,Feynman81,T,0.41442381857035193,0.0,0.4377044917106138
1.0,1.0,1.0,1.0,2.131317865553604,0.43754726213969586,0.5226735868230796,Feynman81,T,0.5226735868230796,0.0,0.43754726213969586
1.0,1.0,1.0,1.0,2.1315938975193722,0.437498134443711,0.40558848143634235,Feynman81,T,0.40558848143634235,0.0,0.437498134443711
1.0,1.0,1.0,1.0,2.1317129174799736,0.43747695459514524,0.3542710848938071,Feynman81,T,0.3542710848938071,0.0,0.43747695459514524
1.0,1.0,1.0,1.0,2.1349726016002886,0.4368976169749778,0.4561032859946138,Feynman81,T,0.4561032859946138,0.0,0.4368976169749778
1.0,1.0,1.0,1.0,2.137615143249227,0.4364289945805047,0.5101016564418493,Feynman81,T,0.5101016564418493,0.0,0.4364289945805047
1.0,1.0,1.0,1.0,2.1376311458008344,0.4364261595324905,0.4262753161118741,Feynman81,T,0.4262753161118741,0.0,0.4364261595324905
1.0,1.0,1.0,1.0,2.14348529278841,0.43539128792800813,0.5329225067036936,Feynman81,T,0.5329225067036936,0.0,0.43539128792800813
1.0,1.0,1.0,1.0,2.1447540950446493,0.43516758792575333,0.3536327976742785,Feynman81,T,0.3536327976742785,0.0,0.43516758792575333
1.0,1.0,1.0,1.0,2.1453273234444685,0.4350665923382082,0.42723696647268194,Feynman81,T,0.42723696647268194,0.0,0.4350665923382082
1.0,1.0,1.0,1.0,2.145792350301812,0.43498469209766794,0.4634946578286875,Feynman81,T,0.4634946578286875,0.0,0.43498469209766794
1.0,1.0,1.0,1.0,2.146078739992224,0.43493426740434277,0.44387515727276944,Feynman81,T,0.44387515727276944,0.0,0.43493426740434277
1.0,1.0,1.0,1.0,2.147841887683069,0.43462406586592317,0.48751396087773147,Feynman81,T,0.48751396087773147,0.0,0.43462406586592317
1.0,1.0,1.0,1.0,2.147976285362881,0.43460043710707436,0.4191985866804043,Feynman81,T,0.4191985866804043,0.0,0.43460043710707436
1.0,1.0,1.0,1.0,2.149328060045705,0.43436290966032,0.4071417728899883,Feynman81,T,0.4071417728899883,0.0,0.43436290966032
1.0,1.0,1.0,1.0,2.15210463200511,0.4338757705864682,0.4341660968145136,Feynman81,T,0.4341660968145136,0.0,0.4338757705864682
1.0,1.0,1.0,1.0,2.1570219292256074,0.43301550753950496,0.31870238697079645,Feynman81,T,0.31870238697079645,0.0,0.43301550753950496
1.0,1.0,1.0,1.0,2.158112876257889,0.4328250750319525,0.3830319820013966,Feynman81,T,0.3830319820013966,0.0,0.4328250750319525
1.0,1.0,1.0,1.0,2.1611565986102286,0.43229458471333715,0.4166720354698026,Feynman81,T,0.4166720354698026,0.0,0.43229458471333715
1.0,1.0,1.0,1.0,2.162445796287976,0.4320702506531226,0.4323887741889633,Feynman81,T,0.4323887741889633,0.0,0.4320702506531226
1.0,1.0,1.0,1.0,2.16286793517567,0.4319968405209634,0.45300992880490004,Feynman81,T,0.45300992880490004,0.0,0.4319968405209634
1.0,1.0,1.0,1.0,2.162876497528302,0.43199535176148063,0.45838855646192794,Feynman81,T,0.45838855646192794,0.0,0.43199535176148063
1.0,1.0,1.0,1.0,2.1650295183549475,0.4316212993794926,0.42339713360987563,Feynman81,T,0.42339713360987563,0.0,0.4316212993794926
1.0,1.0,1.0,1.0,2.165416113566738,0.4315541978086173,0.4545559816733825,Feynman81,T,0.4545559816733825,0.0,0.4315541978086173
1.0,1.0,1.0,1.0,2.165640902129581,0.4315151899380028,0.40899398034113976,Feynman81,T,0.40899398034113976,0.0,0.4315151899380028
1.0,1.0,1.0,1.0,2.167181198443418,0.43124807453945707,0.43811670695136773,Feynman81,T,0.43811670695136773,0.0,0.43124807453945707
1.0,1.0,1.0,1.0,2.167582508834684,0.4311785299515967,0.4000969530286607,Feynman81,T,0.4000969530286607,0.0,0.4311785299515967
1.0,1.0,1.0,1.0,2.1684672079411307,0.4310252899574203,0.4050223595086655,Feynman81,T,0.4050223595086655,0.0,0.4310252899574203
1.0,1.0,1.0,1.0,2.1708960763863496,0.430605096847344,0.4172242389536179,Feynman81,T,0.4172242389536179,0.0,0.430605096847344
1.0,1.0,1.0,1.0,2.17646656656965,0.42964424582720795,0.38762636338101475,Feynman81,T,0.38762636338101475,0.0,0.42964424582720795
1.0,1.0,1.0,1.0,2.185291272296692,0.42813013190749083,0.36452270613730164,Feynman81,T,0.36452270613730164,0.0,0.42813013190749083
1.0,1.0,1.0,1.0,2.1872493159872777,0.42779550881787726,0.4857649535610822,Feynman81,T,0.4857649535610822,0.0,0.42779550881787726
1.0,1.0,1.0,1.0,2.189909390998292,0.42734168230083797,0.411859656939185,Feynman81,T,0.411859656939185,0.0,0.42734168230083797
1.0,1.0,1.0,1.0,2.193691036695326,0.4266980337685797,0.5246515671279128,Feynman81,T,0.5246515671279128,0.0,0.4266980337685797
1.0,1.0,1.0,1.0,2.196174554240322,0.42627630239519376,0.3757619275077757,Feynman81,T,0.3757619275077757,0.0,0.42627630239519376
1.0,1.0,1.0,1.0,2.1985417117143955,0.4258750452523685,0.38031054355717264,Feynman81,T,0.38031054355717264,0.0,0.4258750452523685
1.0,1.0,1.0,1.0,2.19994977254407,0.4256366949704038,0.3462874681946607,Feynman81,T,0.3462874681946607,0.0,0.4256366949704038
1.0,1.0,1.0,1.0,2.2028549964940343,0.425145688438695,0.38911851839137884,Feynman81,T,0.38911851839137884,0.0,0.425145688438695
1.0,1.0,1.0,1.0,2.20527839266334,0.4247369135375008,0.4142475598862251,Feynman81,T,0.4142475598862251,0.0,0.4247369135375008
1.0,1.0,1.0,1.0,2.21420474985571,0.4232374666083534,0.3690187240520371,Feynman81,T,0.3690187240520371,0.0,0.4232374666083534
1.0,1.0,1.0,1.0,2.2146560059328184,0.4231619242863813,0.4010661256008866,Feynman81,T,0.4010661256008866,0.0,0.4231619242863813
1.0,1.0,1.0,1.0,2.2155501418075016,0.42301231540372175,0.45270114768089237,Feynman81,T,0.45270114768089237,0.0,0.42301231540372175
1.0,1.0,1.0,1.0,2.2173529100836467,0.42271096893462173,0.41165297224385283,Feynman81,T,0.41165297224385283,0.0,0.42271096893462173
1.0,1.0,1.0,1.0,2.218777683916042,0.42247308754741575,0.5069979107629428,Feynman81,T,0.5069979107629428,0.0,0.42247308754741575
1.0,1.0,1.0,1.0,2.2227207300414094,0.4218160410849466,0.4492805377172731,Feynman81,T,0.4492805377172731,0.0,0.4218160410849466
1.0,1.0,1.0,1.0,2.223383068153514,0.4217058580957914,0.4461534096828924,Feynman81,T,0.4461534096828924,0.0,0.4217058580957914
1.0,1.0,1.0,1.0,2.2235122739245616,0.4216843703222039,0.3824492680150449,Feynman81,T,0.3824492680150449,0.0,0.4216843703222039
1.0,1.0,1.0,1.0,2.2237320231802835,0.42164782921612487,0.46567825608473273,Feynman81,T,0.46567825608473273,0.0,0.42164782921612487
1.0,1.0,1.0,1.0,2.2255585720881634,0.4213443270517839,0.4690960305966796,Feynman81,T,0.4690960305966796,0.0,0.4213443270517839
1.0,1.0,1.0,1.0,2.228631603247374,0.42083461782087633,0.48543341039464444,Feynman81,T,0.48543341039464444,0.0,0.42083461782087633
1.0,1.0,1.0,1.0,2.228882211852169,0.42079310082495264,0.3238906481314282,Feynman81,T,0.3238906481314282,0.0,0.42079310082495264
1.0,1.0,1.0,1.0,2.2289678293491484,0.4207789187647794,0.4870987801715335,Feynman81,T,0.4870987801715335,0.0,0.4207789187647794
1.0,1.0,1.0,1.0,2.2353805276561234,0.41971919804540336,0.41695190669183246,Feynman81,T,0.41695190669183246,0.0,0.41971919804540336
1.0,1.0,1.0,1.0,2.2391993574973004,0.41909046578084724,0.4393599963556052,Feynman81,T,0.4393599963556052,0.0,0.41909046578084724
1.0,1.0,1.0,1.0,2.241340633559109,0.41873868811917625,0.32059987226111586,Feynman81,T,0.32059987226111586,0.0,0.41873868811917625
1.0,1.0,1.0,1.0,2.2431582216968415,0.4184405158387342,0.4779229425505367,Feynman81,T,0.4779229425505367,0.0,0.4184405158387342
1.0,1.0,1.0,1.0,2.2444644440497363,0.4182264748812756,0.4635967898701336,Feynman81,T,0.4635967898701336,0.0,0.4182264748812756
1.0,1.0,1.0,1.0,2.2450450251739227,0.4181314044212892,0.36153370734110907,Feynman81,T,0.36153370734110907,0.0,0.4181314044212892
1.0,1.0,1.0,1.0,2.245106414589887,0.41812135421166835,0.41104835079738805,Feynman81,T,0.41104835079738805,0.0,0.41812135421166835
1.0,1.0,1.0,1.0,2.2463139665070733,0.41792375385994696,0.44881308267975245,Feynman81,T,0.44881308267975245,0.0,0.41792375385994696
1.0,1.0,1.0,1.0,2.2499517227325825,0.4173295256386833,0.45214315178026426,Feynman81,T,0.45214315178026426,0.0,0.4173295256386833
1.0,1.0,1.0,1.0,2.2545433073155707,0.4165817201944861,0.40078719472999463,Feynman81,T,0.40078719472999463,0.0,0.4165817201944861
1.0,1.0,1.0,1.0,2.2553972303308276,0.41644292029896224,0.38418645582822164,Feynman81,T,0.38418645582822164,0.0,0.41644292029896224
1.0,1.0,1.0,1.0,2.256575601254081,0.4162515240704457,0.5201287437740867,Feynman81,T,0.5201287437740867,0.0,0.4162515240704457
1.0,1.0,1.0,1.0,2.256943785151642,0.41619175542976045,0.4204768335040199,Feynman81,T,0.4204768335040199,0.0,0.41619175542976045
1.0,1.0,1.0,1.0,2.2606921056375326,0.41558418088456156,0.33795545495438617,Feynman81,T,0.33795545495438617,0.0,0.41558418088456156
1.0,1.0,1.0,1.0,2.261093562944095,0.41551920514172686,0.43973225651666265,Feynman81,T,0.43973225651666265,0.0,0.41551920514172686
1.0,1.0,1.0,1.0,2.2654652150631067,0.4148128719658473,0.49602760149605485,Feynman81,T,0.49602760149605485,0.0,0.4148128719658473
1.0,1.0,1.0,1.0,2.26551654354648,0.41480459198437997,0.4850599630870243,Feynman81,T,0.4850599630870243,0.0,0.41480459198437997
1.0,1.0,1.0,1.0,2.2687555075835415,0.4142827223341726,0.3908417994260331,Feynman81,T,0.3908417994260331,0.0,0.4142827223341726
1.0,1.0,1.0,1.0,2.2694248380148334,0.41417503001519407,0.40914484479965296,Feynman81,T,0.40914484479965296,0.0,0.41417503001519407
1.0,1.0,1.0,1.0,2.2749698309551634,0.4132848585707323,0.28035374700696136,Feynman81,T,0.28035374700696136,0.0,0.4132848585707323
1.0,1.0,1.0,1.0,2.2805537191257725,0.41239202437011696,0.3787154712767777,Feynman81,T,0.3787154712767777,0.0,0.41239202437011696
1.0,1.0,1.0,1.0,2.2819141821816484,0.41217503578364917,0.42305216160972553,Feynman81,T,0.42305216160972553,0.0,0.41217503578364917
1.0,1.0,1.0,1.0,2.2839548824796485,0.41184994921265733,0.44255918213335654,Feynman81,T,0.44255918213335654,0.0,0.41184994921265733
1.0,1.0,1.0,1.0,2.284186643841822,0.41181305939117835,0.32560436690787886,Feynman81,T,0.32560436690787886,0.0,0.41181305939117835
1.0,1.0,1.0,1.0,2.2847044927461737,0.41173065473403764,0.4278100591187026,Feynman81,T,0.4278100591187026,0.0,0.41173065473403764
1.0,1.0,1.0,1.0,2.28925560113942,0.41100775771738557,0.37575541623762543,Feynman81,T,0.37575541623762543,0.0,0.41100775771738557
1.0,1.0,1.0,1.0,2.2909024933003854,0.4107467464289437,0.4556915066424533,Feynman81,T,0.4556915066424533,0.0,0.4107467464289437
1.0,1.0,1.0,1.0,2.2932526464887757,0.41037481019707905,0.3572763144867561,Feynman81,T,0.3572763144867561,0.0,0.41037481019707905
1.0,1.0,1.0,1.0,2.2945734049608197,0.41016606098506786,0.3187791549691926,Feynman81,T,0.3187791549691926,0.0,0.41016606098506786
1.0,1.0,1.0,1.0,2.2962577761277196,0.4099001280335823,0.478312093464042,Feynman81,T,0.478312093464042,0.0,0.4099001280335823
1.0,1.0,1.0,1.0,2.301679946262952,0.40904623405279283,0.4412824120715358,Feynman81,T,0.4412824120715358,0.0,0.40904623405279283
1.0,1.0,1.0,1.0,2.3032954135113424,0.4087924662894924,0.4723768863242859,Feynman81,T,0.4723768863242859,0.0,0.4087924662894924
1.0,1.0,1.0,1.0,2.3046309773187934,0.40858288850481783,0.4541362294592966,Feynman81,T,0.4541362294592966,0.0,0.40858288850481783
1.0,1.0,1.0,1.0,2.30491179284905,0.40853884812135427,0.42614228210374006,Feynman81,T,0.42614228210374006,0.0,0.40853884812135427
1.0,1.0,1.0,1.0,2.3103299913319226,0.4076908360113477,0.42568639572311084,Feynman81,T,0.42568639572311084,0.0,0.4076908360113477
1.0,1.0,1.0,1.0,2.314283456350308,0.4070741360396158,0.5145744942955194,Feynman81,T,0.5145744942955194,0.0,0.4070741360396158
1.0,1.0,1.0,1.0,2.3147555276593983,0.4070006137744019,0.4585624440576586,Feynman81,T,0.4585624440576586,0.0,0.4070006137744019
1.0,1.0,1.0,1.0,2.3172163553191933,0.4066177545753428,0.42639453861246435,Feynman81,T,0.42639453861246435,0.0,0.4066177545753428
1.0,1.0,1.0,1.0,2.318137250868,0.4064746526237905,0.4035776296066856,Feynman81,T,0.4035776296066856,0.0,0.4064746526237905
1.0,1.0,1.0,1.0,2.3218715325284722,0.40589532619382124,0.4164418096267438,Feynman81,T,0.4164418096267438,0.0,0.40589532619382124
1.0,1.0,1.0,1.0,2.322812341609455,0.40574961400166926,0.3782767200757903,Feynman81,T,0.3782767200757903,0.0,0.40574961400166926
1.0,1.0,1.0,1.0,2.3286170744154413,0.40485272962205276,0.4311570723261271,Feynman81,T,0.4311570723261271,0.0,0.40485272962205276
1.0,1.0,1.0,1.0,2.3334028365844457,0.404116059024814,0.3314291206646347,Feynman81,T,0.3314291206646347,0.0,0.404116059024814
1.0,1.0,1.0,1.0,2.3368430884597053,0.403588043927633,0.389444586599622,Feynman81,T,0.389444586599622,0.0,0.403588043927633
1.0,1.0,1.0,1.0,2.337193223355447,0.40353437678620024,0.35712875314007436,Feynman81,T,0.35712875314007436,0.0,0.40353437678620024
1.0,1.0,1.0,1.0,2.339561041109573,0.40317179697737326,0.4382226630984184,Feynman81,T,0.4382226630984184,0.0,0.40317179697737326
1.0,1.0,1.0,1.0,2.339892039759581,0.4031211601143893,0.45301883753820205,Feynman81,T,0.45301883753820205,0.0,0.4031211601143893
1.0,1.0,1.0,1.0,2.342657348699738,0.402698580330964,0.4319987866508397,Feynman81,T,0.4319987866508397,0.0,0.402698580330964
1.0,1.0,1.0,1.0,2.346998594790714,0.40203683828553205,0.3508957845406097,Feynman81,T,0.3508957845406097,0.0,0.40203683828553205
1.0,1.0,1.0,1.0,2.3501120258906565,0.40156350151720704,0.4419135079165793,Feynman81,T,0.4419135079165793,0.0,0.40156350151720704
1.0,1.0,1.0,1.0,2.351731880450454,0.4013176450661631,0.44021008008868534,Feynman81,T,0.44021008008868534,0.0,0.4013176450661631
1.0,1.0,1.0,1.0,2.3519671530785433,0.40128195948226725,0.45440162876928936,Feynman81,T,0.45440162876928936,0.0,0.40128195948226725
1.0,1.0,1.0,1.0,2.352159320790282,0.4012528163410671,0.3799464968578761,Feynman81,T,0.3799464968578761,0.0,0.4012528163410671
1.0,1.0,1.0,1.0,2.3541772450595935,0.4009470269298612,0.3776725519678282,Feynman81,T,0.3776725519678282,0.0,0.4009470269298612
1.0,1.0,1.0,1.0,2.3559542775518634,0.4006781013743043,0.34267017588914683,Feynman81,T,0.34267017588914683,0.0,0.4006781013743043
1.0,1.0,1.0,1.0,2.3589920012650296,0.40021916919568407,0.3429150276102676,Feynman81,T,0.3429150276102676,0.0,0.40021916919568407
1.0,1.0,1.0,1.0,2.3630154053258896,0.39961283142142234,0.38914678607070846,Feynman81,T,0.38914678607070846,0.0,0.39961283142142234
1.0,1.0,1.0,1.0,2.364339579289335,0.3994136498826043,0.5007312456639817,Feynman81,T,0.5007312456639817,0.0,0.3994136498826043
1.0,1.0,1.0,1.0,2.364819330944436,0.3993415316443942,0.3924401813586238,Feynman81,T,0.3924401813586238,0.0,0.3993415316443942
1.0,1.0,1.0,1.0,2.3653637859481154,0.3992597163888345,0.35312605290327626,Feynman81,T,0.35312605290327626,0.0,0.3992597163888345
1.0,1.0,1.0,1.0,2.3689429267079603,0.39872265734443646,0.3668919968276946,Feynman81,T,0.3668919968276946,0.0,0.39872265734443646
1.0,1.0,1.0,1.0,2.3762615533138147,0.3976286703855872,0.3579165854129549,Feynman81,T,0.3579165854129549,0.0,0.3976286703855872
1.0,1.0,1.0,1.0,2.377415563776408,0.3974566809511915,0.4056825649433621,Feynman81,T,0.4056825649433621,0.0,0.3974566809511915
1.0,1.0,1.0,1.0,2.3778697394599515,0.39738903041960705,0.3162733263624075,Feynman81,T,0.3162733263624075,0.0,0.39738903041960705
1.0,1.0,1.0,1.0,2.3793562110994344,0.3971677674173775,0.33634772045574723,Feynman81,T,0.33634772045574723,0.0,0.3971677674173775
1.0,1.0,1.0,1.0,2.3800234442304973,0.39706852387713554,0.33094148208095575,Feynman81,T,0.33094148208095575,0.0,0.39706852387713554
1.0,1.0,1.0,1.0,2.381415172849936,0.39686166878869117,0.4123622998591104,Feynman81,T,0.4123622998591104,0.0,0.39686166878869117
1.0,1.0,1.0,1.0,2.3859832803450653,0.3961841167951528,0.3913090068679882,Feynman81,T,0.3913090068679882,0.0,0.3961841167951528
1.0,1.0,1.0,1.0,2.390677815520495,0.39549006335984344,0.43186514865910164,Feynman81,T,0.43186514865910164,0.0,0.39549006335984344
1.0,1.0,1.0,1.0,2.3935443503346745,0.39506738413959547,0.40710333965398243,Feynman81,T,0.40710333965398243,0.0,0.39506738413959547
1.0,1.0,1.0,1.0,2.395040108243098,0.3948471655463435,0.38146865681328146,Feynman81,T,0.38146865681328146,0.0,0.3948471655463435
1.0,1.0,1.0,1.0,2.40056849087423,0.39403521854627555,0.42587418057899906,Feynman81,T,0.42587418057899906,0.0,0.39403521854627555
1.0,1.0,1.0,1.0,2.4035681698064297,0.39359596599471064,0.4056912131773656,Feynman81,T,0.4056912131773656,0.0,0.39359596599471064
1.0,1.0,1.0,1.0,2.404088459684606,0.39351987156932,0.36538472720231324,Feynman81,T,0.36538472720231324,0.0,0.39351987156932
1.0,1.0,1.0,1.0,2.4054126939171256,0.393326321362307,0.4615761438955649,Feynman81,T,0.4615761438955649,0.0,0.393326321362307
1.0,1.0,1.0,1.0,2.4078668691999177,0.39296808978695086,0.44733885515959143,Feynman81,T,0.44733885515959143,0.0,0.39296808978695086
1.0,1.0,1.0,1.0,2.4083638142913144,0.39289562597870553,0.38710081336871294,Feynman81,T,0.38710081336871294,0.0,0.39289562597870553
1.0,1.0,1.0,1.0,2.4150936648766113,0.39191674798175935,0.33915968508050015,Feynman81,T,0.33915968508050015,0.0,0.39191674798175935
1.0,1.0,1.0,1.0,2.417490679067994,0.3915691974305948,0.42888867826818855,Feynman81,T,0.42888867826818855,0.0,0.3915691974305948
1.0,1.0,1.0,1.0,2.4177896611421343,0.39152588759610474,0.28353433678499845,Feynman81,T,0.28353433678499845,0.0,0.39152588759610474
1.0,1.0,1.0,1.0,2.4188661104747204,0.39137003001328585,0.35133674782765195,Feynman81,T,0.35133674782765195,0.0,0.39137003001328585
1.0,1.0,1.0,1.0,2.4214483077358797,0.3909966309072179,0.2815698180397846,Feynman81,T,0.2815698180397846,0.0,0.3909966309072179
1.0,1.0,1.0,1.0,2.421671463109771,0.39096439282796697,0.32715698818322037,Feynman81,T,0.32715698818322037,0.0,0.39096439282796697
1.0,1.0,1.0,1.0,2.4218298200133406,0.39094151886381034,0.3741074248499855,Feynman81,T,0.3741074248499855,0.0,0.39094151886381034
1.0,1.0,1.0,1.0,2.4229404254055638,0.3907811672202579,0.44829063271388137,Feynman81,T,0.44829063271388137,0.0,0.3907811672202579
1.0,1.0,1.0,1.0,2.4257980234011325,0.3903691471548886,0.4209596351370508,Feynman81,T,0.4209596351370508,0.0,0.3903691471548886
1.0,1.0,1.0,1.0,2.4297752011049654,0.3897970554256866,0.42943192322588697,Feynman81,T,0.42943192322588697,0.0,0.3897970554256866
1.0,1.0,1.0,1.0,2.4391653100677644,0.3884525674448913,0.2916606046216877,Feynman81,T,0.2916606046216877,0.0,0.3884525674448913
1.0,1.0,1.0,1.0,2.442855496906284,0.3879265804882036,0.3827266611600036,Feynman81,T,0.3827266611600036,0.0,0.3879265804882036
1.0,1.0,1.0,1.0,2.444318064518844,0.38771848065634346,0.4492683732458388,Feynman81,T,0.4492683732458388,0.0,0.38771848065634346
1.0,1.0,1.0,1.0,2.4448095241632055,0.38764860088322806,0.42005131807000357,Feynman81,T,0.42005131807000357,0.0,0.38764860088322806
1.0,1.0,1.0,1.0,2.445296396485436,0.3875793966794305,0.38309294139417666,Feynman81,T,0.38309294139417666,0.0,0.3875793966794305
1.0,1.0,1.0,1.0,2.4458369814687484,0.38750258490263945,0.3349289264465115,Feynman81,T,0.3349289264465115,0.0,0.38750258490263945
1.0,1.0,1.0,1.0,2.446107830586891,0.3874641106670241,0.4520285740918071,Feynman81,T,0.4520285740918071,0.0,0.3874641106670241
1.0,1.0,1.0,1.0,2.447562534987693,0.3872575918941798,0.4259713038435535,Feynman81,T,0.4259713038435535,0.0,0.3872575918941798
1.0,1.0,1.0,1.0,2.449803549163806,0.3869398478348682,0.3987670358895778,Feynman81,T,0.3987670358895778,0.0,0.3869398478348682
1.0,1.0,1.0,1.0,2.455219124834142,0.3861740131383571,0.39414241292590046,Feynman81,T,0.39414241292590046,0.0,0.3861740131383571
1.0,1.0,1.0,1.0,2.4568509497220465,0.38594380913607373,0.44816827548949567,Feynman81,T,0.44816827548949567,0.0,0.38594380913607373
1.0,1.0,1.0,1.0,2.4594169726288158,0.3855823373124266,0.3940204833107038,Feynman81,T,0.3940204833107038,0.0,0.3855823373124266
1.0,1.0,1.0,1.0,2.4608357072062086,0.3853827551855621,0.46521246746239575,Feynman81,T,0.46521246746239575,0.0,0.3853827551855621
1.0,1.0,1.0,1.0,2.466487839403783,0.3845895583168007,0.38167459951686633,Feynman81,T,0.38167459951686633,0.0,0.3845895583168007
1.0,1.0,1.0,1.0,2.469583773637811,0.38415638693008025,0.42255238769774617,Feynman81,T,0.42255238769774617,0.0,0.38415638693008025
1.0,1.0,1.0,1.0,2.4699372220590137,0.3841069920838429,0.4369084795740829,Feynman81,T,0.4369084795740829,0.0,0.3841069920838429
1.0,1.0,1.0,1.0,2.4721187516208394,0.3838023847327691,0.41787682551947236,Feynman81,T,0.41787682551947236,0.0,0.3838023847327691
1.0,1.0,1.0,1.0,2.478856528960111,0.38286444884213305,0.4123895805325973,Feynman81,T,0.4123895805325973,0.0,0.38286444884213305
1.0,1.0,1.0,1.0,2.4840456990439157,0.3821450211425868,0.36515549372987305,Feynman81,T,0.36515549372987305,0.0,0.3821450211425868
1.0,1.0,1.0,1.0,2.488588886869195,0.3815172374524314,0.39139723918399194,Feynman81,T,0.39139723918399194,0.0,0.3815172374524314
1.0,1.0,1.0,1.0,2.495566934086207,0.38055677263907123,0.4595720939446424,Feynman81,T,0.4595720939446424,0.0,0.38055677263907123
1.0,1.0,1.0,1.0,2.4961823394493954,0.3804722860349936,0.34044527198949875,Feynman81,T,0.34044527198949875,0.0,0.3804722860349936
1.0,1.0,1.0,1.0,2.498919888509743,0.38009688609597553,0.4247690740555774,Feynman81,T,0.4247690740555774,0.0,0.38009688609597553
1.0,1.0,1.0,1.0,2.4990469638581856,0.3800794771967712,0.33824122282232466,Feynman81,T,0.33824122282232466,0.0,0.3800794771967712
1.0,1.0,1.0,1.0,2.499199775679491,0.38005854447450194,0.2875953119600477,Feynman81,T,0.2875953119600477,0.0,0.38005854447450194
1.0,1.0,1.0,1.0,2.499894330145095,0.3799634292099983,0.379761369294707,Feynman81,T,0.379761369294707,0.0,0.3799634292099983
1.0,1.0,1.0,1.0,2.505438522900123,0.37920578766329766,0.3062732449226918,Feynman81,T,0.3062732449226918,0.0,0.37920578766329766
1.0,1.0,1.0,1.0,2.5078400872053406,0.37887848443493105,0.3741541967615482,Feynman81,T,0.3741541967615482,0.0,0.37887848443493105
1.0,1.0,1.0,1.0,2.508593050419581,0.37877597449831424,0.46549580923482026,Feynman81,T,0.46549580923482026,0.0,0.37877597449831424
1.0,1.0,1.0,1.0,2.5089838488900083,0.3787227909953691,0.3433046926781545,Feynman81,T,0.3433046926781545,0.0,0.3787227909953691
1.0,1.0,1.0,1.0,2.511165931781361,0.3784260911666842,0.4285312498884224,Feynman81,T,0.4285312498884224,0.0,0.3784260911666842
1.0,1.0,1.0,1.0,2.512171384986614,0.3782895260940519,0.3240779580712317,Feynman81,T,0.3240779580712317,0.0,0.3782895260940519
1.0,1.0,1.0,1.0,2.5159421094849432,0.37777819582010824,0.3313178708916218,Feynman81,T,0.3313178708916218,0.0,0.37777819582010824
1.0,1.0,1.0,1.0,2.5161682313715352,0.37774757388195757,0.31976832312205344,Feynman81,T,0.31976832312205344,0.0,0.37774757388195757
1.0,1.0,1.0,1.0,2.5169710866700092,0.37763888717628896,0.3603609063877328,Feynman81,T,0.3603609063877328,0.0,0.37763888717628896
1.0,1.0,1.0,1.0,2.5185749552176473,0.37742193950464276,0.4499530008214584,Feynman81,T,0.4499530008214584,0.0,0.37742193950464276
1.0,1.0,1.0,1.0,2.519744501805375,0.37726388853969506,0.339447447931386,Feynman81,T,0.339447447931386,0.0,0.37726388853969506
1.0,1.0,1.0,1.0,2.5235080653244037,0.3767561312177348,0.4030801474044634,Feynman81,T,0.4030801474044634,0.0,0.3767561312177348
1.0,1.0,1.0,1.0,2.5265471496586644,0.37634705554948383,0.3936138498234332,Feynman81,T,0.3936138498234332,0.0,0.37634705554948383
1.0,1.0,1.0,1.0,2.5269728825533586,0.37628981667933686,0.3818401107907782,Feynman81,T,0.3818401107907782,0.0,0.37628981667933686
1.0,1.0,1.0,1.0,2.5283236082383413,0.3761083231305253,0.3906930756549754,Feynman81,T,0.3906930756549754,0.0,0.3761083231305253
1.0,1.0,1.0,1.0,2.5359466620530884,0.37508712017049156,0.47079788033047437,Feynman81,T,0.47079788033047437,0.0,0.37508712017049156
1.0,1.0,1.0,1.0,2.536404657823306,0.375025932474725,0.42944446292141625,Feynman81,T,0.42944446292141625,0.0,0.375025932474725
1.0,1.0,1.0,1.0,2.537224536561885,0.37491644465342727,0.35846187175470784,Feynman81,T,0.35846187175470784,0.0,0.37491644465342727
1.0,1.0,1.0,1.0,2.540711119923787,0.3744515138998607,0.4270265632209938,Feynman81,T,0.4270265632209938,0.0,0.3744515138998607
1.0,1.0,1.0,1.0,2.5432921305387146,0.3741080401165611,0.3144974708991367,Feynman81,T,0.3144974708991367,0.0,0.3741080401165611
1.0,1.0,1.0,1.0,2.5434870652334687,0.3740821228908566,0.32156010246914757,Feynman81,T,0.32156010246914757,0.0,0.3740821228908566
1.0,1.0,1.0,1.0,2.5435968070319057,0.3740675338389493,0.34596076251451763,Feynman81,T,0.34596076251451763,0.0,0.3740675338389493
1.0,1.0,1.0,1.0,2.5462154386970717,0.37371973172306977,0.32941727405679044,Feynman81,T,0.32941727405679044,0.0,0.37371973172306977
1.0,1.0,1.0,1.0,2.546689482646268,0.3736568352640999,0.48864648105604047,Feynman81,T,0.48864648105604047,0.0,0.3736568352640999
1.0,1.0,1.0,1.0,2.5470021373551432,0.37361536296754355,0.3204838608700484,Feynman81,T,0.3204838608700484,0.0,0.37361536296754355
1.0,1.0,1.0,1.0,2.547346194214694,0.37356973535118515,0.42489776011075314,Feynman81,T,0.42489776011075314,0.0,0.37356973535118515
1.0,1.0,1.0,1.0,2.5495345181927824,0.37327977350950875,0.3776833286179124,Feynman81,T,0.3776833286179124,0.0,0.37327977350950875
1.0,1.0,1.0,1.0,2.5503558625226135,0.37317105166944925,0.4359709932475358,Feynman81,T,0.4359709932475358,0.0,0.37317105166944925
1.0,1.0,1.0,1.0,2.5525284978557137,0.3728837466488713,0.3941119612575335,Feynman81,T,0.3941119612575335,0.0,0.3728837466488713
1.0,1.0,1.0,1.0,2.553464784777976,0.3727600626363632,0.3872965596310474,Feynman81,T,0.3872965596310474,0.0,0.3727600626363632
1.0,1.0,1.0,1.0,2.553528786150321,0.372751610848591,0.2629388526775662,Feynman81,T,0.2629388526775662,0.0,0.372751610848591
1.0,1.0,1.0,1.0,2.5539669791105437,0.3726937544024393,0.453878545357154,Feynman81,T,0.453878545357154,0.0,0.3726937544024393
1.0,1.0,1.0,1.0,2.5539777136401685,0.3726923372904467,0.3731107354655674,Feynman81,T,0.3731107354655674,0.0,0.3726923372904467
1.0,1.0,1.0,1.0,2.5550506188255806,0.37255074971546853,0.43214975254028737,Feynman81,T,0.43214975254028737,0.0,0.37255074971546853
1.0,1.0,1.0,1.0,2.5600527060116027,0.37189198015993524,0.34146049461822275,Feynman81,T,0.34146049461822275,0.0,0.37189198015993524
1.0,1.0,1.0,1.0,2.561583674058215,0.3716907928291179,0.40578365733427124,Feynman81,T,0.40578365733427124,0.0,0.3716907928291179
1.0,1.0,1.0,1.0,2.5618429572529124,0.37165674030227625,0.3963230569897352,Feynman81,T,0.3963230569897352,0.0,0.37165674030227625
1.0,1.0,1.0,1.0,2.5628855909987514,0.371519867207971,0.3719571740222416,Feynman81,T,0.3719571740222416,0.0,0.371519867207971
1.0,1.0,1.0,1.0,2.5631230674900776,0.37148870548700647,0.4155580821014036,Feynman81,T,0.4155580821014036,0.0,0.37148870548700647
1.0,1.0,1.0,1.0,2.5632843170061985,0.3714675491019855,0.3926172089599017,Feynman81,T,0.3926172089599017,0.0,0.3714675491019855
1.0,1.0,1.0,1.0,2.563619259761471,0.3714236109541041,0.3654131272521898,Feynman81,T,0.3654131272521898,0.0,0.3714236109541041
1.0,1.0,1.0,1.0,2.565419498839588,0.37118762176969633,0.38443074286455287,Feynman81,T,0.38443074286455287,0.0,0.37118762176969633
1.0,1.0,1.0,1.0,2.568846160642153,0.37073921050752734,0.3735378537929404,Feynman81,T,0.3735378537929404,0.0,0.37073921050752734
1.0,1.0,1.0,1.0,2.568855489870373,0.3707379910864951,0.4213763024899771,Feynman81,T,0.4213763024899771,0.0,0.3707379910864951
1.0,1.0,1.0,1.0,2.5690289550741054,0.3707153188746071,0.30578376282435404,Feynman81,T,0.30578376282435404,0.0,0.3707153188746071
1.0,1.0,1.0,1.0,2.5734027854251313,0.37014451612210103,0.42098060526906167,Feynman81,T,0.42098060526906167,0.0,0.37014451612210103
1.0,1.0,1.0,1.0,2.5739252834898894,0.37007643903651277,0.3438673646912519,Feynman81,T,0.3438673646912519,0.0,0.37007643903651277
1.0,1.0,1.0,1.0,2.5761270127680986,0.3697898320879598,0.3303912365949704,Feynman81,T,0.3303912365949704,0.0,0.3697898320879598
1.0,1.0,1.0,1.0,2.576876231885067,0.36969239921988056,0.35340053048342857,Feynman81,T,0.35340053048342857,0.0,0.36969239921988056
1.0,1.0,1.0,1.0,2.580845312313007,0.3691770451214451,0.44086669204044704,Feynman81,T,0.44086669204044704,0.0,0.3691770451214451
1.0,1.0,1.0,1.0,2.5810265485008053,0.3691535454423577,0.4727283753232808,Feynman81,T,0.4727283753232808,0.0,0.3691535454423577
1.0,1.0,1.0,1.0,2.583134813473461,0.3688803885546003,0.37331497245792206,Feynman81,T,0.37331497245792206,0.0,0.3688803885546003
1.0,1.0,1.0,1.0,2.584848511326147,0.36865863511188385,0.4357496306104849,Feynman81,T,0.4357496306104849,0.0,0.36865863511188385
1.0,1.0,1.0,1.0,2.5852714411154283,0.3686039465440092,0.3418099513195868,Feynman81,T,0.3418099513195868,0.0,0.3686039465440092
1.0,1.0,1.0,1.0,2.5855759121615693,0.36856458523798313,0.3455572705599904,Feynman81,T,0.3455572705599904,0.0,0.36856458523798313
1.0,1.0,1.0,1.0,2.589841543373399,0.3680139690555711,0.36183202751768784,Feynman81,T,0.36183202751768784,0.0,0.3680139690555711
1.0,1.0,1.0,1.0,2.5903900546853995,0.36794327900223944,0.4188054235567653,Feynman81,T,0.4188054235567653,0.0,0.36794327900223944
1.0,1.0,1.0,1.0,2.5927843826899717,0.3676350076451385,0.4372519092053427,Feynman81,T,0.4372519092053427,0.0,0.3676350076451385
1.0,1.0,1.0,1.0,2.595313721296083,0.3673098838663561,0.23581417961781886,Feynman81,T,0.23581417961781886,0.0,0.3673098838663561
1.0,1.0,1.0,1.0,2.598084047892265,0.3669544069242102,0.41920845973478804,Feynman81,T,0.41920845973478804,0.0,0.3669544069242102
1.0,1.0,1.0,1.0,2.6027696827978093,0.36635464498579096,0.37775345204441135,Feynman81,T,0.37775345204441135,0.0,0.36635464498579096
1.0,1.0,1.0,1.0,2.6046739474444083,0.36611142874338065,0.36882363503273524,Feynman81,T,0.36882363503273524,0.0,0.36611142874338065
1.0,1.0,1.0,1.0,2.6057382299514154,0.3659756296879059,0.4161242129428817,Feynman81,T,0.4161242129428817,0.0,0.3659756296879059
1.0,1.0,1.0,1.0,2.6061126662548695,0.3659278754802761,0.3489893017041469,Feynman81,T,0.3489893017041469,0.0,0.3659278754802761
1.0,1.0,1.0,1.0,2.6106887432627914,0.36534521132146397,0.3142182104080219,Feynman81,T,0.3142182104080219,0.0,0.36534521132146397
1.0,1.0,1.0,1.0,2.612123428329827,0.3651628968279411,0.4138145693634645,Feynman81,T,0.4138145693634645,0.0,0.3651628968279411
1.0,1.0,1.0,1.0,2.6124881660542028,0.3651165747629758,0.38493486466031374,Feynman81,T,0.38493486466031374,0.0,0.3651165747629758
1.0,1.0,1.0,1.0,2.614907492860666,0.36480959924066186,0.32664108989314183,Feynman81,T,0.32664108989314183,0.0,0.36480959924066186
1.0,1.0,1.0,1.0,2.6150644775351717,0.36478969717486254,0.3594876041612636,Feynman81,T,0.3594876041612636,0.0,0.36478969717486254
1.0,1.0,1.0,1.0,2.6161004681465045,0.3646584088047433,0.39889994908260396,Feynman81,T,0.39889994908260396,0.0,0.3646584088047433
1.0,1.0,1.0,1.0,2.6178413626636132,0.3644379912371749,0.36245403995572534,Feynman81,T,0.36245403995572534,0.0,0.3644379912371749
1.0,1.0,1.0,1.0,2.619613712224292,0.3642138501721842,0.4151044059570726,Feynman81,T,0.4151044059570726,0.0,0.3642138501721842
1.0,1.0,1.0,1.0,2.619887253155233,0.36417927994089394,0.3661678486242187,Feynman81,T,0.3661678486242187,0.0,0.36417927994089394
1.0,1.0,1.0,1.0,2.6219008853356507,0.36392498732430095,0.32857415505623955,Feynman81,T,0.32857415505623955,0.0,0.36392498732430095
1.0,1.0,1.0,1.0,2.6240373529998093,0.36365554989203275,0.36656441016986013,Feynman81,T,0.36656441016986013,0.0,0.36365554989203275
1.0,1.0,1.0,1.0,2.6242490685051716,0.3636288702866543,0.4346561378469557,Feynman81,T,0.4346561378469557,0.0,0.3636288702866543
1.0,1.0,1.0,1.0,2.625175036571476,0.3635122267786497,0.2832531612430193,Feynman81,T,0.2832531612430193,0.0,0.3635122267786497
1.0,1.0,1.0,1.0,2.62534307806963,0.3634910663156774,0.3447696546838803,Feynman81,T,0.3447696546838803,0.0,0.3634910663156774
1.0,1.0,1.0,1.0,2.6261107322766626,0.3633944298782677,0.3839678167195374,Feynman81,T,0.3839678167195374,0.0,0.3633944298782677
1.0,1.0,1.0,1.0,2.626286394934986,0.36337232336234204,0.3948366295524902,Feynman81,T,0.3948366295524902,0.0,0.36337232336234204
1.0,1.0,1.0,1.0,2.6276443799233156,0.36320151177231164,0.2910698001691998,Feynman81,T,0.2910698001691998,0.0,0.36320151177231164
1.0,1.0,1.0,1.0,2.6287542278433422,0.3630620245827826,0.421586840249945,Feynman81,T,0.421586840249945,0.0,0.3630620245827826
1.0,1.0,1.0,1.0,2.6297806469250076,0.36293311316704724,0.4104970193935739,Feynman81,T,0.4104970193935739,0.0,0.36293311316704724
1.0,1.0,1.0,1.0,2.630111706305514,0.3628915528073084,0.3809301583352417,Feynman81,T,0.3809301583352417,0.0,0.3628915528073084
1.0,1.0,1.0,1.0,2.6335096151129864,0.3624655086962852,0.2595870882439913,Feynman81,T,0.2595870882439913,0.0,0.3624655086962852
1.0,1.0,1.0,1.0,2.6343201567658396,0.3623640195809433,0.3612463126864189,Feynman81,T,0.3612463126864189,0.0,0.3623640195809433
1.0,1.0,1.0,1.0,2.63437425940913,0.36235724722676993,0.3790663452026637,Feynman81,T,0.3790663452026637,0.0,0.36235724722676993
1.0,1.0,1.0,1.0,2.6352474907043644,0.3622479727749699,0.3815585838625083,Feynman81,T,0.3815585838625083,0.0,0.3622479727749699
1.0,1.0,1.0,1.0,2.635339204361083,0.3622364995324447,0.43203814242089883,Feynman81,T,0.43203814242089883,0.0,0.3622364995324447
1.0,1.0,1.0,1.0,2.6359425692688716,0.36216103664518556,0.3609338713199617,Feynman81,T,0.3609338713199617,0.0,0.36216103664518556
1.0,1.0,1.0,1.0,2.6371319506598234,0.36201236787740526,0.3821558724099363,Feynman81,T,0.3821558724099363,0.0,0.36201236787740526
1.0,1.0,1.0,1.0,2.6393585701218187,0.36173435856812103,0.4304481314640338,Feynman81,T,0.4304481314640338,0.0,0.36173435856812103
1.0,1.0,1.0,1.0,2.6398622177063213,0.3616715307009306,0.2904464589091951,Feynman81,T,0.2904464589091951,0.0,0.3616715307009306
1.0,1.0,1.0,1.0,2.64155493321591,0.36146052326544437,0.3808467109354377,Feynman81,T,0.3808467109354377,0.0,0.36146052326544437
1.0,1.0,1.0,1.0,2.6421265260496747,0.36138932339913993,0.40356603125507806,Feynman81,T,0.40356603125507806,0.0,0.36138932339913993
1.0,1.0,1.0,1.0,2.642728422310479,0.36131437755728074,0.27887317250283594,Feynman81,T,0.27887317250283594,0.0,0.36131437755728074
1.0,1.0,1.0,1.0,2.6450308879606417,0.3610279550635566,0.36712495270601825,Feynman81,T,0.36712495270601825,0.0,0.3610279550635566
1.0,1.0,1.0,1.0,2.6453483211283784,0.3609885007304697,0.41213361258304504,Feynman81,T,0.41213361258304504,0.0,0.3609885007304697
1.0,1.0,1.0,1.0,2.6465094406778413,0.3608442527464546,0.37698143647551574,Feynman81,T,0.37698143647551574,0.0,0.3608442527464546
1.0,1.0,1.0,1.0,2.6471865079124237,0.3607601899031441,0.29743582037241406,Feynman81,T,0.29743582037241406,0.0,0.3607601899031441
1.0,1.0,1.0,1.0,2.64876779428092,0.36056400624174006,0.3857012914242379,Feynman81,T,0.3857012914242379,0.0,0.36056400624174006
1.0,1.0,1.0,1.0,2.650467212936636,0.3603533918651067,0.4015560195213231,Feynman81,T,0.4015560195213231,0.0,0.3603533918651067
1.0,1.0,1.0,1.0,2.6547600294639673,0.359822407294443,0.3455975775222614,Feynman81,T,0.3455975775222614,0.0,0.359822407294443
1.0,1.0,1.0,1.0,2.6558865405029803,0.3596833133284618,0.25933900648580305,Feynman81,T,0.25933900648580305,0.0,0.3596833133284618
1.0,1.0,1.0,1.0,2.6567323877317763,0.3595789408698094,0.43767588925837514,Feynman81,T,0.43767588925837514,0.0,0.3595789408698094
1.0,1.0,1.0,1.0,2.6576881283532576,0.359461077355045,0.41528929050395275,Feynman81,T,0.41528929050395275,0.0,0.359461077355045
1.0,1.0,1.0,1.0,2.6585973758976755,0.35934901546612347,0.351443052389847,Feynman81,T,0.351443052389847,0.0,0.35934901546612347
1.0,1.0,1.0,1.0,2.6589527299547404,0.35930523721487184,0.39442472110679,Feynman81,T,0.39442472110679,0.0,0.35930523721487184
1.0,1.0,1.0,1.0,2.6603762684767576,0.35912996418101445,0.30321756890537976,Feynman81,T,0.30321756890537976,0.0,0.35912996418101445
1.0,1.0,1.0,1.0,2.661556905510111,0.3589847214063189,0.33583696033765276,Feynman81,T,0.33583696033765276,0.0,0.3589847214063189
1.0,1.0,1.0,1.0,2.6636132281713047,0.35873201717765957,0.42248097060032175,Feynman81,T,0.42248097060032175,0.0,0.35873201717765957
1.0,1.0,1.0,1.0,2.6654441935214925,0.35850729139299864,0.3393676509912803,Feynman81,T,0.3393676509912803,0.0,0.35850729139299864
1.0,1.0,1.0,1.0,2.665662916465682,0.35848046402851436,0.3811540419572983,Feynman81,T,0.3811540419572983,0.0,0.35848046402851436
1.0,1.0,1.0,1.0,2.6701221497372467,0.35793434839676064,0.3207479049935417,Feynman81,T,0.3207479049935417,0.0,0.35793434839676064
1.0,1.0,1.0,1.0,2.671663450940613,0.3577459546728959,0.3400009654518364,Feynman81,T,0.3400009654518364,0.0,0.3577459546728959
1.0,1.0,1.0,1.0,2.673161051328694,0.3575630827588307,0.3201267608202493,Feynman81,T,0.3201267608202493,0.0,0.3575630827588307
1.0,1.0,1.0,1.0,2.6748915761197787,0.3573519893846738,0.4064035313331407,Feynman81,T,0.4064035313331407,0.0,0.3573519893846738
1.0,1.0,1.0,1.0,2.677469518281484,0.35703796458303466,0.3246894023492207,Feynman81,T,0.3246894023492207,0.0,0.35703796458303466
1.0,1.0,1.0,1.0,2.678519995946725,0.3569101538184676,0.3792235946231684,Feynman81,T,0.3792235946231684,0.0,0.3569101538184676
1.0,1.0,1.0,1.0,2.678598211373784,0.3569006408865594,0.31038909065666015,Feynman81,T,0.31038909065666015,0.0,0.3569006408865594
1.0,1.0,1.0,1.0,2.6788793033073444,0.3568664571244495,0.28930737969973047,Feynman81,T,0.28930737969973047,0.0,0.3568664571244495
1.0,1.0,1.0,1.0,2.6797632140174916,0.356759004710404,0.34194444301375404,Feynman81,T,0.34194444301375404,0.0,0.356759004710404
1.0,1.0,1.0,1.0,2.6823333615847074,0.35644691410200174,0.40850305247032614,Feynman81,T,0.40850305247032614,0.0,0.35644691410200174
1.0,1.0,1.0,1.0,2.6841260529400595,0.3562295361051316,0.4029064841052468,Feynman81,T,0.4029064841052468,0.0,0.3562295361051316
1.0,1.0,1.0,1.0,2.688295723547802,0.35572490338577967,0.40290786116072913,Feynman81,T,0.40290786116072913,0.0,0.35572490338577967
1.0,1.0,1.0,1.0,2.6885494556738716,0.35569423939120415,0.38505974865218534,Feynman81,T,0.38505974865218534,0.0,0.35569423939120415
1.0,1.0,1.0,1.0,2.6916678373167255,0.3553177869833868,0.3654122803054482,Feynman81,T,0.3654122803054482,0.0,0.3553177869833868
1.0,1.0,1.0,1.0,2.6921537106881748,0.35525920029470465,0.3309378407129179,Feynman81,T,0.3309378407129179,0.0,0.35525920029470465
1.0,1.0,1.0,1.0,2.693014917447379,0.3551554009381397,0.34854766993069525,Feynman81,T,0.34854766993069525,0.0,0.3551554009381397
1.0,1.0,1.0,1.0,2.6947249708443537,0.35494946270972155,0.384859914184964,Feynman81,T,0.384859914184964,0.0,0.35494946270972155
1.0,1.0,1.0,1.0,2.6959143729359405,0.35480635921807313,0.3973345226310711,Feynman81,T,0.3973345226310711,0.0,0.35480635921807313
1.0,1.0,1.0,1.0,2.698938070134651,0.35444305486366656,0.4349844463294016,Feynman81,T,0.4349844463294016,0.0,0.35444305486366656
1.0,1.0,1.0,1.0,2.7021772354056597,0.354054645213932,0.3763983953084721,Feynman81,T,0.3763983953084721,0.0,0.354054645213932
1.0,1.0,1.0,1.0,2.7035831518728526,0.35388631289238726,0.32522019810154973,Feynman81,T,0.32522019810154973,0.0,0.35388631289238726
1.0,1.0,1.0,1.0,2.707720434607291,0.35339183189308215,0.3930388466359161,Feynman81,T,0.3930388466359161,0.0,0.35339183189308215
1.0,1.0,1.0,1.0,2.7113152457806446,0.3529632516920283,0.3826741254551942,Feynman81,T,0.3826741254551942,0.0,0.3529632516920283
1.0,1.0,1.0,1.0,2.712538914287392,0.3528175890312949,0.31613727366470634,Feynman81,T,0.31613727366470634,0.0,0.3528175890312949
1.0,1.0,1.0,1.0,2.7135981234345796,0.35269159551149454,0.31149814203904136,Feynman81,T,0.31149814203904136,0.0,0.35269159551149454
1.0,1.0,1.0,1.0,2.714074953664517,0.3526349042178516,0.31536323490133733,Feynman81,T,0.31536323490133733,0.0,0.3526349042178516
1.0,1.0,1.0,1.0,2.722958998536864,0.3515818236346264,0.3057560613010281,Feynman81,T,0.3057560613010281,0.0,0.3515818236346264
1.0,1.0,1.0,1.0,2.7252629255510903,0.3513097013400606,0.3148922937051094,Feynman81,T,0.3148922937051094,0.0,0.3513097013400606
1.0,1.0,1.0,1.0,2.725681640431966,0.35126028896192846,0.25579809097022843,Feynman81,T,0.25579809097022843,0.0,0.35126028896192846
1.0,1.0,1.0,1.0,2.7270336652393303,0.3511008273047731,0.32953641607726053,Feynman81,T,0.32953641607726053,0.0,0.3511008273047731
1.0,1.0,1.0,1.0,2.7286231433473263,0.35091353581705115,0.352766893795257,Feynman81,T,0.352766893795257,0.0,0.35091353581705115
1.0,1.0,1.0,1.0,2.7312428364106336,0.3506052665719402,0.3571782174900332,Feynman81,T,0.3571782174900332,0.0,0.3506052665719402
1.0,1.0,1.0,1.0,2.7313470856655258,0.3505930098288898,0.3857119407177952,Feynman81,T,0.3857119407177952,0.0,0.3505930098288898
1.0,1.0,1.0,1.0,2.738545140271596,0.34974869151060967,0.34459461413899245,Feynman81,T,0.34459461413899245,0.0,0.34974869151060967
1.0,1.0,1.0,1.0,2.7389074808426943,0.3497062919666249,0.355728818799593,Feynman81,T,0.355728818799593,0.0,0.3497062919666249
1.0,1.0,1.0,1.0,2.741729118709902,0.34937645050724075,0.31584979201092644,Feynman81,T,0.31584979201092644,0.0,0.34937645050724075
1.0,1.0,1.0,1.0,2.7419626531078043,0.3493491775396233,0.348916512530481,Feynman81,T,0.348916512530481,0.0,0.3493491775396233
1.0,1.0,1.0,1.0,2.7430853000295334,0.34921812745167125,0.3284128245958057,Feynman81,T,0.3284128245958057,0.0,0.34921812745167125
1.0,1.0,1.0,1.0,2.7501771662766497,0.34839243058597985,0.3157704224956031,Feynman81,T,0.3157704224956031,0.0,0.34839243058597985
1.0,1.0,1.0,1.0,2.7529447626803054,0.3480712107854149,0.3628221218972088,Feynman81,T,0.3628221218972088,0.0,0.3480712107854149
1.0,1.0,1.0,1.0,2.7561672704626345,0.34769790211225743,0.278569620169042,Feynman81,T,0.278569620169042,0.0,0.34769790211225743
1.0,1.0,1.0,1.0,2.756661107037162,0.3476407614271391,0.3414745997371445,Feynman81,T,0.3414745997371445,0.0,0.3476407614271391
1.0,1.0,1.0,1.0,2.759374697725936,0.34732709713277266,0.36003695570181077,Feynman81,T,0.36003695570181077,0.0,0.34732709713277266
1.0,1.0,1.0,1.0,2.7601514603824695,0.3472374102858684,0.3711993383952899,Feynman81,T,0.3711993383952899,0.0,0.3472374102858684
1.0,1.0,1.0,1.0,2.760686565297119,0.34717565147804264,0.3460017658156302,Feynman81,T,0.3460017658156302,0.0,0.34717565147804264
1.0,1.0,1.0,1.0,2.761469072315337,0.34708537658140487,0.3614169771825892,Feynman81,T,0.3614169771825892,0.0,0.34708537658140487
1.0,1.0,1.0,1.0,2.762199061860607,0.34700120074791685,0.40386462544745905,Feynman81,T,0.40386462544745905,0.0,0.34700120074791685
1.0,1.0,1.0,1.0,2.7622484219507184,0.3469955103900929,0.3348246768741975,Feynman81,T,0.3348246768741975,0.0,0.3469955103900929
1.0,1.0,1.0,1.0,2.763189018914405,0.3468871099291924,0.34272532257952254,Feynman81,T,0.34272532257952254,0.0,0.3468871099291924
1.0,1.0,1.0,1.0,2.7667017183225266,0.346482853717721,0.3103988096479313,Feynman81,T,0.3103988096479313,0.0,0.346482853717721
1.0,1.0,1.0,1.0,2.767459659828495,0.34639574437036447,0.35004183457584964,Feynman81,T,0.35004183457584964,0.0,0.34639574437036447
1.0,1.0,1.0,1.0,2.7677649278027716,0.34636067206281923,0.36185164246740564,Feynman81,T,0.36185164246740564,0.0,0.34636067206281923
1.0,1.0,1.0,1.0,2.770733825061619,0.3460199274726367,0.2829645290278791,Feynman81,T,0.2829645290278791,0.0,0.3460199274726367
1.0,1.0,1.0,1.0,2.771489162876073,0.3459333382140628,0.34345590296343187,Feynman81,T,0.34345590296343187,0.0,0.3459333382140628
1.0,1.0,1.0,1.0,2.775514694277429,0.34547256135891413,0.3918577482041221,Feynman81,T,0.3918577482041221,0.0,0.34547256135891413
1.0,1.0,1.0,1.0,2.775702607187107,0.3454510807535947,0.25506068531008974,Feynman81,T,0.25506068531008974,0.0,0.3454510807535947
1.0,1.0,1.0,1.0,2.77576797392891,0.345443609180682,0.3774972121157502,Feynman81,T,0.3774972121157502,0.0,0.345443609180682
1.0,1.0,1.0,1.0,2.7767155206400105,0.345335336948722,0.37703258776097026,Feynman81,T,0.37703258776097026,0.0,0.345335336948722
1.0,1.0,1.0,1.0,2.7774186914757775,0.34525503035024196,0.3082971248597839,Feynman81,T,0.3082971248597839,0.0,0.34525503035024196
1.0,1.0,1.0,1.0,2.7786713081027634,0.34511206171534764,0.29526769664774555,Feynman81,T,0.29526769664774555,0.0,0.34511206171534764
1.0,1.0,1.0,1.0,2.780412278474927,0.34491354173057936,0.34278182997651496,Feynman81,T,0.34278182997651496,0.0,0.34491354173057936
1.0,1.0,1.0,1.0,2.7840836715750163,0.3444956118593359,0.29748705732453085,Feynman81,T,0.29748705732453085,0.0,0.3444956118593359
1.0,1.0,1.0,1.0,2.7841294967824326,0.34449040148889254,0.4433848143889418,Feynman81,T,0.4433848143889418,0.0,0.34449040148889254
1.0,1.0,1.0,1.0,2.7856514090431816,0.3443174439364063,0.32540630163292833,Feynman81,T,0.32540630163292833,0.0,0.3443174439364063
1.0,1.0,1.0,1.0,2.7888124674357715,0.34395873456062953,0.2730369243442224,Feynman81,T,0.2730369243442224,0.0,0.34395873456062953
1.0,1.0,1.0,1.0,2.7889013652847585,0.34394865694973836,0.3002086162902087,Feynman81,T,0.3002086162902087,0.0,0.34394865694973836
1.0,1.0,1.0,1.0,2.7896621858224457,0.3438624320754422,0.4151019041741597,Feynman81,T,0.4151019041741597,0.0,0.3438624320754422
1.0,1.0,1.0,1.0,2.791720518712178,0.3436293648326535,0.3502620716644342,Feynman81,T,0.3502620716644342,0.0,0.3436293648326535
1.0,1.0,1.0,1.0,2.796896936914844,0.34304456334637007,0.3879386259625131,Feynman81,T,0.3879386259625131,0.0,0.34304456334637007
1.0,1.0,1.0,1.0,2.799584148634166,0.3427417260608382,0.3744647688378723,Feynman81,T,0.3744647688378723,0.0,0.3427417260608382
1.0,1.0,1.0,1.0,2.803649584889299,0.34228453733705494,0.27268261848794556,Feynman81,T,0.27268261848794556,0.0,0.34228453733705494
1.0,1.0,1.0,1.0,2.8041457986346106,0.3422288140805741,0.3171169554226113,Feynman81,T,0.3171169554226113,0.0,0.3422288140805741
1.0,1.0,1.0,1.0,2.8063911230815286,0.3419768874281619,0.3794419315426145,Feynman81,T,0.3794419315426145,0.0,0.3419768874281619
1.0,1.0,1.0,1.0,2.811697070686191,0.3413829615763805,0.28900593994218093,Feynman81,T,0.28900593994218093,0.0,0.3413829615763805
1.0,1.0,1.0,1.0,2.8139803226387925,0.3411279894092159,0.2530168849262965,Feynman81,T,0.2530168849262965,0.0,0.3411279894092159
1.0,1.0,1.0,1.0,2.8167271523590975,0.34082173065370325,0.21678229157809448,Feynman81,T,0.21678229157809448,0.0,0.34082173065370325
1.0,1.0,1.0,1.0,2.8170835139577686,0.3407820364617735,0.40018750753369425,Feynman81,T,0.40018750753369425,0.0,0.3407820364617735
1.0,1.0,1.0,1.0,2.8219014837905183,0.3402462405733046,0.30532229464168736,Feynman81,T,0.30532229464168736,0.0,0.3402462405733046
1.0,1.0,1.0,1.0,2.8220484585333945,0.34022992112049855,0.35128348895016825,Feynman81,T,0.35128348895016825,0.0,0.34022992112049855
1.0,1.0,1.0,1.0,2.8228613886237106,0.3401396838019685,0.43098239571776387,Feynman81,T,0.43098239571776387,0.0,0.3401396838019685
1.0,1.0,1.0,1.0,2.8232285256021754,0.3400989456404539,0.42645843620377166,Feynman81,T,0.42645843620377166,0.0,0.3400989456404539
1.0,1.0,1.0,1.0,2.823995302609468,0.3400138927710143,0.42793887763542876,Feynman81,T,0.42793887763542876,0.0,0.3400138927710143
1.0,1.0,1.0,1.0,2.8259572713532624,0.33979645103141387,0.3715473006208871,Feynman81,T,0.3715473006208871,0.0,0.33979645103141387
1.0,1.0,1.0,1.0,2.8291554927899627,0.33944256631044273,0.31187570016535837,Feynman81,T,0.31187570016535837,0.0,0.33944256631044273
1.0,1.0,1.0,1.0,2.8297038251442723,0.33938196376719537,0.23906376635386345,Feynman81,T,0.23906376635386345,0.0,0.33938196376719537
1.0,1.0,1.0,1.0,2.830528809342425,0.3392908241664338,0.3919031816691813,Feynman81,T,0.3919031816691813,0.0,0.3392908241664338
1.0,1.0,1.0,1.0,2.833223068528587,0.3389935030557781,0.3849045852143209,Feynman81,T,0.3849045852143209,0.0,0.3389935030557781
1.0,1.0,1.0,1.0,2.8348122619205145,0.33881836319411046,0.328507219406836,Feynman81,T,0.328507219406836,0.0,0.33881836319411046
1.0,1.0,1.0,1.0,2.8349469274025623,0.338803530092769,0.3048503912053471,Feynman81,T,0.3048503912053471,0.0,0.338803530092769
1.0,1.0,1.0,1.0,2.8364553227625438,0.3386374684692881,0.3244530925516819,Feynman81,T,0.3244530925516819,0.0,0.3386374684692881
1.0,1.0,1.0,1.0,2.8366104336585933,0.3386204008847651,0.38948878560995787,Feynman81,T,0.38948878560995787,0.0,0.3386204008847651
1.0,1.0,1.0,1.0,2.838507320617324,0.3384118103443997,0.3326770161559981,Feynman81,T,0.3326770161559981,0.0,0.3384118103443997
1.0,1.0,1.0,1.0,2.843811714930837,0.3378298157207413,0.29130870896425554,Feynman81,T,0.29130870896425554,0.0,0.3378298157207413
1.0,1.0,1.0,1.0,2.844018262232219,0.3378071921816345,0.34920902337519005,Feynman81,T,0.34920902337519005,0.0,0.3378071921816345
1.0,1.0,1.0,1.0,2.8445524147633376,0.33774869881190306,0.2642854802198883,Feynman81,T,0.2642854802198883,0.0,0.33774869881190306
1.0,1.0,1.0,1.0,2.8458859261311638,0.33760275462190237,0.31599453127273713,Feynman81,T,0.31599453127273713,0.0,0.33760275462190237
1.0,1.0,1.0,1.0,2.8461974362274387,0.33756867922471534,0.4055799794182514,Feynman81,T,0.4055799794182514,0.0,0.33756867922471534
1.0,1.0,1.0,1.0,2.846977157963926,0.3374834160124501,0.37446289966806684,Feynman81,T,0.37446289966806684,0.0,0.3374834160124501
1.0,1.0,1.0,1.0,2.8480169867752054,0.3373697739145259,0.2686026798232961,Feynman81,T,0.2686026798232961,0.0,0.3373697739145259
1.0,1.0,1.0,1.0,2.850515651982288,0.33709699556700873,0.3013028246596927,Feynman81,T,0.3013028246596927,0.0,0.33709699556700873
1.0,1.0,1.0,1.0,2.851670112043723,0.33697110595674634,0.2542971022286268,Feynman81,T,0.2542971022286268,0.0,0.33697110595674634
1.0,1.0,1.0,1.0,2.8606968676947053,0.3359898623834044,0.3169641689303051,Feynman81,T,0.3169641689303051,0.0,0.3359898623834044
1.0,1.0,1.0,1.0,2.860985781662337,0.33595854654654306,0.3444001202989084,Feynman81,T,0.3444001202989084,0.0,0.33595854654654306
1.0,1.0,1.0,1.0,2.8678292245959565,0.3352184038624205,0.3486167883682192,Feynman81,T,0.3486167883682192,0.0,0.3352184038624205
1.0,1.0,1.0,1.0,2.871451088158338,0.33482794733962207,0.28174814543886806,Feynman81,T,0.28174814543886806,0.0,0.33482794733962207
1.0,1.0,1.0,1.0,2.871638114021216,0.33480780856144743,0.3618202642774365,Feynman81,T,0.3618202642774365,0.0,0.33480780856144743
1.0,1.0,1.0,1.0,2.872514383949549,0.33471348345304114,0.30782414447843587,Feynman81,T,0.30782414447843587,0.0,0.33471348345304114
1.0,1.0,1.0,1.0,2.8725238267464297,0.33471246727049353,0.3346810378946955,Feynman81,T,0.3346810378946955,0.0,0.33471246727049353
1.0,1.0,1.0,1.0,2.87648223205471,0.33428700442714837,0.28985025800602743,Feynman81,T,0.28985025800602743,0.0,0.33428700442714837
1.0,1.0,1.0,1.0,2.876577478970529,0.3342767797144836,0.31685188812027093,Feynman81,T,0.31685188812027093,0.0,0.3342767797144836
1.0,1.0,1.0,1.0,2.8768964347090296,0.33424254431935335,0.37028191273302535,Feynman81,T,0.37028191273302535,0.0,0.33424254431935335
1.0,1.0,1.0,1.0,2.877699038881169,0.3341564257694951,0.27560449819708016,Feynman81,T,0.27560449819708016,0.0,0.3341564257694951
1.0,1.0,1.0,1.0,2.882230307752937,0.33367102105237434,0.40304008978207084,Feynman81,T,0.40304008978207084,0.0,0.33367102105237434
1.0,1.0,1.0,1.0,2.885654104046859,0.33330514666014366,0.3079076459426467,Feynman81,T,0.3079076459426467,0.0,0.33330514666014366
1.0,1.0,1.0,1.0,2.885948683836055,0.33327370309013327,0.2963033923874782,Feynman81,T,0.2963033923874782,0.0,0.33327370309013327
1.0,1.0,1.0,1.0,2.886370571929315,0.33322868046594256,0.29026367186329866,Feynman81,T,0.29026367186329866,0.0,0.33322868046594256
1.0,1.0,1.0,1.0,2.8910313839347523,0.3327320663676037,0.3262090488333257,Feynman81,T,0.3262090488333257,0.0,0.3327320663676037
1.0,1.0,1.0,1.0,2.893019241029377,0.33252068900649406,0.3694141893476723,Feynman81,T,0.3694141893476723,0.0,0.33252068900649406
1.0,1.0,1.0,1.0,2.893643474631982,0.3324543646052851,0.2614829246960851,Feynman81,T,0.2614829246960851,0.0,0.3324543646052851
1.0,1.0,1.0,1.0,2.89473723114999,0.33233821475830294,0.39615494296636045,Feynman81,T,0.39615494296636045,0.0,0.33233821475830294
1.0,1.0,1.0,1.0,2.895488112720141,0.33225852097490305,0.318928432008383,Feynman81,T,0.318928432008383,0.0,0.33225852097490305
1.0,1.0,1.0,1.0,2.895991395531271,0.3322051262238323,0.30465959086028715,Feynman81,T,0.30465959086028715,0.0,0.3322051262238323
1.0,1.0,1.0,1.0,2.8964332460593516,0.3321582625460457,0.2680425870669937,Feynman81,T,0.2680425870669937,0.0,0.3321582625460457
1.0,1.0,1.0,1.0,2.899277398656115,0.33185690794721695,0.2714280953168901,Feynman81,T,0.2714280953168901,0.0,0.33185690794721695
1.0,1.0,1.0,1.0,2.902663897267164,0.33149877076909817,0.35413746021127246,Feynman81,T,0.35413746021127246,0.0,0.33149877076909817
1.0,1.0,1.0,1.0,2.9060252320188247,0.33114402602975007,0.237117944046064,Feynman81,T,0.237117944046064,0.0,0.33114402602975007
1.0,1.0,1.0,1.0,2.907972087180938,0.33093889336962623,0.37618548195750734,Feynman81,T,0.37618548195750734,0.0,0.33093889336962623
1.0,1.0,1.0,1.0,2.908720100358529,0.3308601428019122,0.27318215292786235,Feynman81,T,0.27318215292786235,0.0,0.3308601428019122
1.0,1.0,1.0,1.0,2.911021168719096,0.3306181120312961,0.36285174048251045,Feynman81,T,0.36285174048251045,0.0,0.3306181120312961
1.0,1.0,1.0,1.0,2.9150961914214197,0.3301903245314599,0.32180485138786014,Feynman81,T,0.32180485138786014,0.0,0.3301903245314599
1.0,1.0,1.0,1.0,2.9155905576853773,0.3301384990980038,0.3518915906212594,Feynman81,T,0.3518915906212594,0.0,0.3301384990980038
1.0,1.0,1.0,1.0,2.9181903744402184,0.3298662112470746,0.35570731531017175,Feynman81,T,0.35570731531017175,0.0,0.3298662112470746
1.0,1.0,1.0,1.0,2.9187842892511036,0.32980406885144775,0.28414871407411463,Feynman81,T,0.28414871407411463,0.0,0.32980406885144775
1.0,1.0,1.0,1.0,2.9226564938497948,0.32939946225701505,0.4137428098283168,Feynman81,T,0.4137428098283168,0.0,0.32939946225701505
1.0,1.0,1.0,1.0,2.9246135005754694,0.32919533631315223,0.2733844089532853,Feynman81,T,0.2733844089532853,0.0,0.32919533631315223
1.0,1.0,1.0,1.0,2.9251812224847864,0.3291361653325732,0.31389074471324996,Feynman81,T,0.31389074471324996,0.0,0.3291361653325732
1.0,1.0,1.0,1.0,2.9264888552119777,0.32899995444674945,0.29215563291557717,Feynman81,T,0.29215563291557717,0.0,0.32899995444674945
1.0,1.0,1.0,1.0,2.9276991931015113,0.32887397462223567,0.3525975226688419,Feynman81,T,0.3525975226688419,0.0,0.32887397462223567
1.0,1.0,1.0,1.0,2.9308514683167313,0.3285462989524721,0.25985659278487605,Feynman81,T,0.25985659278487605,0.0,0.3285462989524721
1.0,1.0,1.0,1.0,2.9313643161093843,0.3284930481487432,0.3238538443075297,Feynman81,T,0.3238538443075297,0.0,0.3284930481487432
1.0,1.0,1.0,1.0,2.93227177080982,0.3283988644379429,0.3313341789422817,Feynman81,T,0.3313341789422817,0.0,0.3283988644379429
1.0,1.0,1.0,1.0,2.934641809781571,0.32815312471937474,0.35518905289867425,Feynman81,T,0.35518905289867425,0.0,0.32815312471937474
1.0,1.0,1.0,1.0,2.936683174768565,0.32794174629002765,0.3895082685167949,Feynman81,T,0.3895082685167949,0.0,0.32794174629002765
1.0,1.0,1.0,1.0,2.940583505233286,0.32753860151218867,0.3503643329494069,Feynman81,T,0.3503643329494069,0.0,0.32753860151218867
1.0,1.0,1.0,1.0,2.943987492063059,0.32718753546835133,0.35125857623084894,Feynman81,T,0.35125857623084894,0.0,0.32718753546835133
1.0,1.0,1.0,1.0,2.9448227317696856,0.32710150425930457,0.30557904174167644,Feynman81,T,0.30557904174167644,0.0,0.32710150425930457
1.0,1.0,1.0,1.0,2.9453295121807774,0.3270493260978433,0.3509148794882444,Feynman81,T,0.3509148794882444,0.0,0.3270493260978433
1.0,1.0,1.0,1.0,2.946704855974877,0.3269078009727309,0.3659742513976302,Feynman81,T,0.3659742513976302,0.0,0.3269078009727309
1.0,1.0,1.0,1.0,2.9474722419158272,0.32682888674270316,0.36582324519782305,Feynman81,T,0.36582324519782305,0.0,0.32682888674270316
1.0,1.0,1.0,1.0,2.9509579583224945,0.3264708920750739,0.2822770135298142,Feynman81,T,0.2822770135298142,0.0,0.3264708920750739
1.0,1.0,1.0,1.0,2.953789282868544,0.32618065876350993,0.3141422256135058,Feynman81,T,0.3141422256135058,0.0,0.32618065876350993
1.0,1.0,1.0,1.0,2.9576081621066237,0.3257899763680862,0.30569297095162024,Feynman81,T,0.30569297095162024,0.0,0.3257899763680862
1.0,1.0,1.0,1.0,2.9584977950609876,0.3256990932337789,0.3398311413483434,Feynman81,T,0.3398311413483434,0.0,0.3256990932337789
1.0,1.0,1.0,1.0,2.95874364060112,0.3256739867194036,0.2829270250735559,Feynman81,T,0.2829270250735559,0.0,0.3256739867194036
1.0,1.0,1.0,1.0,2.958979818618321,0.3256498709792845,0.31470926802961063,Feynman81,T,0.31470926802961063,0.0,0.3256498709792845
1.0,1.0,1.0,1.0,2.9603515067984483,0.32550987791040514,0.3608887522666304,Feynman81,T,0.3608887522666304,0.0,0.32550987791040514
1.0,1.0,1.0,1.0,2.961730915455788,0.3253692132936053,0.37532525368900604,Feynman81,T,0.37532525368900604,0.0,0.3253692132936053
1.0,1.0,1.0,1.0,2.962484730309227,0.32529239261393167,0.3625445655983583,Feynman81,T,0.3625445655983583,0.0,0.32529239261393167
1.0,1.0,1.0,1.0,2.962603526741805,0.325280289337088,0.2754402720102077,Feynman81,T,0.2754402720102077,0.0,0.325280289337088
1.0,1.0,1.0,1.0,2.9626551862797412,0.32527502640408784,0.360344674852603,Feynman81,T,0.360344674852603,0.0,0.32527502640408784
1.0,1.0,1.0,1.0,2.9647488617490603,0.3250618658649228,0.26915547792353367,Feynman81,T,0.26915547792353367,0.0,0.3250618658649228
1.0,1.0,1.0,1.0,2.96825657492792,0.3247053399535092,0.27988476941149104,Feynman81,T,0.27988476941149104,0.0,0.3247053399535092
1.0,1.0,1.0,1.0,2.9718641071260348,0.3243394503383743,0.3170574795716913,Feynman81,T,0.3170574795716913,0.0,0.3243394503383743
1.0,1.0,1.0,1.0,2.972027989648675,0.32432284754012825,0.3210067412111394,Feynman81,T,0.3210067412111394,0.0,0.32432284754012825
1.0,1.0,1.0,1.0,2.9723296354467736,0.32429229232623813,0.36122244545886906,Feynman81,T,0.36122244545886906,0.0,0.32429229232623813
1.0,1.0,1.0,1.0,2.97308091584329,0.32421621538328554,0.3628122899344092,Feynman81,T,0.3628122899344092,0.0,0.32421621538328554
1.0,1.0,1.0,1.0,2.984822244807709,0.3230316888092463,0.277538345255573,Feynman81,T,0.277538345255573,0.0,0.3230316888092463
1.0,1.0,1.0,1.0,2.986415178079062,0.32287162520970997,0.30013636540304495,Feynman81,T,0.30013636540304495,0.0,0.32287162520970997
1.0,1.0,1.0,1.0,2.9867447883311544,0.32283852381381706,0.4827678174435572,Feynman81,T,0.4827678174435572,0.0,0.32283852381381706
1.0,1.0,1.0,1.0,2.987501365796567,0.32276256850408197,0.33723927402889003,Feynman81,T,0.33723927402889003,0.0,0.32276256850408197
1.0,1.0,1.0,1.0,2.989407729194752,0.32257133446766906,0.3405982857269815,Feynman81,T,0.3405982857269815,0.0,0.32257133446766906
1.0,1.0,1.0,1.0,2.9929546195106527,0.3222161118047877,0.2838851345627543,Feynman81,T,0.2838851345627543,0.0,0.3222161118047877
1.0,1.0,1.0,1.0,2.993453507207041,0.3221662082340264,0.36969203371434656,Feynman81,T,0.36969203371434656,0.0,0.3221662082340264
1.0,1.0,1.0,1.0,2.996500071875503,0.32186178319690845,0.38069534514632514,Feynman81,T,0.38069534514632514,0.0,0.32186178319690845
1.0,1.0,1.0,1.0,2.9996117245122424,0.32155142414420146,0.38142911688813236,Feynman81,T,0.38142911688813236,0.0,0.32155142414420146
1.0,1.0,1.0,1.0,3.0009621296762505,0.32141691231407454,0.33627271891535654,Feynman81,T,0.33627271891535654,0.0,0.32141691231407454
1.0,1.0,1.0,1.0,3.0039719123505897,0.32111750097814884,0.23472829714440868,Feynman81,T,0.23472829714440868,0.0,0.32111750097814884
1.0,1.0,1.0,1.0,3.005182062579575,0.3209972669539145,0.2831358926902762,Feynman81,T,0.2831358926902762,0.0,0.3209972669539145
1.0,1.0,1.0,1.0,3.008177179968661,0.3207000597966,0.16401725378535495,Feynman81,T,0.16401725378535495,0.0,0.3207000597966
1.0,1.0,1.0,1.0,3.0086272807241006,0.3206554417409835,0.28982495448426365,Feynman81,T,0.28982495448426365,0.0,0.3206554417409835
1.0,1.0,1.0,1.0,3.0096743989108505,0.3205516880566022,0.31383977239955546,Feynman81,T,0.31383977239955546,0.0,0.3205516880566022
1.0,1.0,1.0,1.0,3.010675074862796,0.3204525963602253,0.3230770375081731,Feynman81,T,0.3230770375081731,0.0,0.3204525963602253
1.0,1.0,1.0,1.0,3.012102712424045,0.3203113267391438,0.3452383844532677,Feynman81,T,0.3452383844532677,0.0,0.3203113267391438
1.0,1.0,1.0,1.0,3.012155753816441,0.32030608041754555,0.40766147323111784,Feynman81,T,0.40766147323111784,0.0,0.32030608041754555
1.0,1.0,1.0,1.0,3.015803075041214,0.31994571969384783,0.3900587042467144,Feynman81,T,0.3900587042467144,0.0,0.31994571969384783
1.0,1.0,1.0,1.0,3.022476997813929,0.31928833965331826,0.3194062578492008,Feynman81,T,0.3194062578492008,0.0,0.31928833965331826
1.0,1.0,1.0,1.0,3.0251773221926728,0.3190230954194775,0.34583390397460984,Feynman81,T,0.34583390397460984,0.0,0.3190230954194775
1.0,1.0,1.0,1.0,3.025586359721909,0.31898295390617043,0.29858096923978455,Feynman81,T,0.29858096923978455,0.0,0.31898295390617043
1.0,1.0,1.0,1.0,3.0280347721622376,0.31874287812806806,0.32737014068335357,Feynman81,T,0.32737014068335357,0.0,0.31874287812806806
1.0,1.0,1.0,1.0,3.028429338585837,0.3187042219457371,0.32181592311346696,Feynman81,T,0.32181592311346696,0.0,0.3187042219457371
1.0,1.0,1.0,1.0,3.028553567707547,0.31869205292365244,0.3639596928661271,Feynman81,T,0.3639596928661271,0.0,0.31869205292365244
1.0,1.0,1.0,1.0,3.032676968464262,0.3182886462398997,0.17168589408350546,Feynman81,T,0.17168589408350546,0.0,0.3182886462398997
1.0,1.0,1.0,1.0,3.0391743349636475,0.31765497496283235,0.301212737616271,Feynman81,T,0.301212737616271,0.0,0.31765497496283235
1.0,1.0,1.0,1.0,3.0394596438344617,0.31762720512927234,0.29410927929356223,Feynman81,T,0.29410927929356223,0.0,0.31762720512927234
1.0,1.0,1.0,1.0,3.043294683456744,0.3172543836769305,0.28647862885130226,Feynman81,T,0.28647862885130226,0.0,0.3172543836769305
1.0,1.0,1.0,1.0,3.044098990015165,0.31717630016002335,0.4271184210552428,Feynman81,T,0.4271184210552428,0.0,0.31717630016002335
1.0,1.0,1.0,1.0,3.0477860245708794,0.3168188288594906,0.39849714137253867,Feynman81,T,0.39849714137253867,0.0,0.3168188288594906
1.0,1.0,1.0,1.0,3.0507583834478553,0.31653121166475356,0.3118381165525284,Feynman81,T,0.3118381165525284,0.0,0.31653121166475356
1.0,1.0,1.0,1.0,3.0534749679690525,0.3162687831824344,0.26795742917079174,Feynman81,T,0.26795742917079174,0.0,0.3162687831824344
1.0,1.0,1.0,1.0,3.054204497742201,0.31619838016412083,0.3502571972612449,Feynman81,T,0.3502571972612449,0.0,0.31619838016412083
1.0,1.0,1.0,1.0,3.0549093915159284,0.3161303832694297,0.264624427514935,Feynman81,T,0.264624427514935,0.0,0.3161303832694297
1.0,1.0,1.0,1.0,3.055801408172711,0.31604437606218355,0.4195687724365106,Feynman81,T,0.4195687724365106,0.0,0.31604437606218355
1.0,1.0,1.0,1.0,3.05669504551769,0.3159582577203929,0.31715611165711577,Feynman81,T,0.31715611165711577,0.0,0.3159582577203929
1.0,1.0,1.0,1.0,3.057765671819288,0.3158551426769688,0.2566422248996339,Feynman81,T,0.2566422248996339,0.0,0.3158551426769688
1.0,1.0,1.0,1.0,3.060466402685642,0.3155953151154657,0.19818925664239687,Feynman81,T,0.19818925664239687,0.0,0.3155953151154657
1.0,1.0,1.0,1.0,3.0609044868154824,0.31555320738563875,0.19976638269603797,Feynman81,T,0.19976638269603797,0.0,0.31555320738563875
1.0,1.0,1.0,1.0,3.061316168627684,0.315513647243033,0.2872317235607397,Feynman81,T,0.2872317235607397,0.0,0.315513647243033
1.0,1.0,1.0,1.0,3.061593519638348,0.31548700086139014,0.2788363916356334,Feynman81,T,0.2788363916356334,0.0,0.31548700086139014
1.0,1.0,1.0,1.0,3.0624729229018044,0.31540254118829425,0.3510842038859884,Feynman81,T,0.3510842038859884,0.0,0.31540254118829425
1.0,1.0,1.0,1.0,3.0626858369263292,0.3153820990355046,0.31254491940110973,Feynman81,T,0.31254491940110973,0.0,0.3153820990355046
1.0,1.0,1.0,1.0,3.0629461141421985,0.3153571129441221,0.3264390339917176,Feynman81,T,0.3264390339917176,0.0,0.3153571129441221
1.0,1.0,1.0,1.0,3.065324816075903,0.31512893869142583,0.31508968272752463,Feynman81,T,0.31508968272752463,0.0,0.31512893869142583
1.0,1.0,1.0,1.0,3.0658657855987137,0.3150770911477419,0.2886352457100788,Feynman81,T,0.2886352457100788,0.0,0.3150770911477419
1.0,1.0,1.0,1.0,3.0676082686865156,0.3149101998138185,0.27722111156381685,Feynman81,T,0.27722111156381685,0.0,0.3149101998138185
1.0,1.0,1.0,1.0,3.0685856862048135,0.31481665929822744,0.3547443379305596,Feynman81,T,0.3547443379305596,0.0,0.31481665929822744
1.0,1.0,1.0,1.0,3.069130989146683,0.31476449611684754,0.33149001779602105,Feynman81,T,0.33149001779602105,0.0,0.31476449611684754
1.0,1.0,1.0,1.0,3.0766108497087203,0.3140506550245728,0.34226605502091995,Feynman81,T,0.34226605502091995,0.0,0.3140506550245728
1.0,1.0,1.0,1.0,3.0766295126998733,0.31404887781803215,0.3155269117372094,Feynman81,T,0.3155269117372094,0.0,0.31404887781803215
1.0,1.0,1.0,1.0,3.085341116312719,0.3132214131195626,0.33360119186132314,Feynman81,T,0.33360119186132314,0.0,0.3132214131195626
1.0,1.0,1.0,1.0,3.0861036553702714,0.3131491837220718,0.359343631597387,Feynman81,T,0.359343631597387,0.0,0.3131491837220718
1.0,1.0,1.0,1.0,3.0894248692087305,0.31283496465279453,0.2709589539865658,Feynman81,T,0.2709589539865658,0.0,0.31283496465279453
1.0,1.0,1.0,1.0,3.0894729517560213,0.3128304200356297,0.3757348968897753,Feynman81,T,0.3757348968897753,0.0,0.3128304200356297
1.0,1.0,1.0,1.0,3.099274688961593,0.31190663676931885,0.294441301862959,Feynman81,T,0.294441301862959,0.0,0.31190663676931885
1.0,1.0,1.0,1.0,3.1013587510032283,0.31171089737943203,0.322625315620817,Feynman81,T,0.322625315620817,0.0,0.31171089737943203
1.0,1.0,1.0,1.0,3.103178615639686,0.31154016538245927,0.2386522003832024,Feynman81,T,0.2386522003832024,0.0,0.31154016538245927
1.0,1.0,1.0,1.0,3.105092212697172,0.3113608340038461,0.3174875258558161,Feynman81,T,0.3174875258558161,0.0,0.3113608340038461
1.0,1.0,1.0,1.0,3.105851124252218,0.3112897682123948,0.4075305666366075,Feynman81,T,0.4075305666366075,0.0,0.3112897682123948
1.0,1.0,1.0,1.0,3.1066438269344867,0.3112155715205643,0.39897982200722903,Feynman81,T,0.39897982200722903,0.0,0.3112155715205643
1.0,1.0,1.0,1.0,3.108342126925559,0.31105672587522687,0.29439935832935643,Feynman81,T,0.29439935832935643,0.0,0.31105672587522687
1.0,1.0,1.0,1.0,3.1091730051468063,0.3109790689423951,0.314966888633129,Feynman81,T,0.314966888633129,0.0,0.3109790689423951
1.0,1.0,1.0,1.0,3.1109519171328652,0.31081293082617295,0.35132491324608667,Feynman81,T,0.35132491324608667,0.0,0.31081293082617295
1.0,1.0,1.0,1.0,3.112660744170215,0.3106534991272734,0.3416032519729752,Feynman81,T,0.3416032519729752,0.0,0.3106534991272734
1.0,1.0,1.0,1.0,3.1128924858322335,0.3106318900162347,0.27121664748482555,Feynman81,T,0.27121664748482555,0.0,0.3106318900162347
1.0,1.0,1.0,1.0,3.122952494960355,0.3096966129880071,0.22654784274745327,Feynman81,T,0.22654784274745327,0.0,0.3096966129880071
1.0,1.0,1.0,1.0,3.123749615777087,0.309622736837888,0.2912356778256021,Feynman81,T,0.2912356778256021,0.0,0.309622736837888
1.0,1.0,1.0,1.0,3.1253054646174707,0.30947864053891977,0.2521285789212949,Feynman81,T,0.2521285789212949,0.0,0.30947864053891977
1.0,1.0,1.0,1.0,3.128746134620883,0.30916043844219554,0.3413025669317334,Feynman81,T,0.3413025669317334,0.0,0.30916043844219554
1.0,1.0,1.0,1.0,3.1290348713140013,0.30913376400398046,0.3728551344198314,Feynman81,T,0.3728551344198314,0.0,0.30913376400398046
1.0,1.0,1.0,1.0,3.1301979113263116,0.30902636348295615,0.3036779438563707,Feynman81,T,0.3036779438563707,0.0,0.30902636348295615
1.0,1.0,1.0,1.0,3.130503669163651,0.308998140322699,0.3037382265289605,Feynman81,T,0.3037382265289605,0.0,0.308998140322699
1.0,1.0,1.0,1.0,3.1332712506207336,0.3087429029290485,0.29998541043841925,Feynman81,T,0.29998541043841925,0.0,0.3087429029290485
1.0,1.0,1.0,1.0,3.133482653617837,0.30872342321034113,0.28619185500252287,Feynman81,T,0.28619185500252287,0.0,0.30872342321034113
1.0,1.0,1.0,1.0,3.134977724253581,0.30858572760571495,0.31757319013689056,Feynman81,T,0.31757319013689056,0.0,0.30858572760571495
1.0,1.0,1.0,1.0,3.135666369618604,0.3085223433742993,0.3464000005885519,Feynman81,T,0.3464000005885519,0.0,0.3085223433742993
1.0,1.0,1.0,1.0,3.1388355034172517,0.30823097353433687,0.403429812206141,Feynman81,T,0.403429812206141,0.0,0.30823097353433687
1.0,1.0,1.0,1.0,3.13889614970558,0.3082254028944201,0.2882817635932891,Feynman81,T,0.2882817635932891,0.0,0.3082254028944201
1.0,1.0,1.0,1.0,3.1398760985590033,0.30813541699800157,0.33467088219583785,Feynman81,T,0.33467088219583785,0.0,0.30813541699800157
1.0,1.0,1.0,1.0,3.1413273829692776,0.30800224273249655,0.36626522911566245,Feynman81,T,0.36626522911566245,0.0,0.30800224273249655
1.0,1.0,1.0,1.0,3.1445081297810287,0.30771075558253974,0.36644941959487287,Feynman81,T,0.36644941959487287,0.0,0.30771075558253974
1.0,1.0,1.0,1.0,3.1448769708660502,0.30767698899499596,0.24899732300289862,Feynman81,T,0.24899732300289862,0.0,0.30767698899499596
1.0,1.0,1.0,1.0,3.1451202133836773,0.3076547245889409,0.33706293709451585,Feynman81,T,0.33706293709451585,0.0,0.3076547245889409
1.0,1.0,1.0,1.0,3.145221889356813,0.30764541893298625,0.29725136093471266,Feynman81,T,0.29725136093471266,0.0,0.30764541893298625
1.0,1.0,1.0,1.0,3.146295984371958,0.30754714803992234,0.24620278154594424,Feynman81,T,0.24620278154594424,0.0,0.30754714803992234
1.0,1.0,1.0,1.0,3.149549757271552,0.3072498236084389,0.321907860386043,Feynman81,T,0.321907860386043,0.0,0.3072498236084389
1.0,1.0,1.0,1.0,3.150580973273259,0.3071557084394306,0.3521542549658371,Feynman81,T,0.3521542549658371,0.0,0.3071557084394306
1.0,1.0,1.0,1.0,3.151122567455347,0.3071063014612804,0.3378289277201034,Feynman81,T,0.3378289277201034,0.0,0.3071063014612804
1.0,1.0,1.0,1.0,3.152556461986693,0.3069755682865373,0.31243430996642596,Feynman81,T,0.31243430996642596,0.0,0.3069755682865373
1.0,1.0,1.0,1.0,3.155149828671519,0.30673939442425935,0.24703727695698002,Feynman81,T,0.24703727695698002,0.0,0.30673939442425935
1.0,1.0,1.0,1.0,3.1633191441082538,0.30599771346631754,0.3620576041392638,Feynman81,T,0.3620576041392638,0.0,0.30599771346631754
1.0,1.0,1.0,1.0,3.164812190627914,0.3058625356204899,0.3069829950683724,Feynman81,T,0.3069829950683724,0.0,0.3058625356204899
1.0,1.0,1.0,1.0,3.167354911463846,0.30563258708745894,0.2958348175859742,Feynman81,T,0.2958348175859742,0.0,0.30563258708745894
1.0,1.0,1.0,1.0,3.1678740182960254,0.305585683151139,0.29489967624438185,Feynman81,T,0.29489967624438185,0.0,0.305585683151139
1.0,1.0,1.0,1.0,3.1680927366034326,0.305565925000785,0.3439496370227107,Feynman81,T,0.3439496370227107,0.0,0.305565925000785
1.0,1.0,1.0,1.0,3.1698045532608097,0.30541137132995194,0.27887882062445263,Feynman81,T,0.27887882062445263,0.0,0.30541137132995194
1.0,1.0,1.0,1.0,3.170534637161687,0.30534550059936233,0.3163890315942923,Feynman81,T,0.3163890315942923,0.0,0.30534550059936233
1.0,1.0,1.0,1.0,3.1721764326402333,0.30519747214904985,0.19771249134891353,Feynman81,T,0.19771249134891353,0.0,0.30519747214904985
1.0,1.0,1.0,1.0,3.1736017866571977,0.3050690708683751,0.24092426882104834,Feynman81,T,0.24092426882104834,0.0,0.3050690708683751
1.0,1.0,1.0,1.0,3.173868878305393,0.30504502183932825,0.25099061836219616,Feynman81,T,0.25099061836219616,0.0,0.30504502183932825
1.0,1.0,1.0,1.0,3.175184298526453,0.30492663428486116,0.2845050049351869,Feynman81,T,0.2845050049351869,0.0,0.30492663428486116
1.0,1.0,1.0,1.0,3.1768859163527066,0.30477362050362616,0.29584956626128917,Feynman81,T,0.29584956626128917,0.0,0.30477362050362616
1.0,1.0,1.0,1.0,3.1793200747682375,0.3045549922584332,0.2834734957314062,Feynman81,T,0.2834734957314062,0.0,0.3045549922584332
1.0,1.0,1.0,1.0,3.1838097358568342,0.3041525384645534,0.2934152565205463,Feynman81,T,0.2934152565205463,0.0,0.3041525384645534
1.0,1.0,1.0,1.0,3.188231134438001,0.30375720578777127,0.3080755185241426,Feynman81,T,0.3080755185241426,0.0,0.30375720578777127
1.0,1.0,1.0,1.0,3.1888357818211497,0.30370321924645777,0.3214716104510137,Feynman81,T,0.3214716104510137,0.0,0.30370321924645777
1.0,1.0,1.0,1.0,3.1893818216792633,0.30365448145086077,0.31365693693867774,Feynman81,T,0.31365693693867774,0.0,0.30365448145086077
1.0,1.0,1.0,1.0,3.198366713327076,0.30285468141578276,0.27570923706516404,Feynman81,T,0.27570923706516404,0.0,0.30285468141578276
1.0,1.0,1.0,1.0,3.201091408095257,0.30261294292136875,0.35595348433836776,Feynman81,T,0.35595348433836776,0.0,0.30261294292136875
1.0,1.0,1.0,1.0,3.203021885586247,0.30244189382962805,0.2924622901420846,Feynman81,T,0.2924622901420846,0.0,0.30244189382962805
1.0,1.0,1.0,1.0,3.2043010172443434,0.30232865975142204,0.3121719082792095,Feynman81,T,0.3121719082792095,0.0,0.30232865975142204
1.0,1.0,1.0,1.0,3.2048717438909717,0.30227816305514377,0.29916340981318645,Feynman81,T,0.29916340981318645,0.0,0.30227816305514377
1.0,1.0,1.0,1.0,3.205199136892273,0.30224920336054,0.32085768698233885,Feynman81,T,0.32085768698233885,0.0,0.30224920336054
1.0,1.0,1.0,1.0,3.2068242548481907,0.3021055320992579,0.27533057537058697,Feynman81,T,0.27533057537058697,0.0,0.3021055320992579
1.0,1.0,1.0,1.0,3.2075683341139114,0.30203979454294955,0.34222486340250696,Feynman81,T,0.34222486340250696,0.0,0.30203979454294955
1.0,1.0,1.0,1.0,3.20949339244946,0.30186984854743626,0.3163120813669993,Feynman81,T,0.3163120813669993,0.0,0.30186984854743626
1.0,1.0,1.0,1.0,3.211715558063393,0.30167390314317455,0.20248118927600645,Feynman81,T,0.20248118927600645,0.0,0.30167390314317455
1.0,1.0,1.0,1.0,3.2149018639730547,0.30139337039814196,0.3429196710586707,Feynman81,T,0.3429196710586707,0.0,0.30139337039814196
1.0,1.0,1.0,1.0,3.215632595478376,0.3013291054393059,0.28109647722280345,Feynman81,T,0.28109647722280345,0.0,0.3013291054393059
1.0,1.0,1.0,1.0,3.2199119974138033,0.30095327970432545,0.26796757799505055,Feynman81,T,0.26796757799505055,0.0,0.30095327970432545
1.0,1.0,1.0,1.0,3.2210525974302886,0.3008532627029282,0.38881255435719886,Feynman81,T,0.38881255435719886,0.0,0.3008532627029282
1.0,1.0,1.0,1.0,3.221917049227528,0.3007775033706199,0.2349319227021871,Feynman81,T,0.2349319227021871,0.0,0.3007775033706199
1.0,1.0,1.0,1.0,3.2227920967713817,0.3007008529711578,0.26941610263765703,Feynman81,T,0.26941610263765703,0.0,0.3007008529711578
1.0,1.0,1.0,1.0,3.223571765067325,0.30063258917039126,0.3581123531987298,Feynman81,T,0.3581123531987298,0.0,0.30063258917039126
1.0,1.0,1.0,1.0,3.2238337243653996,0.3006096600626695,0.3329816153183419,Feynman81,T,0.3329816153183419,0.0,0.3006096600626695
1.0,1.0,1.0,1.0,3.224078676477505,0.30058822263832785,0.30451624784093745,Feynman81,T,0.30451624784093745,0.0,0.30058822263832785
1.0,1.0,1.0,1.0,3.226519507884693,0.30037477014206837,0.28757664926855997,Feynman81,T,0.28757664926855997,0.0,0.30037477014206837
1.0,1.0,1.0,1.0,3.2271742580696814,0.3003175615687187,0.2477444815961246,Feynman81,T,0.2477444815961246,0.0,0.3003175615687187
1.0,1.0,1.0,1.0,3.2276940398002902,0.3002721608065791,0.23725594055832017,Feynman81,T,0.23725594055832017,0.0,0.3002721608065791
1.0,1.0,1.0,1.0,3.2317967437817345,0.2999142717066324,0.3370061361482286,Feynman81,T,0.3370061361482286,0.0,0.2999142717066324
1.0,1.0,1.0,1.0,3.2344298022290334,0.29968501741821324,0.28426802273120855,Feynman81,T,0.28426802273120855,0.0,0.29968501741821324
1.0,1.0,1.0,1.0,3.236755681228116,0.29948279006029244,0.2826118751219427,Feynman81,T,0.2826118751219427,0.0,0.29948279006029244
1.0,1.0,1.0,1.0,3.2373509057926246,0.29943107966235943,0.317902221231114,Feynman81,T,0.317902221231114,0.0,0.29943107966235943
1.0,1.0,1.0,1.0,3.240086190401794,0.29919367229009414,0.2966102578366906,Feynman81,T,0.2966102578366906,0.0,0.29919367229009414
1.0,1.0,1.0,1.0,3.244758259621116,0.29878900324072843,0.3795984453312218,Feynman81,T,0.3795984453312218,0.0,0.29878900324072843
1.0,1.0,1.0,1.0,3.2486287161777083,0.2984545659303508,0.2467789901209158,Feynman81,T,0.2467789901209158,0.0,0.2984545659303508
1.0,1.0,1.0,1.0,3.2508885270946526,0.29825963523344723,0.2627134555195258,Feynman81,T,0.2627134555195258,0.0,0.29825963523344723
1.0,1.0,1.0,1.0,3.2538297640228047,0.2980062932740536,0.31325884025510514,Feynman81,T,0.31325884025510514,0.0,0.2980062932740536
1.0,1.0,1.0,1.0,3.253837817109259,0.2980056001966385,0.29657988722213974,Feynman81,T,0.29657988722213974,0.0,0.2980056001966385
1.0,1.0,1.0,1.0,3.2541563410143715,0.2979781893896238,0.2895457635886496,Feynman81,T,0.2895457635886496,0.0,0.2979781893896238
1.0,1.0,1.0,1.0,3.254341441037677,0.29796226271144644,0.2515864091179029,Feynman81,T,0.2515864091179029,0.0,0.29796226271144644
1.0,1.0,1.0,1.0,3.255008477530666,0.2979048821193176,0.27122429317516755,Feynman81,T,0.27122429317516755,0.0,0.2979048821193176
1.0,1.0,1.0,1.0,3.2569210557109627,0.2977404744786087,0.3827682207443544,Feynman81,T,0.3827682207443544,0.0,0.2977404744786087
1.0,1.0,1.0,1.0,3.2570383179955735,0.2977304001718835,0.305260105549054,Feynman81,T,0.305260105549054,0.0,0.2977304001718835
1.0,1.0,1.0,1.0,3.259074694137399,0.29755555487036583,0.32225176726234195,Feynman81,T,0.32225176726234195,0.0,0.29755555487036583
1.0,1.0,1.0,1.0,3.2592549726228603,0.29754008554454286,0.24153140387003735,Feynman81,T,0.24153140387003735,0.0,0.29754008554454286
1.0,1.0,1.0,1.0,3.2617495220628756,0.29732619291661405,0.30101314511760785,Feynman81,T,0.30101314511760785,0.0,0.29732619291661405
1.0,1.0,1.0,1.0,3.269770567882023,0.29664044719968113,0.19387745612106497,Feynman81,T,0.19387745612106497,0.0,0.29664044719968113
1.0,1.0,1.0,1.0,3.272821724002271,0.29638039623036333,0.29717094590816484,Feynman81,T,0.29717094590816484,0.0,0.29638039623036333
1.0,1.0,1.0,1.0,3.2729483758712163,0.29636961118425137,0.3087128829587574,Feynman81,T,0.3087128829587574,0.0,0.29636961118425137
1.0,1.0,1.0,1.0,3.275023808229004,0.29619298572129865,0.2320067400967583,Feynman81,T,0.2320067400967583,0.0,0.29619298572129865
1.0,1.0,1.0,1.0,3.275864596731716,0.2961214900582171,0.18587495696674583,Feynman81,T,0.18587495696674583,0.0,0.2961214900582171
1.0,1.0,1.0,1.0,3.277260115096561,0.2960028971189097,0.29424479783853985,Feynman81,T,0.29424479783853985,0.0,0.2960028971189097
1.0,1.0,1.0,1.0,3.2786959484013045,0.2958809740217848,0.26144964740605225,Feynman81,T,0.26144964740605225,0.0,0.2958809740217848
1.0,1.0,1.0,1.0,3.2790187056563185,0.2958535806163159,0.31231673058954396,Feynman81,T,0.31231673058954396,0.0,0.2958535806163159
1.0,1.0,1.0,1.0,3.2843133398928916,0.29540490803254216,0.30852927044070644,Feynman81,T,0.30852927044070644,0.0,0.29540490803254216
1.0,1.0,1.0,1.0,3.284322981374623,0.29540409220454394,0.2890764772253372,Feynman81,T,0.2890764772253372,0.0,0.29540409220454394
1.0,1.0,1.0,1.0,3.2893041746222704,0.2949831834064383,0.2407616683379195,Feynman81,T,0.2407616683379195,0.0,0.2949831834064383
1.0,1.0,1.0,1.0,3.2906616155168305,0.2948686813368695,0.2759550932795988,Feynman81,T,0.2759550932795988,0.0,0.2948686813368695
1.0,1.0,1.0,1.0,3.292300336323562,0.2947305674349451,0.3264407523987748,Feynman81,T,0.3264407523987748,0.0,0.2947305674349451
1.0,1.0,1.0,1.0,3.293674422612472,0.29461485379028135,0.35294242481819693,Feynman81,T,0.35294242481819693,0.0,0.29461485379028135
1.0,1.0,1.0,1.0,3.2971041988222396,0.2943264109672799,0.24587554892505986,Feynman81,T,0.24587554892505986,0.0,0.2943264109672799
1.0,1.0,1.0,1.0,3.300052909479358,0.29407886212898,0.22860784670756074,Feynman81,T,0.22860784670756074,0.0,0.29407886212898
1.0,1.0,1.0,1.0,3.3006259320645697,0.29403080274744176,0.2720249799811468,Feynman81,T,0.2720249799811468,0.0,0.29403080274744176
1.0,1.0,1.0,1.0,3.301860637433853,0.2939272997034068,0.25447191620889087,Feynman81,T,0.25447191620889087,0.0,0.2939272997034068
1.0,1.0,1.0,1.0,3.3032036928980806,0.29381479391513265,0.2959545277852663,Feynman81,T,0.2959545277852663,0.0,0.29381479391513265
1.0,1.0,1.0,1.0,3.3051303959992886,0.2936535422953521,0.21983467772409532,Feynman81,T,0.21983467772409532,0.0,0.2936535422953521
1.0,1.0,1.0,1.0,3.3052258439708417,0.293645558418436,0.28090153639032867,Feynman81,T,0.28090153639032867,0.0,0.293645558418436
1.0,1.0,1.0,1.0,3.305945931558632,0.29358533924024255,0.30341536322129514,Feynman81,T,0.30341536322129514,0.0,0.29358533924024255
1.0,1.0,1.0,1.0,3.3067749602813397,0.29351603917430363,0.30550623855192655,Feynman81,T,0.30550623855192655,0.0,0.29351603917430363
1.0,1.0,1.0,1.0,3.307461079011681,0.293458709164807,0.3041987432840612,Feynman81,T,0.3041987432840612,0.0,0.293458709164807
1.0,1.0,1.0,1.0,3.3093773499873365,0.29329870609515474,0.3268537943243143,Feynman81,T,0.3268537943243143,0.0,0.29329870609515474
1.0,1.0,1.0,1.0,3.309443958006875,0.2932931475555571,0.3493615202033041,Feynman81,T,0.3493615202033041,0.0,0.2932931475555571
1.0,1.0,1.0,1.0,3.310965304319253,0.2931662444101473,0.3160723762012319,Feynman81,T,0.3160723762012319,0.0,0.2931662444101473
1.0,1.0,1.0,1.0,3.3122467048460593,0.2930594387895503,0.399025840197223,Feynman81,T,0.399025840197223,0.0,0.2930594387895503
1.0,1.0,1.0,1.0,3.312479512893842,0.2930400421631405,0.28886136748244645,Feynman81,T,0.28886136748244645,0.0,0.2930400421631405
1.0,1.0,1.0,1.0,3.3136333047087643,0.29294394955687203,0.20307875113260107,Feynman81,T,0.20307875113260107,0.0,0.29294394955687203
1.0,1.0,1.0,1.0,3.315425732879419,0.2927947895807223,0.34973165915066723,Feynman81,T,0.34973165915066723,0.0,0.2927947895807223
1.0,1.0,1.0,1.0,3.3209083040862417,0.2923394594126563,0.25124093710535256,Feynman81,T,0.25124093710535256,0.0,0.2923394594126563
1.0,1.0,1.0,1.0,3.322579392966705,0.2922009471868393,0.3182028177295496,Feynman81,T,0.3182028177295496,0.0,0.2922009471868393
1.0,1.0,1.0,1.0,3.322701944573862,0.2921907942029034,0.3657129745109555,Feynman81,T,0.3657129745109555,0.0,0.2921907942029034
1.0,1.0,1.0,1.0,3.324232289190172,0.2920640678549308,0.31043960900843603,Feynman81,T,0.31043960900843603,0.0,0.2920640678549308
1.0,1.0,1.0,1.0,3.324944141516564,0.2920051563163753,0.27551355877446676,Feynman81,T,0.27551355877446676,0.0,0.2920051563163753
1.0,1.0,1.0,1.0,3.325403906890013,0.2919671192408987,0.3208365619423037,Feynman81,T,0.3208365619423037,0.0,0.2919671192408987
1.0,1.0,1.0,1.0,3.3270096473640263,0.291834349172329,0.36326519891331077,Feynman81,T,0.36326519891331077,0.0,0.291834349172329
1.0,1.0,1.0,1.0,3.3287874952759626,0.29168748478335255,0.31922797782786505,Feynman81,T,0.31922797782786505,0.0,0.29168748478335255
1.0,1.0,1.0,1.0,3.328983950951377,0.2916712647620671,0.24361125372440293,Feynman81,T,0.24361125372440293,0.0,0.2916712647620671
1.0,1.0,1.0,1.0,3.33103364949776,0.2915021390881365,0.36694348889984796,Feynman81,T,0.36694348889984796,0.0,0.2915021390881365
1.0,1.0,1.0,1.0,3.3357412226512584,0.29111442374157454,0.33523173893005137,Feynman81,T,0.33523173893005137,0.0,0.29111442374157454
1.0,1.0,1.0,1.0,3.3381935434624115,0.2909128462071408,0.2727978655134907,Feynman81,T,0.2727978655134907,0.0,0.2909128462071408
1.0,1.0,1.0,1.0,3.3394546357844876,0.2908092913076478,0.36369379095905763,Feynman81,T,0.36369379095905763,0.0,0.2908092913076478
1.0,1.0,1.0,1.0,3.339915652014214,0.29077145266861554,0.285624754235024,Feynman81,T,0.285624754235024,0.0,0.29077145266861554
1.0,1.0,1.0,1.0,3.3417399240687526,0.2906218161291618,0.21884210950102606,Feynman81,T,0.21884210950102606,0.0,0.2906218161291618
1.0,1.0,1.0,1.0,3.3444558726536284,0.29039931566521643,0.3020864154430876,Feynman81,T,0.3020864154430876,0.0,0.29039931566521643
1.0,1.0,1.0,1.0,3.346025723846915,0.29027085813100073,0.2725885768586192,Feynman81,T,0.2725885768586192,0.0,0.29027085813100073
1.0,1.0,1.0,1.0,3.349633912419942,0.2899760247155703,0.24471646566731925,Feynman81,T,0.24471646566731925,0.0,0.2899760247155703
1.0,1.0,1.0,1.0,3.3503128114123952,0.28992061515171824,0.3107768292883474,Feynman81,T,0.3107768292883474,0.0,0.28992061515171824
1.0,1.0,1.0,1.0,3.351362962129408,0.2898349456043084,0.37402102330305187,Feynman81,T,0.37402102330305187,0.0,0.2898349456043084
1.0,1.0,1.0,1.0,3.3556136930927813,0.28948867853463184,0.2499509811794718,Feynman81,T,0.2499509811794718,0.0,0.28948867853463184
1.0,1.0,1.0,1.0,3.355808420896789,0.2894728350918855,0.32337221871306104,Feynman81,T,0.32337221871306104,0.0,0.2894728350918855
1.0,1.0,1.0,1.0,3.356815401691869,0.2893909319258377,0.2889670770377216,Feynman81,T,0.2889670770377216,0.0,0.2893909319258377
1.0,1.0,1.0,1.0,3.360571367309882,0.2890858347310509,0.3165576682962054,Feynman81,T,0.3165576682962054,0.0,0.2890858347310509
1.0,1.0,1.0,1.0,3.3624364703782827,0.2889345638454512,0.19596250955334998,Feynman81,T,0.19596250955334998,0.0,0.2889345638454512
1.0,1.0,1.0,1.0,3.362480644776277,0.2889309829001451,0.2398695421538263,Feynman81,T,0.2398695421538263,0.0,0.2889309829001451
1.0,1.0,1.0,1.0,3.3698227207968596,0.2883369989598208,0.3099976207420191,Feynman81,T,0.3099976207420191,0.0,0.2883369989598208
1.0,1.0,1.0,1.0,3.3746031032745543,0.287951530032907,0.2715193474478184,Feynman81,T,0.2715193474478184,0.0,0.287951530032907
1.0,1.0,1.0,1.0,3.3754986417350796,0.28787942882992057,0.29878388417234936,Feynman81,T,0.29878388417234936,0.0,0.28787942882992057
1.0,1.0,1.0,1.0,3.3798899328803773,0.2875263850386532,0.2576677913006366,Feynman81,T,0.2576677913006366,0.0,0.2875263850386532
1.0,1.0,1.0,1.0,3.381374581153436,0.2874072145064,0.28169768348433094,Feynman81,T,0.28169768348433094,0.0,0.2874072145064
1.0,1.0,1.0,1.0,3.3817462642709026,0.28737739503440896,0.2655817889974206,Feynman81,T,0.2655817889974206,0.0,0.28737739503440896
1.0,1.0,1.0,1.0,3.3862609159225894,0.2870156709160932,0.3102750999180791,Feynman81,T,0.3102750999180791,0.0,0.2870156709160932
1.0,1.0,1.0,1.0,3.3865006864960248,0.2869964846385949,0.2737384914435012,Feynman81,T,0.2737384914435012,0.0,0.2869964846385949
1.0,1.0,1.0,1.0,3.387455218801141,0.28692012826352914,0.26951506918245427,Feynman81,T,0.26951506918245427,0.0,0.28692012826352914
1.0,1.0,1.0,1.0,3.390231477778695,0.2866982693159642,0.19089072844615945,Feynman81,T,0.19089072844615945,0.0,0.2866982693159642
1.0,1.0,1.0,1.0,3.3954501346914814,0.2862821302835782,0.3177272309820568,Feynman81,T,0.3177272309820568,0.0,0.2862821302835782
1.0,1.0,1.0,1.0,3.3972489363044134,0.28613896400637445,0.28674762773680645,Feynman81,T,0.28674762773680645,0.0,0.28613896400637445
1.0,1.0,1.0,1.0,3.3991138327407295,0.28599068376721537,0.30265850709038195,Feynman81,T,0.30265850709038195,0.0,0.28599068376721537
1.0,1.0,1.0,1.0,3.3995140751528563,0.2859588794147793,0.2778234811155741,Feynman81,T,0.2778234811155741,0.0,0.2859588794147793
1.0,1.0,1.0,1.0,3.399802753738924,0.28593594448521004,0.2419928864689783,Feynman81,T,0.2419928864689783,0.0,0.28593594448521004
1.0,1.0,1.0,1.0,3.399878965458845,0.28592989021344617,0.34847345063215107,Feynman81,T,0.34847345063215107,0.0,0.28592989021344617
1.0,1.0,1.0,1.0,3.40109978439808,0.28583294202862175,0.2742176915313054,Feynman81,T,0.2742176915313054,0.0,0.28583294202862175
1.0,1.0,1.0,1.0,3.4110957896308003,0.28504152678667316,0.22756233343212978,Feynman81,T,0.22756233343212978,0.0,0.28504152678667316
1.0,1.0,1.0,1.0,3.411298372790215,0.2850255315801271,0.31439562022606377,Feynman81,T,0.31439562022606377,0.0,0.2850255315801271
1.0,1.0,1.0,1.0,3.412673040480254,0.2849170389490342,0.32184117858336836,Feynman81,T,0.32184117858336836,0.0,0.2849170389490342
1.0,1.0,1.0,1.0,3.4129971492087776,0.28489147104773493,0.30433492479074487,Feynman81,T,0.30433492479074487,0.0,0.28489147104773493
1.0,1.0,1.0,1.0,3.413165459591861,0.2848781953354194,0.3748916568563874,Feynman81,T,0.3748916568563874,0.0,0.2848781953354194
1.0,1.0,1.0,1.0,3.4182439446311292,0.28447818649330747,0.33685601066457466,Feynman81,T,0.33685601066457466,0.0,0.28447818649330747
1.0,1.0,1.0,1.0,3.41909302223642,0.2844114148594697,0.24472294770403147,Feynman81,T,0.24472294770403147,0.0,0.2844114148594697
1.0,1.0,1.0,1.0,3.4199171581073924,0.28434663372033375,0.21845438077600832,Feynman81,T,0.21845438077600832,0.0,0.28434663372033375
1.0,1.0,1.0,1.0,3.4213339566407552,0.28423533325857575,0.2418107955323524,Feynman81,T,0.2418107955323524,0.0,0.28423533325857575
1.0,1.0,1.0,1.0,3.424292878963007,0.2840031594461989,0.2654780194222318,Feynman81,T,0.2654780194222318,0.0,0.2840031594461989
1.0,1.0,1.0,1.0,3.4255224498745513,0.283906788530548,0.28612305678113537,Feynman81,T,0.28612305678113537,0.0,0.283906788530548
1.0,1.0,1.0,1.0,3.4259559287114385,0.28387282859046914,0.2780228154964105,Feynman81,T,0.2780228154964105,0.0,0.28387282859046914
1.0,1.0,1.0,1.0,3.428738219188443,0.2836550437117778,0.26563314121059534,Feynman81,T,0.26563314121059534,0.0,0.2836550437117778
1.0,1.0,1.0,1.0,3.4299574255228507,0.2835597119846286,0.2514179357324511,Feynman81,T,0.2514179357324511,0.0,0.2835597119846286
1.0,1.0,1.0,1.0,3.4304025204341886,0.2835249247783663,0.2755021253089533,Feynman81,T,0.2755021253089533,0.0,0.2835249247783663
1.0,1.0,1.0,1.0,3.4315460847547024,0.2834355853781632,0.29941972889563084,Feynman81,T,0.29941972889563084,0.0,0.2834355853781632
1.0,1.0,1.0,1.0,3.4316229050622185,0.28342958585458916,0.22144262545834384,Feynman81,T,0.22144262545834384,0.0,0.28342958585458916
1.0,1.0,1.0,1.0,3.4319979514744086,0.2834002989632066,0.13936991283492872,Feynman81,T,0.13936991283492872,0.0,0.2834002989632066
1.0,1.0,1.0,1.0,3.4334937299890465,0.2832835539356572,0.27419318191158154,Feynman81,T,0.27419318191158154,0.0,0.2832835539356572
1.0,1.0,1.0,1.0,3.4359374120940167,0.2830930259908438,0.26578844648070993,Feynman81,T,0.26578844648070993,0.0,0.2830930259908438
1.0,1.0,1.0,1.0,3.437528144329325,0.2829691340430624,0.2570747930443227,Feynman81,T,0.2570747930443227,0.0,0.2829691340430624
1.0,1.0,1.0,1.0,3.4396063098511576,0.28280743747928094,0.33284110431976327,Feynman81,T,0.33284110431976327,0.0,0.28280743747928094
1.0,1.0,1.0,1.0,3.4490350135261805,0.2820760619446022,0.34755975649468807,Feynman81,T,0.34755975649468807,0.0,0.2820760619446022
1.0,1.0,1.0,1.0,3.44908290631458,0.2820723563184284,0.2505522709211499,Feynman81,T,0.2505522709211499,0.0,0.2820723563184284
1.0,1.0,1.0,1.0,3.450001120638804,0.2820013292552188,0.2550058331756161,Feynman81,T,0.2550058331756161,0.0,0.2820013292552188
1.0,1.0,1.0,1.0,3.4519036289012663,0.2818542740740316,0.24274448097874604,Feynman81,T,0.24274448097874604,0.0,0.2818542740740316
1.0,1.0,1.0,1.0,3.4550073050864456,0.28161469336069084,0.2799258145033533,Feynman81,T,0.2799258145033533,0.0,0.28161469336069084
1.0,1.0,1.0,1.0,3.459011596188789,0.28130617533893304,0.29313054525476107,Feynman81,T,0.29313054525476107,0.0,0.28130617533893304
1.0,1.0,1.0,1.0,3.461856490980739,0.28108738356888147,0.30083139925562935,Feynman81,T,0.30083139925562935,0.0,0.28108738356888147
1.0,1.0,1.0,1.0,3.464110303829239,0.28091428444287964,0.3229815613899965,Feynman81,T,0.3229815613899965,0.0,0.28091428444287964
1.0,1.0,1.0,1.0,3.4642952623027705,0.2809000883042709,0.2463164600879604,Feynman81,T,0.2463164600879604,0.0,0.2809000883042709
1.0,1.0,1.0,1.0,3.466263496517769,0.28074910643883616,0.2625657906688186,Feynman81,T,0.2625657906688186,0.0,0.28074910643883616
1.0,1.0,1.0,1.0,3.4662684772897254,0.2807487245671938,0.27989726971926115,Feynman81,T,0.27989726971926115,0.0,0.2807487245671938
1.0,1.0,1.0,1.0,3.466745203033883,0.2807121790683735,0.3063581295988266,Feynman81,T,0.3063581295988266,0.0,0.2807121790683735
1.0,1.0,1.0,1.0,3.472794122970911,0.28024927356767576,0.2857869680308217,Feynman81,T,0.2857869680308217,0.0,0.28024927356767576
1.0,1.0,1.0,1.0,3.4740403672745432,0.28015408637711614,0.3175630567354492,Feynman81,T,0.3175630567354492,0.0,0.28015408637711614
1.0,1.0,1.0,1.0,3.474492942578495,0.28011953455862587,0.21644707891496495,Feynman81,T,0.21644707891496495,0.0,0.28011953455862587
1.0,1.0,1.0,1.0,3.4772741660498068,0.2799073838778479,0.302705015031482,Feynman81,T,0.302705015031482,0.0,0.2799073838778479
1.0,1.0,1.0,1.0,3.481126045570044,0.27961407879871214,0.17334379515828302,Feynman81,T,0.17334379515828302,0.0,0.27961407879871214
1.0,1.0,1.0,1.0,3.483417614548092,0.2794398681041417,0.30584481474002034,Feynman81,T,0.30584481474002034,0.0,0.2794398681041417
1.0,1.0,1.0,1.0,3.4845109441213125,0.2793568247737366,0.2604614038569052,Feynman81,T,0.2604614038569052,0.0,0.2793568247737366
1.0,1.0,1.0,1.0,3.4926906358898466,0.2787370577882837,0.27783205957745605,Feynman81,T,0.27783205957745605,0.0,0.2787370577882837
1.0,1.0,1.0,1.0,3.4926972524542106,0.27873655753906945,0.16127801637068778,Feynman81,T,0.16127801637068778,0.0,0.27873655753906945
1.0,1.0,1.0,1.0,3.4934797550440253,0.2786774082710409,0.29764025281660494,Feynman81,T,0.29764025281660494,0.0,0.2786774082710409
1.0,1.0,1.0,1.0,3.4943874407738513,0.2786088269658671,0.3117602179740299,Feynman81,T,0.3117602179740299,0.0,0.2786088269658671
1.0,1.0,1.0,1.0,3.4981505796121266,0.27832484782207845,0.2751203260505338,Feynman81,T,0.2751203260505338,0.0,0.27832484782207845
1.0,1.0,1.0,1.0,3.5000155143043865,0.2781843218654643,0.23389068382399114,Feynman81,T,0.23389068382399114,0.0,0.2781843218654643
1.0,1.0,1.0,1.0,3.5005366327765666,0.2781450793527928,0.31463805551451335,Feynman81,T,0.31463805551451335,0.0,0.2781450793527928
1.0,1.0,1.0,1.0,3.5028705523745955,0.2779694568196951,0.2904271886332085,Feynman81,T,0.2904271886332085,0.0,0.2779694568196951
1.0,1.0,1.0,1.0,3.5033597633902493,0.2779326720316875,0.1774532483387678,Feynman81,T,0.1774532483387678,0.0,0.2779326720316875
1.0,1.0,1.0,1.0,3.506751406119414,0.2776779072674225,0.16122762466646196,Feynman81,T,0.16122762466646196,0.0,0.2776779072674225
1.0,1.0,1.0,1.0,3.5075437030574763,0.27761845889653136,0.28501507472448023,Feynman81,T,0.28501507472448023,0.0,0.27761845889653136
1.0,1.0,1.0,1.0,3.5081056666874653,0.27757630810097095,0.29985723776588186,Feynman81,T,0.29985723776588186,0.0,0.27757630810097095
1.0,1.0,1.0,1.0,3.5104497368729626,0.2774006221812286,0.2781426889608578,Feynman81,T,0.2781426889608578,0.0,0.2774006221812286
1.0,1.0,1.0,1.0,3.510647378228228,0.277385819019184,0.279759975527361,Feynman81,T,0.279759975527361,0.0,0.277385819019184
1.0,1.0,1.0,1.0,3.51234584722985,0.2772586684511502,0.2626220216115561,Feynman81,T,0.2626220216115561,0.0,0.2772586684511502
1.0,1.0,1.0,1.0,3.512421034812371,0.27725304238591575,0.1578371355319776,Feynman81,T,0.1578371355319776,0.0,0.27725304238591575
1.0,1.0,1.0,1.0,3.514013453206997,0.27713393849558177,0.247650515041075,Feynman81,T,0.247650515041075,0.0,0.27713393849558177
1.0,1.0,1.0,1.0,3.5157173046765697,0.277006610106474,0.15777138027652904,Feynman81,T,0.15777138027652904,0.0,0.277006610106474
1.0,1.0,1.0,1.0,3.515928628910464,0.27699082582435486,0.19504021700595037,Feynman81,T,0.19504021700595037,0.0,0.27699082582435486
1.0,1.0,1.0,1.0,3.5208658774711727,0.2766225484798668,0.34133679622139956,Feynman81,T,0.34133679622139956,0.0,0.2766225484798668
1.0,1.0,1.0,1.0,3.5224581912681514,0.27650397809491584,0.2699594719358648,Feynman81,T,0.2699594719358648,0.0,0.27650397809491584
1.0,1.0,1.0,1.0,3.5259568091549642,0.2762438029449711,0.29164201272189394,Feynman81,T,0.29164201272189394,0.0,0.2762438029449711
1.0,1.0,1.0,1.0,3.526950293053011,0.2761700091185002,0.16129772719400942,Feynman81,T,0.16129772719400942,0.0,0.2761700091185002
1.0,1.0,1.0,1.0,3.5280479657021866,0.2760885209212516,0.2742033243377292,Feynman81,T,0.2742033243377292,0.0,0.2760885209212516
1.0,1.0,1.0,1.0,3.534366720761711,0.2756203413896078,0.29519629017122195,Feynman81,T,0.29519629017122195,0.0,0.2756203413896078
1.0,1.0,1.0,1.0,3.536923897486634,0.2754313092799283,0.2758990575764716,Feynman81,T,0.2758990575764716,0.0,0.2754313092799283
1.0,1.0,1.0,1.0,3.537061981228014,0.27542110899934746,0.3188308016805793,Feynman81,T,0.3188308016805793,0.0,0.27542110899934746
1.0,1.0,1.0,1.0,3.537940287788138,0.275356245461831,0.2909508719930454,Feynman81,T,0.2909508719930454,0.0,0.275356245461831
1.0,1.0,1.0,1.0,3.5403313011694992,0.27517981787531404,0.2974227781204084,Feynman81,T,0.2974227781204084,0.0,0.27517981787531404
1.0,1.0,1.0,1.0,3.540862519717123,0.2751406502688488,0.268983173435811,Feynman81,T,0.268983173435811,0.0,0.2751406502688488
1.0,1.0,1.0,1.0,3.541890168497734,0.27506491081259726,0.19488397203113772,Feynman81,T,0.19488397203113772,0.0,0.27506491081259726
1.0,1.0,1.0,1.0,3.543792641323009,0.27492480227839233,0.310957525550066,Feynman81,T,0.310957525550066,0.0,0.27492480227839233
1.0,1.0,1.0,1.0,3.5441931061495877,0.2748953275287214,0.2938537136402995,Feynman81,T,0.2938537136402995,0.0,0.2748953275287214
1.0,1.0,1.0,1.0,3.5488332696417944,0.2745542527786496,0.3349537649482721,Feynman81,T,0.3349537649482721,0.0,0.2745542527786496
1.0,1.0,1.0,1.0,3.55090895021951,0.27440194633011217,0.27197942373359824,Feynman81,T,0.27197942373359824,0.0,0.27440194633011217
1.0,1.0,1.0,1.0,3.5554656287406123,0.27406816818382335,0.23473671348428388,Feynman81,T,0.23473671348428388,0.0,0.27406816818382335
1.0,1.0,1.0,1.0,3.5659799744777727,0.2733009939756136,0.2825521091162033,Feynman81,T,0.2825521091162033,0.0,0.2733009939756136
1.0,1.0,1.0,1.0,3.5675292805886967,0.2731883025469112,0.2475649943809759,Feynman81,T,0.2475649943809759,0.0,0.2731883025469112
1.0,1.0,1.0,1.0,3.5680577865984313,0.27314988143064806,0.3289802647431085,Feynman81,T,0.3289802647431085,0.0,0.27314988143064806
1.0,1.0,1.0,1.0,3.5711254308201994,0.2729270784699253,0.3167685439905022,Feynman81,T,0.3167685439905022,0.0,0.2729270784699253
1.0,1.0,1.0,1.0,3.5837763598377705,0.27201196499216646,0.24876009601256394,Feynman81,T,0.24876009601256394,0.0,0.27201196499216646
1.0,1.0,1.0,1.0,3.586373102322296,0.2718248658422154,0.19800879577943703,Feynman81,T,0.19800879577943703,0.0,0.2718248658422154
1.0,1.0,1.0,1.0,3.587049471963894,0.2717761735035586,0.2667186391185618,Feynman81,T,0.2667186391185618,0.0,0.2717761735035586
1.0,1.0,1.0,1.0,3.587874096214946,0.27171683116288503,0.32603886789563286,Feynman81,T,0.32603886789563286,0.0,0.27171683116288503
1.0,1.0,1.0,1.0,3.587948228707833,0.2717114976098975,0.15989934530079233,Feynman81,T,0.15989934530079233,0.0,0.2717114976098975
1.0,1.0,1.0,1.0,3.592795531435835,0.27136319407705833,0.23796572868516105,Feynman81,T,0.23796572868516105,0.0,0.27136319407705833
1.0,1.0,1.0,1.0,3.594458994803123,0.27124386586769444,0.3179951148182465,Feynman81,T,0.3179951148182465,0.0,0.27124386586769444
1.0,1.0,1.0,1.0,3.5979527885703146,0.2709935714406359,0.30672996599355373,Feynman81,T,0.30672996599355373,0.0,0.2709935714406359
1.0,1.0,1.0,1.0,3.5981687294299127,0.27097811624468754,0.1743852040303115,Feynman81,T,0.1743852040303115,0.0,0.27097811624468754
1.0,1.0,1.0,1.0,3.60004661681642,0.27084378544764787,0.210624085739343,Feynman81,T,0.210624085739343,0.0,0.27084378544764787
1.0,1.0,1.0,1.0,3.601149897467185,0.27076492496362914,0.2756948726833728,Feynman81,T,0.2756948726833728,0.0,0.27076492496362914
1.0,1.0,1.0,1.0,3.602914207573239,0.27063890813143565,0.26197644072128656,Feynman81,T,0.26197644072128656,0.0,0.27063890813143565
1.0,1.0,1.0,1.0,3.6045301304152746,0.2705235900512804,0.3208828762155679,Feynman81,T,0.3208828762155679,0.0,0.2705235900512804
1.0,1.0,1.0,1.0,3.6059344023072213,0.2704234537841195,0.26523819937381105,Feynman81,T,0.26523819937381105,0.0,0.2704234537841195
1.0,1.0,1.0,1.0,3.6079908288526776,0.2702769435771918,0.2461460318710676,Feynman81,T,0.2461460318710676,0.0,0.2702769435771918
1.0,1.0,1.0,1.0,3.6092009497357362,0.2701908006434093,0.24472542308664288,Feynman81,T,0.24472542308664288,0.0,0.2701908006434093
1.0,1.0,1.0,1.0,3.6145316124974665,0.26981197066341656,0.22773405947576597,Feynman81,T,0.22773405947576597,0.0,0.26981197066341656
1.0,1.0,1.0,1.0,3.619241285098565,0.26947813137361426,0.286891328261485,Feynman81,T,0.286891328261485,0.0,0.26947813137361426
1.0,1.0,1.0,1.0,3.620961411503264,0.26935640274399286,0.17342368922441093,Feynman81,T,0.17342368922441093,0.0,0.26935640274399286
1.0,1.0,1.0,1.0,3.6253429525307315,0.269046816196458,0.26357894050970176,Feynman81,T,0.26357894050970176,0.0,0.269046816196458
1.0,1.0,1.0,1.0,3.6268205177824826,0.2689425720101924,0.27665156237685345,Feynman81,T,0.27665156237685345,0.0,0.2689425720101924
1.0,1.0,1.0,1.0,3.6274168373655535,0.26890052314310386,0.34897767432046933,Feynman81,T,0.34897767432046933,0.0,0.26890052314310386
1.0,1.0,1.0,1.0,3.6331244625796555,0.2684987024395984,0.24561631701045936,Feynman81,T,0.24561631701045936,0.0,0.2684987024395984
1.0,1.0,1.0,1.0,3.6337983218506333,0.26845133944086935,0.21675411171084386,Feynman81,T,0.21675411171084386,0.0,0.26845133944086935
1.0,1.0,1.0,1.0,3.6340587661698582,0.2684330381613854,0.3013578634943338,Feynman81,T,0.3013578634943338,0.0,0.2684330381613854
1.0,1.0,1.0,1.0,3.6354524997797193,0.2683351425373669,0.25542897023512906,Feynman81,T,0.25542897023512906,0.0,0.2683351425373669
1.0,1.0,1.0,1.0,3.6360663576749754,0.26829204730722755,0.24379487674913908,Feynman81,T,0.24379487674913908,0.0,0.26829204730722755
1.0,1.0,1.0,1.0,3.6426194750634684,0.26783283131461993,0.30131565565661944,Feynman81,T,0.30131565565661944,0.0,0.26783283131461993
1.0,1.0,1.0,1.0,3.643193407435609,0.2677926853438842,0.20904292075442404,Feynman81,T,0.20904292075442404,0.0,0.2677926853438842
1.0,1.0,1.0,1.0,3.6434643240136624,0.26777373908308716,0.31038053597269755,Feynman81,T,0.31038053597269755,0.0,0.26777373908308716
1.0,1.0,1.0,1.0,3.6440768566680526,0.26773091188979403,0.19668728993626733,Feynman81,T,0.19668728993626733,0.0,0.26773091188979403
1.0,1.0,1.0,1.0,3.6442284765266897,0.26772031295864795,0.33236929170804064,Feynman81,T,0.33236929170804064,0.0,0.26772031295864795
1.0,1.0,1.0,1.0,3.644932566131242,0.26767110453692083,0.27258489858600604,Feynman81,T,0.27258489858600604,0.0,0.26767110453692083
1.0,1.0,1.0,1.0,3.6482486330106436,0.26743958315973915,0.32222639248503754,Feynman81,T,0.32222639248503754,0.0,0.26743958315973915
1.0,1.0,1.0,1.0,3.6506201468442487,0.26727424771045055,0.2573593185119945,Feynman81,T,0.2573593185119945,0.0,0.26727424771045055
1.0,1.0,1.0,1.0,3.6511958971307816,0.2672341380061199,0.27699747498351407,Feynman81,T,0.27699747498351407,0.0,0.2672341380061199
1.0,1.0,1.0,1.0,3.657330339872543,0.2668075082195682,0.30605847198682284,Feynman81,T,0.30605847198682284,0.0,0.2668075082195682
1.0,1.0,1.0,1.0,3.6575886922790377,0.26678956979362817,0.35116838833286057,Feynman81,T,0.35116838833286057,0.0,0.26678956979362817
1.0,1.0,1.0,1.0,3.6606152457848733,0.26657959908999146,0.26126915700669756,Feynman81,T,0.26126915700669756,0.0,0.26657959908999146
1.0,1.0,1.0,1.0,3.6635650468434555,0.26637526272198225,0.26358329749999915,Feynman81,T,0.26358329749999915,0.0,0.26637526272198225
1.0,1.0,1.0,1.0,3.664135850164239,0.2663357576987518,0.2912002388713013,Feynman81,T,0.2912002388713013,0.0,0.2663357576987518
1.0,1.0,1.0,1.0,3.6646064649236143,0.2663031952610536,0.25201265045091115,Feynman81,T,0.25201265045091115,0.0,0.2663031952610536
1.0,1.0,1.0,1.0,3.664691509116221,0.26629731177186344,0.28340169862867814,Feynman81,T,0.28340169862867814,0.0,0.26629731177186344
1.0,1.0,1.0,1.0,3.6663710756784638,0.266181168614037,0.2926394939272322,Feynman81,T,0.2926394939272322,0.0,0.266181168614037
1.0,1.0,1.0,1.0,3.669512917953536,0.26596417286214014,0.3170421795283157,Feynman81,T,0.3170421795283157,0.0,0.26596417286214014
1.0,1.0,1.0,1.0,3.67081690306208,0.2658742124696754,0.24155044783475152,Feynman81,T,0.24155044783475152,0.0,0.2658742124696754
1.0,1.0,1.0,1.0,3.6767821022000233,0.2654634352308494,0.27966251231332173,Feynman81,T,0.27966251231332173,0.0,0.2654634352308494
1.0,1.0,1.0,1.0,3.6776063338816294,0.26540677397190354,0.1896771491100957,Feynman81,T,0.1896771491100957,0.0,0.26540677397190354
1.0,1.0,1.0,1.0,3.6806076004079036,0.26520065288096445,0.24604151859928813,Feynman81,T,0.24604151859928813,0.0,0.26520065288096445
1.0,1.0,1.0,1.0,3.6838486441167513,0.2649784143877805,0.34760237502051206,Feynman81,T,0.34760237502051206,0.0,0.2649784143877805
1.0,1.0,1.0,1.0,3.6849750681983853,0.2649012604048361,0.3427149378883008,Feynman81,T,0.3427149378883008,0.0,0.2649012604048361
1.0,1.0,1.0,1.0,3.6859780906679793,0.26483259560520217,0.2852710745419488,Feynman81,T,0.2852710745419488,0.0,0.26483259560520217
1.0,1.0,1.0,1.0,3.686399957621809,0.26480372584555034,0.27295584925274896,Feynman81,T,0.27295584925274896,0.0,0.26480372584555034
1.0,1.0,1.0,1.0,3.6879178935345176,0.26469989915466974,0.2613203874539647,Feynman81,T,0.2613203874539647,0.0,0.26469989915466974
1.0,1.0,1.0,1.0,3.6903854633096795,0.26453128679138666,0.261432881260177,Feynman81,T,0.261432881260177,0.0,0.26453128679138666
1.0,1.0,1.0,1.0,3.691703277118696,0.26444132451645225,0.27440490267864437,Feynman81,T,0.27440490267864437,0.0,0.26444132451645225
1.0,1.0,1.0,1.0,3.6938049617667432,0.2642979735897472,0.2026721587867705,Feynman81,T,0.2026721587867705,0.0,0.2642979735897472
1.0,1.0,1.0,1.0,3.7020312358969427,0.26373833257371804,0.12034485640054804,Feynman81,T,0.12034485640054804,0.0,0.26373833257371804
1.0,1.0,1.0,1.0,3.7028833878363896,0.26368049189353954,0.27787302576782785,Feynman81,T,0.27787302576782785,0.0,0.26368049189353954
1.0,1.0,1.0,1.0,3.7065136586098517,0.26343436036561035,0.24864499850208854,Feynman81,T,0.24864499850208854,0.0,0.26343436036561035
1.0,1.0,1.0,1.0,3.707672163477685,0.2633559082400578,0.25388904210629054,Feynman81,T,0.25388904210629054,0.0,0.2633559082400578
1.0,1.0,1.0,1.0,3.7080501658236047,0.2633303203699187,0.34094953003637546,Feynman81,T,0.34094953003637546,0.0,0.2633303203699187
1.0,1.0,1.0,1.0,3.709782191124945,0.26321313744582003,0.1593822895465733,Feynman81,T,0.1593822895465733,0.0,0.26321313744582003
1.0,1.0,1.0,1.0,3.712714437116287,0.2630149832467653,0.23351338570670102,Feynman81,T,0.23351338570670102,0.0,0.2630149832467653
1.0,1.0,1.0,1.0,3.7157375960066585,0.2628109896307406,0.273235017813147,Feynman81,T,0.273235017813147,0.0,0.2628109896307406
1.0,1.0,1.0,1.0,3.717010636928257,0.26272518094547576,0.3222722786806402,Feynman81,T,0.3222722786806402,0.0,0.26272518094547576
1.0,1.0,1.0,1.0,3.7174376244938574,0.26269641229418933,0.2463021108594132,Feynman81,T,0.2463021108594132,0.0,0.26269641229418933
1.0,1.0,1.0,1.0,3.7233205374270324,0.2623006703658578,0.17648364725801113,Feynman81,T,0.17648364725801113,0.0,0.2623006703658578
1.0,1.0,1.0,1.0,3.724252795629435,0.2622380642883518,0.2609329682320812,Feynman81,T,0.2609329682320812,0.0,0.2622380642883518
1.0,1.0,1.0,1.0,3.7296515065910154,0.26187608440724625,0.14159469210014697,Feynman81,T,0.14159469210014697,0.0,0.26187608440724625
1.0,1.0,1.0,1.0,3.7298815231358406,0.26186068359410736,0.26995311583866477,Feynman81,T,0.26995311583866477,0.0,0.26186068359410736
1.0,1.0,1.0,1.0,3.7348266313883594,0.26153000931095066,0.31432724139816665,Feynman81,T,0.31432724139816665,0.0,0.26153000931095066
1.0,1.0,1.0,1.0,3.7376181389663863,0.2613437034227319,0.2656437593123888,Feynman81,T,0.2656437593123888,0.0,0.2613437034227319
1.0,1.0,1.0,1.0,3.7409916130020853,0.261118902063633,0.25085413417350394,Feynman81,T,0.25085413417350394,0.0,0.261118902063633
1.0,1.0,1.0,1.0,3.7463621927406265,0.26076179478609324,0.27027267188951465,Feynman81,T,0.27027267188951465,0.0,0.26076179478609324
1.0,1.0,1.0,1.0,3.749659739399382,0.26054300182397516,0.27487919223987056,Feynman81,T,0.27487919223987056,0.0,0.26054300182397516
1.0,1.0,1.0,1.0,3.7523764702753937,0.2603630149694895,0.187018410808288,Feynman81,T,0.187018410808288,0.0,0.2603630149694895
1.0,1.0,1.0,1.0,3.753692183675354,0.26027593443840785,0.19094315171991633,Feynman81,T,0.19094315171991633,0.0,0.26027593443840785
1.0,1.0,1.0,1.0,3.7544091904818275,0.2602285032332186,0.3308235786469954,Feynman81,T,0.3308235786469954,0.0,0.2602285032332186
1.0,1.0,1.0,1.0,3.755638818862305,0.26014720048958745,0.24631829037247766,Feynman81,T,0.24631829037247766,0.0,0.26014720048958745
1.0,1.0,1.0,1.0,3.7624650837618283,0.2596967490393613,0.1589731165250156,Feynman81,T,0.1589731165250156,0.0,0.2596967490393613
1.0,1.0,1.0,1.0,3.763429240005678,0.2596332489218352,0.3060692959489048,Feynman81,T,0.3060692959489048,0.0,0.2596332489218352
1.0,1.0,1.0,1.0,3.7635425652153427,0.2596257872203789,0.19806877420880725,Feynman81,T,0.19806877420880725,0.0,0.2596257872203789
1.0,1.0,1.0,1.0,3.763641103053457,0.2596192995077313,0.29805703541420175,Feynman81,T,0.29805703541420175,0.0,0.2596192995077313
1.0,1.0,1.0,1.0,3.763762021439534,0.2596113386962152,0.28596412795097426,Feynman81,T,0.28596412795097426,0.0,0.2596113386962152
1.0,1.0,1.0,1.0,3.7667043992029634,0.25941777030073987,0.2733716585054047,Feynman81,T,0.2733716585054047,0.0,0.25941777030073987
1.0,1.0,1.0,1.0,3.766726040151564,0.25941634766408117,0.3075315041720096,Feynman81,T,0.3075315041720096,0.0,0.25941634766408117
1.0,1.0,1.0,1.0,3.7686761859998694,0.25928821107554834,0.33322570352719155,Feynman81,T,0.33322570352719155,0.0,0.25928821107554834
1.0,1.0,1.0,1.0,3.7688457450012653,0.259277075840137,0.2639311438804941,Feynman81,T,0.2639311438804941,0.0,0.259277075840137
1.0,1.0,1.0,1.0,3.770107123389356,0.2591942681995018,0.25446860250418457,Feynman81,T,0.25446860250418457,0.0,0.2591942681995018
1.0,1.0,1.0,1.0,3.77050530381389,0.25916813895312396,0.299205825504636,Feynman81,T,0.299205825504636,0.0,0.25916813895312396
1.0,1.0,1.0,1.0,3.779506317541429,0.258578846050258,0.2526822314656812,Feynman81,T,0.2526822314656812,0.0,0.258578846050258
1.0,1.0,1.0,1.0,3.7838728403519055,0.25829391236108584,0.30719474660206664,Feynman81,T,0.30719474660206664,0.0,0.25829391236108584
1.0,1.0,1.0,1.0,3.7855484753323463,0.25818473285314725,0.2417863856334409,Feynman81,T,0.2417863856334409,0.0,0.25818473285314725
1.0,1.0,1.0,1.0,3.788666464865457,0.25798181324452857,0.19022642750824265,Feynman81,T,0.19022642750824265,0.0,0.25798181324452857
1.0,1.0,1.0,1.0,3.7925911627958344,0.2577268348754411,0.3837651218401083,Feynman81,T,0.3837651218401083,0.0,0.2577268348754411
1.0,1.0,1.0,1.0,3.793629501693853,0.25765945870148993,0.18336898413063737,Feynman81,T,0.18336898413063737,0.0,0.25765945870148993
1.0,1.0,1.0,1.0,3.797797895098113,0.25738932389779395,0.2988651027772792,Feynman81,T,0.2988651027772792,0.0,0.25738932389779395
1.0,1.0,1.0,1.0,3.80364761766938,0.2570111606258119,0.16024135414919066,Feynman81,T,0.16024135414919066,0.0,0.2570111606258119
1.0,1.0,1.0,1.0,3.8042712932803338,0.2569709062367465,0.33167221038715633,Feynman81,T,0.33167221038715633,0.0,0.2569709062367465
1.0,1.0,1.0,1.0,3.8042833302955024,0.25697012944319614,0.2484102016359959,Feynman81,T,0.2484102016359959,0.0,0.25697012944319614
1.0,1.0,1.0,1.0,3.8048234663224325,0.256935277164789,0.2485990797066155,Feynman81,T,0.2485990797066155,0.0,0.256935277164789
1.0,1.0,1.0,1.0,3.8048269717333048,0.25693505100827974,0.3422385276606938,Feynman81,T,0.3422385276606938,0.0,0.25693505100827974
1.0,1.0,1.0,1.0,3.8054023917998747,0.2568979322403943,0.2803083033021559,Feynman81,T,0.2803083033021559,0.0,0.2568979322403943
1.0,1.0,1.0,1.0,3.8072676340948983,0.256777682512013,0.2787978413695316,Feynman81,T,0.2787978413695316,0.0,0.256777682512013
1.0,1.0,1.0,1.0,3.819187425676461,0.25601181646856935,0.20095294395015975,Feynman81,T,0.20095294395015975,0.0,0.25601181646856935
1.0,1.0,1.0,1.0,3.8267796626714365,0.25552632364705197,0.22804084595243815,Feynman81,T,0.22804084595243815,0.0,0.25552632364705197
1.0,1.0,1.0,1.0,3.827093869470602,0.25550627012977695,0.2488218794721255,Feynman81,T,0.2488218794721255,0.0,0.25550627012977695
1.0,1.0,1.0,1.0,3.8294024592768916,0.2553590239438875,0.22874761714408648,Feynman81,T,0.22874761714408648,0.0,0.2553590239438875
1.0,1.0,1.0,1.0,3.830682688104908,0.25527743994873303,0.3243863616572863,Feynman81,T,0.3243863616572863,0.0,0.25527743994873303
1.0,1.0,1.0,1.0,3.8333783968780217,0.2551058192429214,0.2652887396569952,Feynman81,T,0.2652887396569952,0.0,0.2551058192429214
1.0,1.0,1.0,1.0,3.8336025632109276,0.25509155797219935,0.2619699974749309,Feynman81,T,0.2619699974749309,0.0,0.25509155797219935
1.0,1.0,1.0,1.0,3.836478934429922,0.25490870374876246,0.17278158422901846,Feynman81,T,0.17278158422901846,0.0,0.25490870374876246
1.0,1.0,1.0,1.0,3.83677983600291,0.254889589877972,0.2527121886365579,Feynman81,T,0.2527121886365579,0.0,0.254889589877972
1.0,1.0,1.0,1.0,3.839440876990154,0.2547206769693462,0.31028040695687625,Feynman81,T,0.31028040695687625,0.0,0.2547206769693462
1.0,1.0,1.0,1.0,3.839649504367479,0.2547074433260416,0.22296540482986113,Feynman81,T,0.22296540482986113,0.0,0.2547074433260416
1.0,1.0,1.0,1.0,3.8418951950302973,0.25456507973553477,0.26545975177648634,Feynman81,T,0.26545975177648634,0.0,0.25456507973553477
1.0,1.0,1.0,1.0,3.8437966957958887,0.2544446572063952,0.26914051001853917,Feynman81,T,0.26914051001853917,0.0,0.2544446572063952
1.0,1.0,1.0,1.0,3.8478689497737624,0.2541871342302708,0.26686134552754026,Feynman81,T,0.26686134552754026,0.0,0.2541871342302708
1.0,1.0,1.0,1.0,3.8526634146758134,0.25388459151284065,0.27099128833347025,Feynman81,T,0.27099128833347025,0.0,0.25388459151284065
1.0,1.0,1.0,1.0,3.853204694149966,0.2538504796054744,0.30586280562539403,Feynman81,T,0.30586280562539403,0.0,0.2538504796054744
1.0,1.0,1.0,1.0,3.856575515649236,0.2536382487862966,0.27027545493538174,Feynman81,T,0.27027545493538174,0.0,0.2536382487862966
1.0,1.0,1.0,1.0,3.8589133416485524,0.2534912599917064,0.21472843023220856,Feynman81,T,0.21472843023220856,0.0,0.2534912599917064
1.0,1.0,1.0,1.0,3.8599298305752128,0.25342740101787015,0.28046166896990515,Feynman81,T,0.28046166896990515,0.0,0.25342740101787015
1.0,1.0,1.0,1.0,3.863027709772116,0.25323297636308406,0.18354801597376288,Feynman81,T,0.18354801597376288,0.0,0.25323297636308406
1.0,1.0,1.0,1.0,3.864414991621421,0.2531460041968461,0.2484179847120462,Feynman81,T,0.2484179847120462,0.0,0.2531460041968461
1.0,1.0,1.0,1.0,3.8657731747393895,0.25306091281463877,0.2365578748618218,Feynman81,T,0.2365578748618218,0.0,0.25306091281463877
1.0,1.0,1.0,1.0,3.866188220102744,0.25303492099846714,0.20717711061673705,Feynman81,T,0.20717711061673705,0.0,0.25303492099846714
1.0,1.0,1.0,1.0,3.8665206525600486,0.25301410649719097,0.2558838409511769,Feynman81,T,0.2558838409511769,0.0,0.25301410649719097
1.0,1.0,1.0,1.0,3.867015398454908,0.2529831353023619,0.24560703610600199,Feynman81,T,0.24560703610600199,0.0,0.2529831353023619
1.0,1.0,1.0,1.0,3.8688310841525224,0.2528695364439931,0.2713601630999787,Feynman81,T,0.2713601630999787,0.0,0.2528695364439931
1.0,1.0,1.0,1.0,3.8765701288489076,0.2523864566536428,0.22591755129925037,Feynman81,T,0.22591755129925037,0.0,0.2523864566536428
1.0,1.0,1.0,1.0,3.877356799224132,0.25233745275391645,0.21950040122563472,Feynman81,T,0.21950040122563472,0.0,0.25233745275391645
1.0,1.0,1.0,1.0,3.877482320908738,0.25232963537657693,0.2548921643170824,Feynman81,T,0.2548921643170824,0.0,0.25232963537657693
1.0,1.0,1.0,1.0,3.8780144909299032,0.2522964975626684,0.292246767500019,Feynman81,T,0.292246767500019,0.0,0.2522964975626684
1.0,1.0,1.0,1.0,3.8783130268485,0.25227791168559743,0.2908730281449178,Feynman81,T,0.2908730281449178,0.0,0.25227791168559743
1.0,1.0,1.0,1.0,3.8819859673778407,0.25204946507022125,0.197965554735672,Feynman81,T,0.197965554735672,0.0,0.25204946507022125
1.0,1.0,1.0,1.0,3.8837740812226955,0.25193839562815146,0.22757860855621231,Feynman81,T,0.22757860855621231,0.0,0.25193839562815146
1.0,1.0,1.0,1.0,3.8838013133561335,0.25193670483210373,0.26479831463409,Feynman81,T,0.26479831463409,0.0,0.25193670483210373
1.0,1.0,1.0,1.0,3.8867603976695633,0.25175311241996196,0.17380543252746755,Feynman81,T,0.17380543252746755,0.0,0.25175311241996196
1.0,1.0,1.0,1.0,3.8941524126168954,0.2512956250726842,0.2575165003237236,Feynman81,T,0.2575165003237236,0.0,0.2512956250726842
1.0,1.0,1.0,1.0,3.8970362850275233,0.25111758421440955,0.28426612359116205,Feynman81,T,0.28426612359116205,0.0,0.25111758421440955
1.0,1.0,1.0,1.0,3.897670043188438,0.251078491092349,0.2715781277447693,Feynman81,T,0.2715781277447693,0.0,0.251078491092349
1.0,1.0,1.0,1.0,3.8977939328296043,0.25107085039849,0.21339433371568642,Feynman81,T,0.21339433371568642,0.0,0.25107085039849
1.0,1.0,1.0,1.0,3.898062091176054,0.2510543137210532,0.31404038606162016,Feynman81,T,0.31404038606162016,0.0,0.2510543137210532
1.0,1.0,1.0,1.0,3.900136025059248,0.25092649108787135,0.31301347308188116,Feynman81,T,0.31301347308188116,0.0,0.25092649108787135
1.0,1.0,1.0,1.0,3.9008610077241146,0.2508818382759615,0.2637306554301003,Feynman81,T,0.2637306554301003,0.0,0.2508818382759615
1.0,1.0,1.0,1.0,3.901585640251369,0.2508372225457845,0.22263265197787138,Feynman81,T,0.22263265197787138,0.0,0.2508372225457845
1.0,1.0,1.0,1.0,3.902732187273565,0.250766661149527,0.3156304873215785,Feynman81,T,0.3156304873215785,0.0,0.250766661149527
1.0,1.0,1.0,1.0,3.904776068239919,0.2506409717327458,0.2638330173021468,Feynman81,T,0.2638330173021468,0.0,0.2506409717327458
1.0,1.0,1.0,1.0,3.904922963126103,0.2506319431055939,0.12134994362779544,Feynman81,T,0.12134994362779544,0.0,0.2506319431055939
1.0,1.0,1.0,1.0,3.9052670338873683,0.25061079790974594,0.22367853851473007,Feynman81,T,0.22367853851473007,0.0,0.25061079790974594
1.0,1.0,1.0,1.0,3.9084162955124575,0.25041741893804303,0.31630621405957904,Feynman81,T,0.31630621405957904,0.0,0.25041741893804303
1.0,1.0,1.0,1.0,3.9107625278497338,0.2502735390976936,0.26212444523054607,Feynman81,T,0.26212444523054607,0.0,0.2502735390976936
1.0,1.0,1.0,1.0,3.9115280996113193,0.25022662630093967,0.18833183383131752,Feynman81,T,0.18833183383131752,0.0,0.25022662630093967
1.0,1.0,1.0,1.0,3.912212926775262,0.25018467594397537,0.13210397417980366,Feynman81,T,0.13210397417980366,0.0,0.25018467594397537
1.0,1.0,1.0,1.0,3.9166866401716645,0.24991096822680312,0.186497636551727,Feynman81,T,0.186497636551727,0.0,0.24991096822680312
1.0,1.0,1.0,1.0,3.917119615678603,0.2498845092755533,0.1842236147512608,Feynman81,T,0.1842236147512608,0.0,0.2498845092755533
1.0,1.0,1.0,1.0,3.9225243489737647,0.24955468853425367,0.25489786836231526,Feynman81,T,0.25489786836231526,0.0,0.24955468853425367
1.0,1.0,1.0,1.0,3.923646669675481,0.24948630624216872,0.2671493589185751,Feynman81,T,0.2671493589185751,0.0,0.24948630624216872
1.0,1.0,1.0,1.0,3.9255296052730975,0.24937166241313902,0.18867542322167302,Feynman81,T,0.18867542322167302,0.0,0.24937166241313902
1.0,1.0,1.0,1.0,3.9259533345472004,0.24934587755991675,0.34525302358323173,Feynman81,T,0.34525302358323173,0.0,0.24934587755991675
1.0,1.0,1.0,1.0,3.9273949341904815,0.24925819208811079,0.32939143672292837,Feynman81,T,0.32939143672292837,0.0,0.24925819208811079
1.0,1.0,1.0,1.0,3.9284498874007165,0.2491940626235166,0.3318821608552851,Feynman81,T,0.3318821608552851,0.0,0.2491940626235166
1.0,1.0,1.0,1.0,3.929490868108425,0.24913081414441682,0.30319034314746557,Feynman81,T,0.30319034314746557,0.0,0.24913081414441682
1.0,1.0,1.0,1.0,3.9321901706423787,0.24896695455336904,0.30762438137896475,Feynman81,T,0.30762438137896475,0.0,0.24896695455336904
1.0,1.0,1.0,1.0,3.9343303287641165,0.24883718719106543,0.11967197706408852,Feynman81,T,0.11967197706408852,0.0,0.24883718719106543
1.0,1.0,1.0,1.0,3.935875722775286,0.24874356523449084,0.18918684041441539,Feynman81,T,0.18918684041441539,0.0,0.24874356523449084
1.0,1.0,1.0,1.0,3.938571294900187,0.24858042874315484,0.2822820685864553,Feynman81,T,0.2822820685864553,0.0,0.24858042874315484
1.0,1.0,1.0,1.0,3.938752733831435,0.24856945554205734,0.30825744296874075,Feynman81,T,0.30825744296874075,0.0,0.24856945554205734
1.0,1.0,1.0,1.0,3.940300429674587,0.24847589130569564,0.3055265660325805,Feynman81,T,0.3055265660325805,0.0,0.24847589130569564
1.0,1.0,1.0,1.0,3.9406893773235048,0.24845238873368924,0.2815441292574492,Feynman81,T,0.2815441292574492,0.0,0.24845238873368924
1.0,1.0,1.0,1.0,3.9429981792852424,0.2483129663779214,0.23545006685366876,Feynman81,T,0.23545006685366876,0.0,0.2483129663779214
1.0,1.0,1.0,1.0,3.9435636142813606,0.2482788445947533,0.281325148153383,Feynman81,T,0.281325148153383,0.0,0.2482788445947533
1.0,1.0,1.0,1.0,3.9444388442859557,0.24822604597502732,0.3301008353243225,Feynman81,T,0.3301008353243225,0.0,0.24822604597502732
1.0,1.0,1.0,1.0,3.946226754825901,0.24811825772595006,0.24838764175140585,Feynman81,T,0.24838764175140585,0.0,0.24811825772595006
1.0,1.0,1.0,1.0,3.949198597200347,0.2479392958271621,0.19865314627713335,Feynman81,T,0.19865314627713335,0.0,0.2479392958271621
1.0,1.0,1.0,1.0,3.949258444124271,0.24793569448758346,0.2682398652853471,Feynman81,T,0.2682398652853471,0.0,0.24793569448758346
1.0,1.0,1.0,1.0,3.9495630040673486,0.2479173689186271,0.23789320654488047,Feynman81,T,0.23789320654488047,0.0,0.2479173689186271
1.0,1.0,1.0,1.0,3.9508899228153473,0.2478375582595057,0.22008864810496065,Feynman81,T,0.22008864810496065,0.0,0.2478375582595057
1.0,1.0,1.0,1.0,3.9509077716070133,0.2478364850442964,0.23679583520590466,Feynman81,T,0.23679583520590466,0.0,0.2478364850442964
1.0,1.0,1.0,1.0,3.9604936066752088,0.24726141654959272,0.1948115128740474,Feynman81,T,0.1948115128740474,0.0,0.24726141654959272
1.0,1.0,1.0,1.0,3.960691308826868,0.24724958357035048,0.21113177545675565,Feynman81,T,0.21113177545675565,0.0,0.24724958357035048
1.0,1.0,1.0,1.0,3.967872000668544,0.24682055022453392,0.24609425113844693,Feynman81,T,0.24609425113844693,0.0,0.24682055022453392
1.0,1.0,1.0,1.0,3.971064606642796,0.24663026509817734,0.25022507773875635,Feynman81,T,0.25022507773875635,0.0,0.24663026509817734
1.0,1.0,1.0,1.0,3.9711277558930442,0.24662650418202361,0.2255057549094628,Feynman81,T,0.2255057549094628,0.0,0.24662650418202361
1.0,1.0,1.0,1.0,3.9733600856612195,0.2464936276113921,0.2135423158226282,Feynman81,T,0.2135423158226282,0.0,0.2464936276113921
1.0,1.0,1.0,1.0,3.97721330589893,0.24626459880452287,0.1780361377666605,Feynman81,T,0.1780361377666605,0.0,0.24626459880452287
1.0,1.0,1.0,1.0,3.978696768545025,0.24617653527499064,0.3609093564191612,Feynman81,T,0.3609093564191612,0.0,0.24617653527499064
1.0,1.0,1.0,1.0,3.9789584938857607,0.24616100473655733,0.23449247194828676,Feynman81,T,0.23449247194828676,0.0,0.24616100473655733
1.0,1.0,1.0,1.0,3.981134627654152,0.24603194916593674,0.3553816308344626,Feynman81,T,0.3553816308344626,0.0,0.24603194916593674
1.0,1.0,1.0,1.0,3.985894844961061,0.245750105525143,0.22481905826012838,Feynman81,T,0.22481905826012838,0.0,0.245750105525143
1.0,1.0,1.0,1.0,3.9866939439493785,0.24570285426394878,0.3130075352182221,Feynman81,T,0.3130075352182221,0.0,0.24570285426394878
1.0,1.0,1.0,1.0,3.987648907857135,0.24564640991332035,0.25988095788516297,Feynman81,T,0.25988095788516297,0.0,0.24564640991332035
1.0,1.0,1.0,1.0,3.9890425245956576,0.24556408394231546,0.23157899676646765,Feynman81,T,0.23157899676646765,0.0,0.24556408394231546
1.0,1.0,1.0,1.0,3.9892382437048908,0.2455525264308089,0.20374768477116958,Feynman81,T,0.20374768477116958,0.0,0.2455525264308089
1.0,1.0,1.0,1.0,3.9900734775096787,0.2455032165619811,0.19060477191359698,Feynman81,T,0.19060477191359698,0.0,0.2455032165619811
1.0,1.0,1.0,1.0,3.9960966435455996,0.2451481984887978,0.21942077456297285,Feynman81,T,0.21942077456297285,0.0,0.2451481984887978
1.0,1.0,1.0,1.0,3.997661425919253,0.2450561312495133,0.3089007149331808,Feynman81,T,0.3089007149331808,0.0,0.2450561312495133
1.0,1.0,1.0,1.0,3.9980712338393736,0.24503203052310807,0.2913413342649916,Feynman81,T,0.2913413342649916,0.0,0.24503203052310807
1.0,1.0,1.0,1.0,3.9980888152469625,0.24503099666760175,0.26334528835820614,Feynman81,T,0.26334528835820614,0.0,0.24503099666760175
1.0,1.0,1.0,1.0,4.000461459387438,0.24489155417229824,0.2960947421274576,Feynman81,T,0.2960947421274576,0.0,0.24489155417229824
1.0,1.0,1.0,1.0,4.0017416719462515,0.24481637936986736,0.34610870193774057,Feynman81,T,0.34610870193774057,0.0,0.24481637936986736
1.0,1.0,1.0,1.0,4.003850088592902,0.24469267033370815,0.31277095638300867,Feynman81,T,0.31277095638300867,0.0,0.24469267033370815
1.0,1.0,1.0,1.0,4.003923703604669,0.24468835326357982,0.27090643673492076,Feynman81,T,0.27090643673492076,0.0,0.24468835326357982
1.0,1.0,1.0,1.0,4.004612541721125,0.24464796434300348,0.20770040489446712,Feynman81,T,0.20770040489446712,0.0,0.24464796434300348
1.0,1.0,1.0,1.0,4.006601863566169,0.24453139684678948,0.21409962709769056,Feynman81,T,0.21409962709769056,0.0,0.24453139684678948
1.0,1.0,1.0,1.0,4.008228690065774,0.24443615110003555,0.23443264465463687,Feynman81,T,0.23443264465463687,0.0,0.24443615110003555
1.0,1.0,1.0,1.0,4.00880354549286,0.2444025124191771,0.2474351640372541,Feynman81,T,0.2474351640372541,0.0,0.2444025124191771
1.0,1.0,1.0,1.0,4.009517422222416,0.24436075126961715,0.19999096148553314,Feynman81,T,0.19999096148553314,0.0,0.24436075126961715
1.0,1.0,1.0,1.0,4.0105622693649154,0.24429965381777843,0.24879401104891713,Feynman81,T,0.24879401104891713,0.0,0.24429965381777843
1.0,1.0,1.0,1.0,4.010923776736851,0.2442785216295089,0.2623639441085223,Feynman81,T,0.2623639441085223,0.0,0.2442785216295089
1.0,1.0,1.0,1.0,4.015522059171281,0.24401003734736745,0.2606283895328904,Feynman81,T,0.2606283895328904,0.0,0.24401003734736745
1.0,1.0,1.0,1.0,4.016387305028074,0.24395958196224893,0.31676954732250745,Feynman81,T,0.31676954732250745,0.0,0.24395958196224893
1.0,1.0,1.0,1.0,4.016593595103284,0.2439475555109974,0.25617470356130917,Feynman81,T,0.25617470356130917,0.0,0.2439475555109974
1.0,1.0,1.0,1.0,4.017024693465585,0.24392242676573953,0.10255606582037927,Feynman81,T,0.10255606582037927,0.0,0.24392242676573953
1.0,1.0,1.0,1.0,4.017694600507795,0.24388338790175895,0.21261268593864666,Feynman81,T,0.21261268593864666,0.0,0.24388338790175895
1.0,1.0,1.0,1.0,4.019427015552534,0.24378248801316993,0.24426339623802473,Feynman81,T,0.24426339623802473,0.0,0.24378248801316993
1.0,1.0,1.0,1.0,4.021277027069327,0.2436748292028373,0.14226406895882676,Feynman81,T,0.14226406895882676,0.0,0.2436748292028373
1.0,1.0,1.0,1.0,4.021553568983473,0.24365874423035938,0.2064093385146613,Feynman81,T,0.2064093385146613,0.0,0.24365874423035938
1.0,1.0,1.0,1.0,4.023602297953965,0.24353964525720284,0.2841000219887483,Feynman81,T,0.2841000219887483,0.0,0.24353964525720284
1.0,1.0,1.0,1.0,4.024941325753671,0.24346186496968852,0.2789714147541529,Feynman81,T,0.2789714147541529,0.0,0.24346186496968852
1.0,1.0,1.0,1.0,4.029062604950887,0.24322277650390667,0.24578358375897189,Feynman81,T,0.24578358375897189,0.0,0.24322277650390667
1.0,1.0,1.0,1.0,4.030396292032064,0.24314550348787758,0.19121567408044418,Feynman81,T,0.19121567408044418,0.0,0.24314550348787758
1.0,1.0,1.0,1.0,4.033950880560923,0.24293978732361537,0.27132907367877823,Feynman81,T,0.27132907367877823,0.0,0.24293978732361537
1.0,1.0,1.0,1.0,4.035150563350172,0.24287043446501172,0.2968193802125638,Feynman81,T,0.2968193802125638,0.0,0.24287043446501172
1.0,1.0,1.0,1.0,4.035574180149137,0.24284595471932782,0.18752072081604712,Feynman81,T,0.18752072081604712,0.0,0.24284595471932782
1.0,1.0,1.0,1.0,4.036128196822574,0.24281394678216364,0.2184615298742093,Feynman81,T,0.2184615298742093,0.0,0.24281394678216364
1.0,1.0,1.0,1.0,4.037605716149514,0.24272862447391638,0.21364164133633207,Feynman81,T,0.21364164133633207,0.0,0.24272862447391638
1.0,1.0,1.0,1.0,4.038104738805204,0.2426998206699614,0.3020990316507678,Feynman81,T,0.3020990316507678,0.0,0.2426998206699614
1.0,1.0,1.0,1.0,4.039028165746847,0.2426465377099833,0.16449721024270436,Feynman81,T,0.16449721024270436,0.0,0.2426465377099833
1.0,1.0,1.0,1.0,4.040668853477085,0.24255192431849196,0.29973963023560923,Feynman81,T,0.29973963023560923,0.0,0.24255192431849196
1.0,1.0,1.0,1.0,4.040728718251533,0.2425484734675908,0.2420952167548622,Feynman81,T,0.2420952167548622,0.0,0.2425484734675908
1.0,1.0,1.0,1.0,4.040933039519495,0.24253669627627106,0.2239955107750756,Feynman81,T,0.2239955107750756,0.0,0.24253669627627106
1.0,1.0,1.0,1.0,4.041610912735052,0.24249763130476268,0.22824235030553244,Feynman81,T,0.22824235030553244,0.0,0.24249763130476268
1.0,1.0,1.0,1.0,4.0424678356119905,0.24244826555349913,0.2866129476208516,Feynman81,T,0.2866129476208516,0.0,0.24244826555349913
1.0,1.0,1.0,1.0,4.0501616132600375,0.24200592091683382,0.11420308560120887,Feynman81,T,0.11420308560120887,0.0,0.24200592091683382
1.0,1.0,1.0,1.0,4.052346969999398,0.2418805644230131,0.3160767894375917,Feynman81,T,0.3160767894375917,0.0,0.2418805644230131
1.0,1.0,1.0,1.0,4.053923621209968,0.24179020343212035,0.34012576553443225,Feynman81,T,0.34012576553443225,0.0,0.24179020343212035
1.0,1.0,1.0,1.0,4.058205465415703,0.24154513565572752,0.26161466314166165,Feynman81,T,0.26161466314166165,0.0,0.24154513565572752
1.0,1.0,1.0,1.0,4.059535293392696,0.24146912301278456,0.2875431594923528,Feynman81,T,0.2875431594923528,0.0,0.24146912301278456
1.0,1.0,1.0,1.0,4.059765407082105,0.24145597452382261,0.23716441657859047,Feynman81,T,0.23716441657859047,0.0,0.24145597452382261
1.0,1.0,1.0,1.0,4.063404239085834,0.24124824114877338,0.20774390863656028,Feynman81,T,0.20774390863656028,0.0,0.24124824114877338
1.0,1.0,1.0,1.0,4.065535295547388,0.24112674596520928,0.3038287478490602,Feynman81,T,0.3038287478490602,0.0,0.24112674596520928
1.0,1.0,1.0,1.0,4.065780433885267,0.24111277789162985,0.13771136050385813,Feynman81,T,0.13771136050385813,0.0,0.24111277789162985
1.0,1.0,1.0,1.0,4.067596630463338,0.24100933967173116,0.3124763376914654,Feynman81,T,0.3124763376914654,0.0,0.24100933967173116
1.0,1.0,1.0,1.0,4.067952150045818,0.24098910186039,0.29701537671842226,Feynman81,T,0.29701537671842226,0.0,0.24098910186039
1.0,1.0,1.0,1.0,4.076906476686243,0.24048047557955188,0.2362298483382855,Feynman81,T,0.2362298483382855,0.0,0.24048047557955188
1.0,1.0,1.0,1.0,4.076929623057796,0.24047916353682625,0.1842032333252858,Feynman81,T,0.1842032333252858,0.0,0.24047916353682625
1.0,1.0,1.0,1.0,4.082717879166898,0.24015149810805467,0.21087163624745944,Feynman81,T,0.21087163624745944,0.0,0.24015149810805467
1.0,1.0,1.0,1.0,4.085013805964541,0.24002177084763524,0.24904667996936838,Feynman81,T,0.24904667996936838,0.0,0.24002177084763524
1.0,1.0,1.0,1.0,4.085687163915209,0.239983749980251,0.20245861529680767,Feynman81,T,0.20245861529680767,0.0,0.239983749980251
1.0,1.0,1.0,1.0,4.087799636151731,0.23986454666023338,0.20101405076129242,Feynman81,T,0.20101405076129242,0.0,0.23986454666023338
1.0,1.0,1.0,1.0,4.088250583221971,0.23983911548074388,0.21349579679773914,Feynman81,T,0.21349579679773914,0.0,0.23983911548074388
1.0,1.0,1.0,1.0,4.088792908065699,0.23980853804170088,0.24521752780298953,Feynman81,T,0.24521752780298953,0.0,0.23980853804170088
1.0,1.0,1.0,1.0,4.09112110187764,0.23967735618186192,0.20194127661287178,Feynman81,T,0.20194127661287178,0.0,0.23967735618186192
1.0,1.0,1.0,1.0,4.091663534211306,0.23964681306973076,0.2030032621847187,Feynman81,T,0.2030032621847187,0.0,0.23964681306973076
1.0,1.0,1.0,1.0,4.091932850555646,0.2396316513204104,0.29463446741777305,Feynman81,T,0.29463446741777305,0.0,0.2396316513204104
1.0,1.0,1.0,1.0,4.098138864380371,0.23928279005343422,0.35820557499900346,Feynman81,T,0.35820557499900346,0.0,0.23928279005343422
1.0,1.0,1.0,1.0,4.100226565230494,0.23916565677141702,0.1834616266609989,Feynman81,T,0.1834616266609989,0.0,0.23916565677141702
1.0,1.0,1.0,1.0,4.10117096619973,0.23911270676655094,0.26140011965663607,Feynman81,T,0.26140011965663607,0.0,0.23911270676655094
1.0,1.0,1.0,1.0,4.101429921339552,0.23909819186459716,0.3365274262784773,Feynman81,T,0.3365274262784773,0.0,0.23909819186459716
1.0,1.0,1.0,1.0,4.10158481278456,0.2390895107450867,0.20241962294805144,Feynman81,T,0.20241962294805144,0.0,0.2390895107450867
1.0,1.0,1.0,1.0,4.10281100346573,0.2390208088652997,0.18098690986040372,Feynman81,T,0.18098690986040372,0.0,0.2390208088652997
1.0,1.0,1.0,1.0,4.103899515807985,0.23895985332020114,0.20554431392729072,Feynman81,T,0.20554431392729072,0.0,0.23895985332020114
1.0,1.0,1.0,1.0,4.10780176897341,0.23874158130290382,0.226458138957861,Feynman81,T,0.226458138957861,0.0,0.23874158130290382
1.0,1.0,1.0,1.0,4.110161365695122,0.23860978696697877,0.20838155449370174,Feynman81,T,0.20838155449370174,0.0,0.23860978696697877
1.0,1.0,1.0,1.0,4.114680212106181,0.23835778606420877,0.2417103067760128,Feynman81,T,0.2417103067760128,0.0,0.23835778606420877
1.0,1.0,1.0,1.0,4.115799466134275,0.23829544957225318,0.3402900007577563,Feynman81,T,0.3402900007577563,0.0,0.23829544957225318
1.0,1.0,1.0,1.0,4.116570923115493,0.23825250211621088,0.22945177492973629,Feynman81,T,0.22945177492973629,0.0,0.23825250211621088
1.0,1.0,1.0,1.0,4.119376111961541,0.23809646338202217,0.2987161319127616,Feynman81,T,0.2987161319127616,0.0,0.23809646338202217
1.0,1.0,1.0,1.0,4.120268808792518,0.23804684907760826,0.24230017887092348,Feynman81,T,0.24230017887092348,0.0,0.23804684907760826
1.0,1.0,1.0,1.0,4.120522032023515,0.23803277912465956,0.2354741078548624,Feynman81,T,0.2354741078548624,0.0,0.23803277912465956
1.0,1.0,1.0,1.0,4.121292406351283,0.23798998449681452,0.18000273095863573,Feynman81,T,0.18000273095863573,0.0,0.23798998449681452
1.0,1.0,1.0,1.0,4.1225529937097924,0.23791999082928167,0.30396126421801395,Feynman81,T,0.30396126421801395,0.0,0.23791999082928167
1.0,1.0,1.0,1.0,4.124907793444193,0.2377893493956375,0.366101548764446,Feynman81,T,0.366101548764446,0.0,0.2377893493956375
1.0,1.0,1.0,1.0,4.125477391482188,0.2377577698963805,0.25939124131118735,Feynman81,T,0.25939124131118735,0.0,0.2377577698963805
1.0,1.0,1.0,1.0,4.126081304740401,0.23772429687601573,0.3036602823367601,Feynman81,T,0.3036602823367601,0.0,0.23772429687601573
1.0,1.0,1.0,1.0,4.1261229117948925,0.23772199106730693,0.2746344391291839,Feynman81,T,0.2746344391291839,0.0,0.23772199106730693
1.0,1.0,1.0,1.0,4.128764282704026,0.23757569938207296,0.25505805095479905,Feynman81,T,0.25505805095479905,0.0,0.23757569938207296
1.0,1.0,1.0,1.0,4.131727405326183,0.2374117973661044,0.27561194315804116,Feynman81,T,0.27561194315804116,0.0,0.2374117973661044
1.0,1.0,1.0,1.0,4.134049262701657,0.2372835210206935,0.29405955601473244,Feynman81,T,0.29405955601473244,0.0,0.2372835210206935
1.0,1.0,1.0,1.0,4.1392030579900005,0.23699927252937203,0.26475664507193236,Feynman81,T,0.26475664507193236,0.0,0.23699927252937203
1.0,1.0,1.0,1.0,4.140648791182526,0.23691965547566227,0.21253137124425747,Feynman81,T,0.21253137124425747,0.0,0.23691965547566227
1.0,1.0,1.0,1.0,4.141852452355241,0.23685340939162955,0.31645851161116256,Feynman81,T,0.31645851161116256,0.0,0.23685340939162955
1.0,1.0,1.0,1.0,4.141942665584011,0.23684844577466924,0.1823461563985153,Feynman81,T,0.1823461563985153,0.0,0.23684844577466924
1.0,1.0,1.0,1.0,4.144610791747012,0.23670173507448605,0.2131735616517797,Feynman81,T,0.2131735616517797,0.0,0.23670173507448605
1.0,1.0,1.0,1.0,4.144684622428985,0.2366976779220646,0.1321327054089373,Feynman81,T,0.1321327054089373,0.0,0.2366976779220646
1.0,1.0,1.0,1.0,4.146258113298251,0.23661124365711173,0.20120367065074166,Feynman81,T,0.20120367065074166,0.0,0.23661124365711173
1.0,1.0,1.0,1.0,4.1471957416615854,0.23655976770111867,0.23113781804827888,Feynman81,T,0.23113781804827888,0.0,0.23655976770111867
1.0,1.0,1.0,1.0,4.148175967554069,0.23650597659512956,0.2373191170319009,Feynman81,T,0.2373191170319009,0.0,0.23650597659512956
1.0,1.0,1.0,1.0,4.15122707923645,0.23633869641032398,0.2531962319620115,Feynman81,T,0.2531962319620115,0.0,0.23633869641032398
1.0,1.0,1.0,1.0,4.154550784238799,0.2361567347333104,0.14955070271662807,Feynman81,T,0.14955070271662807,0.0,0.2361567347333104
1.0,1.0,1.0,1.0,4.164336564854384,0.23562258705805314,0.22691599485882094,Feynman81,T,0.22691599485882094,0.0,0.23562258705805314
1.0,1.0,1.0,1.0,4.166007647047351,0.23553160925069855,0.22073543032049722,Feynman81,T,0.22073543032049722,0.0,0.23553160925069855
1.0,1.0,1.0,1.0,4.169326338949417,0.23535113555313317,0.24200876299816373,Feynman81,T,0.24200876299816373,0.0,0.23535113555313317
1.0,1.0,1.0,1.0,4.1720707358392035,0.23520209722999474,0.10722125208055364,Feynman81,T,0.10722125208055364,0.0,0.23520209722999474
1.0,1.0,1.0,1.0,4.174438684417174,0.23507365107386638,0.26799570849069576,Feynman81,T,0.26799570849069576,0.0,0.23507365107386638
1.0,1.0,1.0,1.0,4.178369376038897,0.23486073937055074,0.19875819882885598,Feynman81,T,0.19875819882885598,0.0,0.23486073937055074
1.0,1.0,1.0,1.0,4.181853582394865,0.2346723280388025,0.20820345820014335,Feynman81,T,0.20820345820014335,0.0,0.2346723280388025
1.0,1.0,1.0,1.0,4.182335206697953,0.23464630711743448,0.16166712410242007,Feynman81,T,0.16166712410242007,0.0,0.23464630711743448
1.0,1.0,1.0,1.0,4.187444656671639,0.23437060462235215,0.2785697238702597,Feynman81,T,0.2785697238702597,0.0,0.23437060462235215
1.0,1.0,1.0,1.0,4.188004616071403,0.2343404282015343,0.24609369654244026,Feynman81,T,0.24609369654244026,0.0,0.2343404282015343
1.0,1.0,1.0,1.0,4.188650318163676,0.23430564053069683,0.27489332876268247,Feynman81,T,0.27489332876268247,0.0,0.23430564053069683
1.0,1.0,1.0,1.0,4.189406643538714,0.234264905823795,0.27057197919764614,Feynman81,T,0.27057197919764614,0.0,0.234264905823795
1.0,1.0,1.0,1.0,4.191447169138047,0.23415507498832214,0.25750489459102177,Feynman81,T,0.25750489459102177,1.2516040925129377e-22,0.23415507498832214
1.0,1.0,1.0,1.0,4.195046468971688,0.23396158939349726,0.2552012253380517,Feynman81,T,0.2552012253380517,3.301983389611284e-22,0.23396158939349726
1.0,1.0,1.0,1.0,4.1979177388973055,0.23380746475430886,0.24225799429460826,Feynman81,T,0.24225799429460826,6.6524045587256935e-22,0.23380746475430886
1.0,1.0,1.0,1.0,4.20231227012937,0.2335719593342768,0.2847855088147422,Feynman81,T,0.2847855088147422,1.2113282250327159e-21,0.2335719593342768
1.0,1.0,1.0,1.0,4.203247357328313,0.23352190748987336,0.3264702573110767,Feynman81,T,0.3264702573110767,2.099144762704443e-21,0.23352190748987336
1.0,1.0,1.0,1.0,4.205710524101459,0.23339016367538465,0.1511730851298987,Feynman81,T,0.1511730851298987,3.53887667267058e-21,0.23339016367538465
1.0,1.0,1.0,1.0,4.21021036260587,0.2331498633425232,0.27659676184772514,Feynman81,T,0.27659676184772514,5.867705300882352e-21,0.2331498633425232
1.0,1.0,1.0,1.0,4.212122116655671,0.23304791866842237,0.25715763524690993,Feynman81,T,0.25715763524690993,9.625134562524033e-21,0.23304791866842237
1.0,1.0,1.0,1.0,4.213282923850761,0.23298606103238076,0.23564657584060045,Feynman81,T,0.23564657584060045,1.5672153859776495e-20,0.23298606103238076
1.0,1.0,1.0,1.0,4.21363710712316,0.23296719355947312,0.24610534532432415,Feynman81,T,0.24610534532432415,2.5379243308651026e-20,0.23296719355947312
1.0,1.0,1.0,1.0,4.214161780862864,0.23293924950341252,0.19377646453765168,Feynman81,T,0.19377646453765168,4.092220292848585e-20,0.23293924950341252
1.0,1.0,1.0,1.0,4.216550367642965,0.23281211671767307,0.2170805304973993,Feynman81,T,0.2170805304973993,6.574640446004352e-20,0.23281211671767307
1.0,1.0,1.0,1.0,4.216820673471156,0.23279773823192182,0.22402364048348314,Feynman81,T,0.22402364048348314,1.0529341055101342e-19,0.23279773823192182
1.0,1.0,1.0,1.0,4.217654328334012,0.23275340426276495,0.3199533872256902,Feynman81,T,0.3199533872256902,1.6813520159281651e-19,0.23275340426276495
1.0,1.0,1.0,1.0,4.218234964345225,0.2327225356795552,0.2282915818077255,Feynman81,T,0.2282915818077255,2.677399367352648e-19,0.2327225356795552
1.0,1.0,1.0,1.0,4.219089094083667,0.23267714183062413,0.2250663304402107,Feynman81,T,0.2250663304402107,4.25213540657361e-19,0.23267714183062413
1.0,1.0,1.0,1.0,4.220756229328594,0.23258858974303043,0.3053404743786875,Feynman81,T,0.3053404743786875,6.735450118842438e-19,0.23258858974303043
1.0,1.0,1.0,1.0,4.221294774121748,0.23255999834908245,0.24929182376380882,Feynman81,T,0.24929182376380882,1.0641626308999123e-18,0.23255999834908245
1.0,1.0,1.0,1.0,4.229844585057338,0.23210700976904935,0.2960175580189324,Feynman81,T,0.2960175580189324,1.6770318713032347e-18,0.23210700976904935
1.0,1.0,1.0,1.0,4.230458653628279,0.23207454161520297,0.2232217135456615,Feynman81,T,0.2232217135456615,2.6361665758823178e-18,0.23207454161520297
1.0,1.0,1.0,1.0,4.23377621777672,0.23189928327719145,0.14403507121554968,Feynman81,T,0.14403507121554968,4.133391411574484e-18,0.23189928327719145
1.0,1.0,1.0,1.0,4.234175179732961,0.2318782246344023,0.22549177303548867,Feynman81,T,0.22549177303548867,6.4646471913056725e-18,0.2318782246344023
1.0,1.0,1.0,1.0,4.235426678100314,0.23181219039498618,0.19497398380712272,Feynman81,T,0.19497398380712272,1.0085310682656119e-17,0.23181219039498618
1.0,1.0,1.0,1.0,4.236174211511159,0.23177276502920968,0.276387989730004,Feynman81,T,0.276387989730004,1.5694260806428085e-17,0.23177276502920968
1.0,1.0,1.0,1.0,4.236322157967257,0.23176496380244574,0.2517467154528933,Feynman81,T,0.2517467154528933,2.4361285099002807e-17,0.23176496380244574
1.0,1.0,1.0,1.0,4.237411850324772,0.2317075201143893,0.2387197973590791,Feynman81,T,0.2387197973590791,3.7719650202838394e-17,0.2317075201143893
1.0,1.0,1.0,1.0,4.239074337887265,0.23161993502387038,0.13408686240289686,Feynman81,T,0.13408686240289686,5.825638055304998e-17,0.23161993502387038
1.0,1.0,1.0,1.0,4.240674142621643,0.23153571355865973,0.3351401067820312,Feynman81,T,0.3351401067820312,8.974864012094707e-17,0.23153571355865973
1.0,1.0,1.0,1.0,4.243217483125272,0.23140194340584203,0.17506668129505165,Feynman81,T,0.17506668129505168,1.3791798110400894e-16,0.23140194340584205
1.0,1.0,1.0,1.0,4.248685240072658,0.23111487266146577,0.25148053187621405,Feynman81,T,0.2514805318762141,2.1140857812988949e-16,0.2311148726614658
1.0,1.0,1.0,1.0,4.250118165279315,0.23103975605459823,0.27110173103335,Feynman81,T,0.27110173103335006,3.232459260394069e-16,0.23103975605459828
1.0,1.0,1.0,1.0,4.250330393019933,0.23102863475348887,0.34346989124803945,Feynman81,T,0.3434698912480395,4.930060872366512e-16,0.23102863475348895
1.0,1.0,1.0,1.0,4.25110857261291,0.23098786504612717,0.29402325125517526,Feynman81,T,0.29402325125517537,7.500328531057801e-16,0.23098786504612728
1.0,1.0,1.0,1.0,4.2554350749699505,0.23076145185395547,0.28455588320532527,Feynman81,T,0.28455588320532543,1.1381960829346605e-15,0.23076145185395563
1.0,1.0,1.0,1.0,4.256597915943219,0.23070067263888552,0.23370117807102883,Feynman81,T,0.2337011780710291,1.722910382111745e-15,0.23070067263888577
1.0,1.0,1.0,1.0,4.260863808185813,0.23047797226351127,0.1964022821462041,Feynman81,T,0.19640228214620448,2.6014596582399093e-15,0.23047797226351166
1.0,1.0,1.0,1.0,4.262677980980737,0.23038339137974106,0.21697715942476806,Feynman81,T,0.21697715942476867,3.918143268547572e-15,0.23038339137974165
1.0,1.0,1.0,1.0,4.268271271748101,0.23009226705427432,0.25189985611757004,Feynman81,T,0.25189985611757093,5.886434823150254e-15,0.23009226705427518
1.0,1.0,1.0,1.0,4.268912785380616,0.23005892314755708,0.2891784158994911,Feynman81,T,0.28917841589949245,8.821311933316208e-15,0.23005892314755838
1.0,1.0,1.0,1.0,4.271177971112064,0.2299412615654668,0.34430883727580386,Feynman81,T,0.34430883727580586,1.3186296369999851e-14,0.22994126156546874
1.0,1.0,1.0,1.0,4.273665803445015,0.2298121709370678,0.2761926908064435,Feynman81,T,0.2761926908064465,1.96617105867349e-14,0.22981217093707068
1.0,1.0,1.0,1.0,4.274347789985681,0.22977680830733882,0.20525758044693673,Feynman81,T,0.20525758044694123,2.924344814793884e-14,0.22977680830734312
1.0,1.0,1.0,1.0,4.2779233748389185,0.22959158031076796,0.18600564423290408,Feynman81,T,0.18600564423291074,4.3385506762894513e-14,0.22959158031077434
1.0,1.0,1.0,1.0,4.27947424952275,0.2295113305706045,0.2423179227115105,Feynman81,T,0.24231792271152036,6.420510843520182e-14,0.22951133057061396
1.0,1.0,1.0,1.0,4.281067344579085,0.22942895343798575,0.32601366524213504,Feynman81,T,0.3260136652421496,9.477707632109553e-14,0.2294289534379997
1.0,1.0,1.0,1.0,4.281586368395561,0.2294021278368528,0.18573941671469169,Feynman81,T,0.1857394167147131,1.3955514287786417e-13,0.22940212783687336
1.0,1.0,1.0,1.0,4.286845352825631,0.22913066545210004,0.35069587648207745,Feynman81,T,0.3506958764821089,2.0497325534577244e-13,0.22913066545213023
1.0,1.0,1.0,1.0,4.287974950627678,0.22907243921553924,0.2678479623576193,Feynman81,T,0.2678479623576654,3.0030140631826815e-13,0.22907243921558348
1.0,1.0,1.0,1.0,4.28951343058,0.22899318343593153,0.23159627514174785,Feynman81,T,0.23159627514181522,4.3886035302380287e-13,0.2289931834359962
1.0,1.0,1.0,1.0,4.290914913742064,0.22892103196105923,0.22897969807295754,Feynman81,T,0.22897969807305574,6.397409411257611e-13,0.2289210319611535
1.0,1.0,1.0,1.0,4.293815942098087,0.22877182223533946,0.18545022293971075,Feynman81,T,0.18545022293985353,9.302308886882713e-13,0.2287718222354765
1.0,1.0,1.0,1.0,4.294827523652138,0.22871983803930707,0.24834162778678534,Feynman81,T,0.24834162778699242,1.3492306006282667e-12,0.22871983803950585
1.0,1.0,1.0,1.0,4.297161972376474,0.22859996142149774,0.222458410678158,Feynman81,T,0.22245841067845762,1.952047688410108e-12,0.22859996142178535
1.0,1.0,1.0,1.0,4.3018363590833,0.2283602966077654,0.3442086534553443,Feynman81,T,0.34420865345577667,2.817107881899311e-12,0.22836029660818047
1.0,1.0,1.0,1.0,4.303693548955035,0.22826521174918904,0.20675007799958078,Feynman81,T,0.2067500780002032,4.055322048522577e-12,0.2282652117497865
1.0,1.0,1.0,1.0,4.304453535922045,0.2282263241548865,0.12010996557798495,Feynman81,T,0.12010996557887871,5.823123939494864e-12,0.22822632415574443
1.0,1.0,1.0,1.0,4.311801256971233,0.227851019904765,0.20326579259344946,Feynman81,T,0.2032657925947296,8.34056619080223e-12,0.22785101990599382
1.0,1.0,1.0,1.0,4.313045266680167,0.22778759871061485,0.1784560404036872,Feynman81,T,0.1784560404055162,1.1916366378718037e-11,0.2277875987123705
1.0,1.0,1.0,1.0,4.3159043182172745,0.2276419718908898,0.16104679801770833,Feynman81,T,0.16104679802031488,1.6982474705647006e-11,0.22764197189339186
1.0,1.0,1.0,1.0,4.316288769700489,0.22762240365504927,0.25929094768359284,Feynman81,T,0.2592909476872982,2.4141648369836696e-11,0.22762240365860612
1.0,1.0,1.0,1.0,4.316959775361781,0.22758825797839474,0.2797903314026885,Feynman81,T,0.2797903314079427,3.423274131542101e-11,0.22758825798343832
1.0,1.0,1.0,1.0,4.318479688663066,0.2275109508426686,0.2918755689380336,Feynman81,T,0.2918755689454654,4.842005197302908e-11,0.2275109508498024
1.0,1.0,1.0,1.0,4.319571401952915,0.2274554549875639,0.16441739805677896,Feynman81,T,0.16441739806726433,6.8315246374923e-11,0.22745545499762893
1.0,1.0,1.0,1.0,4.322526231768844,0.22730538319230884,0.22084490297779233,Feynman81,T,0.22084490299254889,9.614325940216497e-11,0.22730538320647384
1.0,1.0,1.0,1.0,4.325002428397722,0.2271797701501659,0.16988961283583004,Feynman81,T,0.1698896128565455,1.3496739271789798e-10,0.22717977017005095
1.0,1.0,1.0,1.0,4.325657086150251,0.22714658330316365,0.18542111687293744,Feynman81,T,0.18542111690194515,1.8899385779541676e-10,0.2271465833310085
1.0,1.0,1.0,1.0,4.326978731689405,0.2270796135520761,0.11935287996491611,Feynman81,T,0.11935288000543348,2.639826209689259e-10,0.22707961359096923
1.0,1.0,1.0,1.0,4.32788612627773,0.2270336569531697,0.22575768251488823,Feynman81,T,0.22575768257134002,3.6780006154615677e-10,0.2270336570073585
1.0,1.0,1.0,1.0,4.329180985390952,0.2269681081414468,0.30871606502760607,Feynman81,T,0.3087160651060615,5.111602494071341e-10,0.22696810821675714
1.0,1.0,1.0,1.0,4.331065698799307,0.2268727658909455,0.18698157884062086,Feynman81,T,0.18698157894938283,7.086163421761009e-10,0.22687276599534748
1.0,1.0,1.0,1.0,4.333675460970251,0.226740875252538,0.16705329925141688,Feynman81,T,0.16705329940181415,9.798826522422715e-10,0.22674087539690624
1.0,1.0,1.0,1.0,4.336620749570525,0.22659220867381,0.24318345351416534,Feynman81,T,0.2431834537216145,1.3515925487951437e-09,0.22659220887294307
1.0,1.0,1.0,1.0,4.33808618818323,0.22651831037849332,0.3642267539386276,Feynman81,T,0.3642267542240527,1.859629056778766e-09,0.22651831065247652
1.0,1.0,1.0,1.0,4.341451402508882,0.22634879025667798,0.1734283240158107,Feynman81,T,0.17342832440753597,2.552205690590681e-09,0.22634879063269997
1.0,1.0,1.0,1.0,4.341774528643313,0.2263325261289705,0.2914021625339283,Feynman81,T,0.2914021630701937,3.4939270783654448e-09,0.22633252664373837
1.0,1.0,1.0,1.0,4.342676631278713,0.226287132125968,0.32902672802435007,Feynman81,T,0.3290267287566462,4.7711252230510284e-09,0.22628713282890822
1.0,1.0,1.0,1.0,4.343012963786329,0.22627021237481956,0.15663500538174296,Feynman81,T,0.1566350063792191,6.4988514273497134e-09,0.22627021333230946
1.0,1.0,1.0,1.0,4.343769638615139,0.2262321557022996,0.18248187892227408,Feynman81,T,0.1824818802775481,8.830010428760885e-09,0.2262321570032442
1.0,1.0,1.0,1.0,4.344112879649504,0.22621489666845881,0.3264145748292522,Feynman81,T,0.32641457666604656,1.1967257591542953e-08,0.22621489843162085
1.0,1.0,1.0,1.0,4.345798307348864,0.22613018657102193,0.1672515490267652,Feynman81,T,0.16725155150991416,1.6178448714843518e-08,0.2261301889546279
1.0,1.0,1.0,1.0,4.34736813391558,0.22605134262705784,0.19150274886093632,Feynman81,T,0.1915027522094635,2.1816643179157303e-08,0.22605134584135123
1.0,1.0,1.0,1.0,4.350053480639819,0.22591659717973098,0.22243080911320828,Feynman81,T,0.22243081361736708,2.9345924465301753e-08,0.2259166015033297
1.0,1.0,1.0,1.0,4.35273561933338,0.2257821700511832,0.24445898406868927,Feynman81,T,0.24445899011210367,3.937462918432346e-08,0.22578217585233276
1.0,1.0,1.0,1.0,4.353141310001234,0.22576185076107114,0.24292824880812586,Feynman81,T,0.24292825689647465,5.2697980558617163e-08,0.22576185852517894
1.0,1.0,1.0,1.0,4.359380334160983,0.22544981668159478,0.17214805097898164,Feynman81,T,0.17214806177705272,7.035262131318754e-08,0.2254498270467991
1.0,1.0,1.0,1.0,4.359578519642993,0.2254399186534187,0.19852685957905836,Feynman81,T,0.19852687395847632,9.368615368730742e-08,0.22543993245640298
1.0,1.0,1.0,1.0,4.36010508975397,0.22541362417324487,0.2247648727238925,Feynman81,T,0.224764891824415,1.244455436850403e-07,0.22541364250807683
1.0,1.0,1.0,1.0,4.360846383509367,0.22537661759153646,0.30133822683298944,Feynman81,T,0.30133825214099974,1.6488915951481602e-07,0.22537664188501408
1.0,1.0,1.0,1.0,4.361001099776925,0.22536889541043212,0.25251772202233647,Feynman81,T,0.25251775547106176,2.1792832148073095e-07,0.22536892751828455
1.0,1.0,1.0,1.0,4.362230013175935,0.22530757647199406,0.22454863837922368,Feynman81,T,0.22454868247631624,2.873055781794066e-07,0.22530761880134825
1.0,1.0,1.0,1.0,4.363607041464734,0.225238905977891,0.1632281063599399,Feynman81,T,0.16322816434941198,3.7781853270016516e-07,0.22523896164271517
1.0,1.0,1.0,1.0,4.364402116235231,0.22519927541442844,0.0904170330524599,Feynman81,T,0.09041710911961408,4.955999691732566e-07,0.2251993484322472
1.0,1.0,1.0,1.0,4.366385696849829,0.22510046335972744,0.2801553207995415,Feynman81,T,0.2801554203295399,6.48467326924774e-07,0.2251005588998257
1.0,1.0,1.0,1.0,4.3723169366877,0.22480550601217053,0.21956661830859397,Feynman81,T,0.21956674821173133,8.463572952972666e-07,0.2248056307078272
1.0,1.0,1.0,1.0,4.372663800638801,0.2247882801477344,0.1649541492582784,Feynman81,T,0.16495431837793872,1.1018645217642631e-06,0.2247884424878251
1.0,1.0,1.0,1.0,4.373408394845567,0.22475131106422255,0.2108907255260916,Feynman81,T,0.21089094514886428,1.4309072103742313e-06,0.2247515218828865
1.0,1.0,1.0,1.0,4.374142433474136,0.22471487775172766,0.20069472960391374,Feynman81,T,0.2006950140955199,1.8535468137487869e-06,0.22471515083880136
1.0,1.0,1.0,1.0,4.376782819616397,0.22458392053757448,0.2353291628943707,Feynman81,T,0.2353295304900169,2.3949941720378907e-06,0.22458427339726225
1.0,1.0,1.0,1.0,4.3783474675887595,0.2245063882249612,0.2319069430722442,Feynman81,T,0.23190741685590074,3.086840412888519e-06,0.22450684301585674
1.0,1.0,1.0,1.0,4.386507378693411,0.22410289428159344,0.2590928003525381,Feynman81,T,0.2590934094665732,3.968557786954521e-06,0.22410347897782276
1.0,1.0,1.0,1.0,4.389425378798016,0.22395894961700458,0.1428923885718028,Feynman81,T,0.14289316970654178,5.089323464005247e-06,0.22395969943807284
1.0,1.0,1.0,1.0,4.390164937801083,0.22392249608608786,0.2511038065226956,Feynman81,T,0.25110480574498434,6.510228243850883e-06,0.22392345525214027
1.0,1.0,1.0,1.0,4.39611669457247,0.22362955241818633,0.15220899513076114,Feynman81,T,0.15221027012167,8.306942227732787e-06,0.22363077629800832
1.0,1.0,1.0,1.0,4.397283776451895,0.22357219726600813,0.29673685219449236,Feynman81,T,0.2967384749790936,1.0572920824181074e-05,0.22357375499737323
1.0,1.0,1.0,1.0,4.399712565805936,0.22345292927109403,0.19305573010325672,Feynman81,T,0.19305779037014398,1.3423247089378755e-05,0.22345490694721215
1.0,1.0,1.0,1.0,4.402771646817,0.22330288794797962,0.22903452133095126,Feynman81,T,0.2290371304560458,1.6999220366829135e-05,0.22330539247999948
1.0,1.0,1.0,1.0,4.405178952890551,0.22318495386857304,0.20920223266820182,Feynman81,T,0.20920552857662117,2.1473816509097608e-05,0.2231881176525511
1.0,1.0,1.0,1.0,4.405209246574252,0.2231834705586595,0.21901819805867367,Feynman81,T,0.21902235108022172,2.705816161576577e-05,0.22318745709631846
1.0,1.0,1.0,1.0,4.40646477856208,0.2231220113071076,0.18047750918097066,Feynman81,T,0.18048272907934443,3.400917914355611e-05,0.22312702195326056
1.0,1.0,1.0,1.0,4.407297272834655,0.2230812784045205,0.24337857173118732,Feynman81,T,0.2433851161144586,4.263858932110592e-05,0.22308756044039815
1.0,1.0,1.0,1.0,4.408357748384144,0.22302941181680136,0.2265170310839113,Feynman81,T,0.22652521543438311,5.332345985301079e-05,0.22303726807783747
1.0,1.0,1.0,1.0,4.409427910941957,0.2229770954607832,0.30667797584849665,Feynman81,T,0.3066881854437637,6.651852767191243e-05,0.22298689577979042
1.0,1.0,1.0,1.0,4.411345988695244,0.2228833879218857,0.21209364799443453,Feynman81,T,0.21210635202845343,8.277053265385892e-05,0.22289558268404888
1.0,1.0,1.0,1.0,4.413324188081175,0.22278682415853168,0.22931118764064579,Feynman81,T,0.22932695589383761,0.00010273482531340766,0.22280196030324895
1.0,1.0,1.0,1.0,4.415672732299301,0.22267228905939254,0.25210859424293514,Feynman81,T,0.25212811669370305,0.0001271945309942363,0.222691028905618
1.0,1.0,1.0,1.0,4.417081933020198,0.2226036199002925,0.2349720474709469,Feynman81,T,0.23499615728730686,0.00015708257230183213,0.22262676321649194
1.0,1.0,1.0,1.0,4.418667250298332,0.22252641844578136,0.20973260106344463,Feynman81,T,0.20976230146241426,0.00019350686869157308,0.2225549282325977
1.0,1.0,1.0,1.0,4.42160821210382,0.22238333932394266,0.16978991722474943,Feynman81,T,0.16982641273826465,0.00023777904629633222,0.2224183718267429
1.0,1.0,1.0,1.0,4.422537908000395,0.222338146793206,0.23822517538568605,Feynman81,T,0.23826990812448798,0.00029144700118026803,0.22238108631224268
1.0,1.0,1.0,1.0,4.427839916341741,0.22208076061151788,0.27177326831582743,Feynman81,T,0.2718279598761769,0.0003563316640259424,0.22213325972871195
1.0,1.0,1.0,1.0,4.429118635521254,0.22201877274878687,0.28068755066976964,Feynman81,T,0.28075425038098184,0.0004345683124491371,0.22208279864114325
1.0,1.0,1.0,1.0,4.4291529719393,0.2220171087072656,0.18872347580170337,Feynman81,T,0.18880461606410706,0.0005286527672104766,0.22209499626647708
1.0,1.0,1.0,1.0,4.4328051662290715,0.22184025270089405,0.2499993582791415,Feynman81,T,0.2500978177906678,0.0006414927889634531,0.2219347652253395
1.0,1.0,1.0,1.0,4.43370679364579,0.22179663436358782,0.20984782877048294,Feynman81,T,0.2099670044839263,0.0007764649611638098,0.22191103263101278
1.0,1.0,1.0,1.0,4.438190938291189,0.22157995346180603,0.21028158950339063,Feynman81,T,0.21042547819345034,0.0009374773006265902,0.22171807402655266
1.0,1.0,1.0,1.0,4.438871534614666,0.2215471023347937,0.23424271510535638,Feynman81,T,0.23441600545257246,0.0011290377781976284,0.2217134459203298
1.0,1.0,1.0,1.0,4.4403133589192585,0.221477539745208,0.1866503973134073,Feynman81,T,0.18685857342850298,0.0013563288563809225,0.2216773706184465
1.0,1.0,1.0,1.0,4.441332888537399,0.2214283771833895,0.31308703306171065,Feynman81,T,0.31333649037584554,0.0016252880568979524,0.22166783439920118
1.0,1.0,1.0,1.0,4.445357010826534,0.2212345398751817,0.2005771864455941,Feynman81,T,0.20087536087659083,0.0019426944575746694,0.22152076126468204
1.0,1.0,1.0,1.0,4.446631940600211,0.22117319752772435,0.2068086318654865,Feynman81,T,0.20716414313400372,0.002316260883420028,0.22151445726927188
1.0,1.0,1.0,1.0,4.447230021435891,0.22114443280658533,0.16970658967056235,Feynman81,T,0.17012939958009252,0.002754731400362497,0.22155029336074386
1.0,1.0,1.0,1.0,4.447707783539499,0.22112146010128259,0.20573860019092388,Feynman81,T,0.20624018659796275,0.003267983541351698,0.22160293920697666
1.0,1.0,1.0,1.0,4.44884685138069,0.2210667080974379,0.2169686778912971,Feynman81,T,0.21756222497363428,0.00386713449342933,0.2216364614128799
1.0,1.0,1.0,1.0,4.449124238409956,0.2210533788643484,0.3119912634142088,Feynman81,T,0.3126918686926925,0.004564650251559668,0.2217258986898363
1.0,1.0,1.0,1.0,4.4504290159424285,0.2209907017878348,0.2037641503877941,Feynman81,T,0.2045890487670029,0.005374456501834809,0.22178253212521307
1.0,1.0,1.0,1.0,4.452266183812299,0.2209025096769982,0.21813957100370837,Feynman81,T,0.21910837586692572,0.00631204973529208,0.22183247765975858
1.0,1.0,1.0,1.0,4.452811341774938,0.22087635301181538,0.21698003864914195,Feynman81,T,0.21811499977054927,0.00739460681705787,0.22196581647825736
1.0,1.0,1.0,1.0,4.455996345651762,0.22072365819109757,0.3013859146891229,Feynman81,T,0.30271219240949887,0.008641090947893677,0.2219967688690333
1.0,1.0,1.0,1.0,4.456049318296116,0.2207211203411114,0.21875864053398442,Feynman81,T,0.22030459528449242,0.010072351661521674,0.22220510176539357
1.0,1.0,1.0,1.0,4.4564280270176075,0.2207029785729069,0.19516389852967062,Feynman81,T,0.19696139438154026,0.011711216207465439,0.22242841746658878
1.0,1.0,1.0,1.0,4.4575360484117095,0.2206499164340703,0.2797304879816237,Feynman81,T,0.2818152084487975,0.013582569382736737,0.2226510658513415
1.0,1.0,1.0,1.0,4.457712335605796,0.22064147651224075,0.2755179022051483,Feynman81,T,0.27792967603464247,0.015713418604740723,0.22295656856869522
1.0,1.0,1.0,1.0,4.4610606399439545,0.2204812935568131,0.22855397718818768,Feynman81,T,0.2313371113427838,0.018132940771437584,0.22315285906372637
1.0,1.0,1.0,1.0,4.46400363620303,0.22034068917331354,0.25675478563267273,Feynman81,T,0.25995840210793647,0.020872507243111536,0.22341588095253828
1.0,1.0,1.0,1.0,4.468486416579939,0.22012685853107805,0.08639959002608075,Feynman81,T,0.09007796255555155,0.023965683113775747,0.22365777462259415
1.0,1.0,1.0,1.0,4.470023267175968,0.22005364392503002,0.22617119863686047,Feynman81,T,0.23038408473426297,0.027448196830489498,0.2240976463184426
1.0,1.0,1.0,1.0,4.470048294221356,0.2200524520482425,0.3167605505605602,Feynman81,T,0.3215735137364832,0.03135787617711374,0.22467247598262788
1.0,1.0,1.0,1.0,4.473852004498308,0.21987145325781993,0.1456184971091502,Feynman81,T,0.15110321349400904,0.03573454667664447,0.22513630155296696
1.0,1.0,1.0,1.0,4.479977861383308,0.21958056996617012,0.1937886044372313,Feynman81,T,0.20002314745633396,0.04061988859418563,0.2255651862857591
1.0,1.0,1.0,1.0,4.480807123213159,0.21954125100209182,0.21350764123295013,Feynman81,T,0.22057673742854045,0.046057248950989005,0.22632696542049416
1.0,1.0,1.0,1.0,4.4813094332183905,0.2195174409974984,0.16953792164313164,Feynman81,T,0.17753317023917606,0.052091405297719495,0.2271921807627788
1.0,1.0,1.0,1.0,4.484395191471181,0.21937128422568558,0.15226831565269563,Feynman81,T,0.16128836402880592,0.05876827844946067,0.2280297421992295
1.0,1.0,1.0,1.0,4.484435723338201,0.21936936570888954,0.21756929654620927,Feynman81,T,0.22771996344615036,0.06613459196110288,0.22911311863480055
1.0,1.0,1.0,1.0,4.487359249199705,0.21923107181494061,0.21831057756067954,Feynman81,T,0.22970491562748496,0.07423747682227774,0.23016864034828483
1.0,1.0,1.0,1.0,4.4882543364909315,0.21918876504519685,0.2842346370891717,Feynman81,T,0.2969929262120188,0.08312402067554443,0.2314356073655848
1.0,1.0,1.0,1.0,4.496808813443135,0.21878524147562625,0.166181671502252,Feynman81,T,0.18043133449840043,0.0928407618063964,0.23246367234924428
1.0,1.0,1.0,1.0,4.501548056471943,0.21856231454842442,0.18805130040487253,Feynman81,T,0.20392673276047907,0.10343312921146292,0.23380134189409968
1.0,1.0,1.0,1.0,4.508189328550918,0.21825066939405058,0.18797451952538521,Feynman81,T,0.20561682529747163,0.11494483121071741,0.23518574077222584
1.0,1.0,1.0,1.0,4.508726752267576,0.21822548871439035,0.31077158157585966,Feynman81,T,0.3303282081273748,0.12741719631521242,0.23699814070471228
1.0,1.0,1.0,1.0,4.51061003137527,0.21813729381787603,0.16774399810662965,Feynman81,T,0.1893682631176515,0.14088847137432742,0.2388946979912946
1.0,1.0,1.0,1.0,4.510796086796569,0.21812858455384673,0.18314610050501623,Feynman81,T,0.20699660568232542,0.1553930833822029,0.2410229846850549
1.0,1.0,1.0,1.0,4.51265182875564,0.21804175457983754,0.16440050037650747,Feynman81,T,0.1906404274734601,0.17096087269459306,0.24322979088788615
1.0,1.0,1.0,1.0,4.513241874438359,0.21801416064184684,0.1874015838267872,Feynman81,T,0.21619786998333307,0.18761630676397884,0.24565607818864785
1.0,1.0,1.0,1.0,4.515871516977523,0.21789126684259075,0.23560638007808377,Feynman81,T,0.26712877108943117,0.2053776848086597,0.24815000675359197
1.0,1.0,1.0,1.0,4.519168006210555,0.21773740088968754,0.2578572966643494,Feynman81,T,0.2922772785731738,0.22425634505471279,0.25077757477578533
1.0,1.0,1.0,1.0,4.519644056917404,0.21771519854149785,0.205381924520896,Feynman81,T,0.24287153588334653,0.2442558872905562,0.2537019483782266
1.0,1.0,1.0,1.0,4.5197381791164855,0.21771080933908338,0.31510061266878064,Feynman81,T,0.35583114194426557,0.26537142441444705,0.25680855707467426
1.0,1.0,1.0,1.0,4.5217200100962724,0.21761843096232805,0.20128284253552078,Feynman81,T,0.2454234172639653,0.28758887739791617,0.25998952425120053
1.0,1.0,1.0,1.0,4.52194119207838,0.21760812586695638,0.17713050862431529,Feynman81,T,0.22484658534641033,0.3108843285970447,0.26341138852515716
1.0,1.0,1.0,1.0,4.524979495037436,0.21746666528186812,0.14294417563479872,Feynman81,T,0.19439594183972944,0.335223448585521,0.26685586329658095
1.0,1.0,1.0,1.0,4.526162643365806,0.2174116278951796,0.26388414887024336,Feynman81,T,0.3192248505760749,0.3605610116294445,0.27053386404808627
1.0,1.0,1.0,1.0,4.527678695349537,0.21734114460674864,0.18176247792482872,Feynman81,T,0.24113668876004363,0.38684051455005547,0.27433519694360925
1.0,1.0,1.0,1.0,4.528360018053226,0.2173094836339292,0.21186288103564965,Feynman81,T,0.2754047308445007,0.41399391300944266,0.27830410508056364
1.0,1.0,1.0,1.0,4.530191013955057,0.21722444242796543,0.23764167593315227,Feynman81,T,0.3054730589191693,0.44194148819557466,0.28233664076465087
1.0,1.0,1.0,1.0,4.531589424325039,0.21715953686615264,0.16316065143107583,Feynman81,T,0.2353894356286083,0.47059185547484406,0.2864928559768196
1.0,1.0,1.0,1.0,4.533603212097586,0.2170661362691232,0.2989403610789875,Feynman81,T,0.3756586224495154,0.499842124829704,0.29070896102817656
1.0,1.0,1.0,1.0,4.536094301644038,0.21695070740256775,0.36690970089330316,Feynman81,T,0.44819200653134106,0.5295782208221687,0.2949746157026243
1.0,1.0,1.0,1.0,4.537411993902213,0.21688969869488575,0.19914559172549323,Feynman81,T,0.28504735748219084,0.5596753674470789,0.29934788490899555
1.0,1.0,1.0,1.0,4.539409922510032,0.2167972596104645,0.19682186000772833,Feynman81,T,0.28737780825809645,0.5899987405973882,0.30372305418345846
1.0,1.0,1.0,1.0,4.539465519513898,0.21679468838631125,0.2481501064150803,Feynman81,T,0.34337284967336085,0.6204042880019818,0.3082001982293666
1.0,1.0,1.0,1.0,4.5396517460667,0.21678607630493202,0.23348057739165098,Feynman81,T,0.3333593529930735,0.6507397134677882,0.3126609702006637
1.0,1.0,1.0,1.0,4.540489596302539,0.21674733808759664,0.24072201099483484,Feynman81,T,0.34522159109447587,0.6808456191224684,0.31705780038424203
1.0,1.0,1.0,1.0,4.541597651691887,0.21669612776980907,0.22272264310953915,Feynman81,T,0.331782442794117,0.7105567961786848,0.32138400224651353
1.0,1.0,1.0,1.0,4.541646927636622,0.21669385096626748,0.267607121742421,Feynman81,T,0.38114052611340987,0.7397036515969022,0.32567599489169546
1.0,1.0,1.0,1.0,4.542228033514078,0.21666700441734174,0.17473305585001364,Feynman81,T,0.2926269845326458,0.768113754985151,0.32983487051638644
1.0,1.0,1.0,1.0,4.543261959211371,0.2166192541857393,0.2552448016760882,Feynman81,T,0.3773595263663424,0.795613487216218,0.3338387155005801
1.0,1.0,1.0,1.0,4.544132734395246,0.21657905485685894,0.13680204939178725,Feynman81,T,0.26297127681138227,0.8220297696391679,0.33769048437650384
1.0,1.0,1.0,1.0,4.548910283323844,0.2163587601768879,0.3401109451852413,Feynman81,T,0.47014217422286403,0.8471918504836158,0.341177373661534
1.0,1.0,1.0,1.0,4.549125136861484,0.21634886354994226,0.19823158259145962,Feynman81,T,0.33190674052685964,0.8709331231670071,0.3446653302504924
1.0,1.0,1.0,1.0,4.550380805605952,0.21629104248605105,0.22484993197153139,Feynman81,T,0.3619262905764723,0.8930929497749731,0.34787236452094794
1.0,1.0,1.0,1.0,4.552950153358621,0.21617282377591357,0.15885949609224095,Feynman81,T,0.29907086415481243,0.9135184620411476,0.3507634808502377
1.0,1.0,1.0,1.0,4.557000583334502,0.21598671661539967,0.20369138332075545,Feynman81,T,0.3467495678291693,0.9320663117430262,0.35331006862958714
1.0,1.0,1.0,1.0,4.557246940094497,0.21597540730297118,0.2585505568203486,Feynman81,T,0.40414708075482353,0.9486043425794338,0.3557353432828665
1.0,1.0,1.0,1.0,4.557799880957646,0.21595002810781305,0.19109987521490224,Feynman81,T,0.33890793571914835,0.9630131563145908,0.35783284587812475
1.0,1.0,1.0,1.0,4.55802982132398,0.21593947590055543,0.16933210888276892,Feynman81,T,0.31900875560703357,0.975187547260843,0.3596159731037651
1.0,1.0,1.0,1.0,4.558686928879558,0.21590932612779432,0.20722628270064006,Feynman81,T,0.3584147924107943,0.9850377810098676,0.3610370796413085
1.0,1.0,1.0,1.0,4.559636916291399,0.21586575291483395,0.12927315097551295,Feynman81,T,0.2816055711869524,0.9924906956792429,0.3620915605171826
1.0,1.0,1.0,1.0,4.559884081229099,0.21585441899956556,0.25948061817329776,Feynman81,T,0.41258044966729635,0.99749060677264,0.3628168743516159
1.0,1.0,1.0,1.0,4.5620848014811815,0.21575355507170546,0.1671373278390471,Feynman81,T,0.32062231351660636,0.9999999999999999,0.3630857247725754
1.0,1.0,1.0,1.0,4.562699069235782,0.21572541835550726,0.1351709408865956,Feynman81,T,0.28865592656415484,1.0,0.3630575880563772
1.0,1.0,1.0,1.0,4.5639852852657405,0.21566652622317936,0.23224746232291243,Feynman81,T,0.385347293816911,0.99749060677264,0.3626289815752297
1.0,1.0,1.0,1.0,4.5650370614425775,0.21561839191624843,0.271763192350217,Feynman81,T,0.4240956125616565,0.9924906956792431,0.36184419951859714
1.0,1.0,1.0,1.0,4.566608089148036,0.21554653352088662,0.2285341059929907,Feynman81,T,0.37972261570314503,0.9850377810098678,0.36067428703440085
1.0,1.0,1.0,1.0,4.567164143982632,0.21552111100483093,0.20875258975065,Feynman81,T,0.35842923647491465,0.975187547260843,0.3591976082080406
1.0,1.0,1.0,1.0,4.569700802508405,0.21540521118439893,0.271415400278534,Feynman81,T,0.41922346078278017,0.9630131563145912,0.3572880289547107
1.0,1.0,1.0,1.0,4.571545696785389,0.21532099502609311,0.21345955896830948,Feynman81,T,0.35905608290278446,0.9486043425794338,0.3550809310059885
1.0,1.0,1.0,1.0,4.572012042794758,0.215299717410752,0.17381034488563923,Feynman81,T,0.3168685293940532,0.9320663117430269,0.3526230694249396
1.0,1.0,1.0,1.0,4.575402243120703,0.2151451595596543,0.1837932639564533,Feynman81,T,0.3240046320190249,0.9135184620411483,0.34973581663397846
1.0,1.0,1.0,1.0,4.576607717586154,0.2150902550614136,0.17229230297665624,Feynman81,T,0.30936866158159715,0.8930929497749731,0.34667157709631047
1.0,1.0,1.0,1.0,4.577096733483712,0.21506799021837278,0.28029373246567474,Feynman81,T,0.4139688904010749,0.8709331231670079,0.34338445691892305
1.0,1.0,1.0,1.0,4.5774757010352385,0.21505073898315716,0.2916342399042758,Feynman81,T,0.4216654689418985,0.8471918504836158,0.33986935246780325
1.0,1.0,1.0,1.0,4.577658144852155,0.21504243480692728,0.25662690181842157,Feynman81,T,0.38279612923801676,0.8220297696391689,0.33615386432657235
1.0,1.0,1.0,1.0,4.578464510178762,0.21500573955664615,0.17657377538473104,Feynman81,T,0.2986885000749854,0.7956134872162188,0.33222520087148705
1.0,1.0,1.0,1.0,4.578642000384658,0.21499766416759356,0.23671709356246196,Feynman81,T,0.3546110222450941,0.768113754985151,0.32816553026663825
1.0,1.0,1.0,1.0,4.579100513040191,0.2149768056760894,0.26587279026538263,Feynman81,T,0.37940619463637165,0.7397036515969033,0.32395894960151755
1.0,1.0,1.0,1.0,4.580642332197531,0.21490669499008092,0.26850999976273504,Feynman81,T,0.37756979944731306,0.710556796178686,0.31959456946678555
1.0,1.0,1.0,1.0,4.581827877241857,0.21485281563635436,0.22433179308212245,Feynman81,T,0.3288313731817635,0.6808456191224684,0.31516327793299975
1.0,1.0,1.0,1.0,4.587262373577403,0.21460617433186355,0.2742212362079854,Feynman81,T,0.37410001180940805,0.6507397134677892,0.31048106822759536
1.0,1.0,1.0,1.0,4.591245567913896,0.21442575295942878,0.28158053033142405,Feynman81,T,0.3768032735897048,0.6204042880019829,0.3058312628024843
1.0,1.0,1.0,1.0,4.592173689431275,0.21438375595457407,0.2259717200877091,Feynman81,T,0.3165276683380772,0.5899987405973882,0.301309550527568
1.0,1.0,1.0,1.0,4.5944992392724755,0.21427859710496,0.2670750767425197,Feynman81,T,0.35297684249921746,0.55967536744708,0.29673678331906994
1.0,1.0,1.0,1.0,4.596012226426868,0.21421023593730704,0.29252794407002225,Feynman81,T,0.37381024970806015,0.5295782208221687,0.2922341442373636
1.0,1.0,1.0,1.0,4.5965140340660415,0.21418757228132246,0.21719121199888153,Feynman81,T,0.2939094733694096,0.499842124829705,0.287830397040376
1.0,1.0,1.0,1.0,4.598698454182706,0.2140889700071458,0.17239514453784632,Feynman81,T,0.24462392873537897,0.4705918554748451,0.283422289117813
1.0,1.0,1.0,1.0,4.600838946851567,0.21399243716715396,0.21215243484334598,Feynman81,T,0.279983817829363,0.44194148819557466,0.2791046355038394
1.0,1.0,1.0,1.0,4.603975240062401,0.21385114987198975,0.2522758181524273,Feynman81,T,0.3158176679612784,0.41399391300944355,0.2748457713186243
1.0,1.0,1.0,1.0,4.605734330392962,0.21377198469262373,0.14855390653789174,Feynman81,T,0.20792811737310668,0.38684051455005547,0.2707660370294844
1.0,1.0,1.0,1.0,4.607689482531079,0.2136840636870929,0.2241618115645969,Feynman81,T,0.27950251327042863,0.3605610116294454,0.2668062998399997
1.0,1.0,1.0,1.0,4.610435616281606,0.2135606932107273,0.1985858695386056,Feynman81,T,0.25003763574353643,0.33522344858552183,0.26294989122544027
1.0,1.0,1.0,1.0,4.613138644281962,0.21343939606707785,0.20534844432040877,Feynman81,T,0.2530645210425038,0.3108843285970447,0.25924265872527863
1.0,1.0,1.0,1.0,4.616893188662687,0.21327113736851736,0.2933670663344502,Feynman81,T,0.3375076410628948,0.287588877397917,0.25564223065738995
1.0,1.0,1.0,1.0,4.6192189914607695,0.21316703812862142,0.2394089824006771,Feynman81,T,0.28013951167616213,0.26537142441444783,0.2522647858642124
1.0,1.0,1.0,1.0,4.620823782845182,0.21309526849456636,0.25146780200221386,Feynman81,T,0.2889574133646644,0.2442558872905562,0.24908201833129515
1.0,1.0,1.0,1.0,4.6230713592424095,0.21299483206631636,0.19569661981379166,Feynman81,T,0.23011660172261614,0.2242563450547134,0.24603500595241423
1.0,1.0,1.0,1.0,4.623530977435687,0.21297430478820983,0.21766317503681065,Feynman81,T,0.24918556604815817,0.20537768480866034,0.24323304469921117
1.0,1.0,1.0,1.0,4.6248875395191416,0.21291374126864426,0.1421625118794968,Feynman81,T,0.17095879803604266,0.18761630676397884,0.24055565881544527
1.0,1.0,1.0,1.0,4.6281106094718645,0.21276998360959656,0.21911028098491575,Feynman81,T,0.24535020808186847,0.1709608726945936,0.23795801991764526
1.0,1.0,1.0,1.0,4.628852427047207,0.21273692357242036,0.20482932104347581,Feynman81,T,0.228679826220785,0.1553930833822029,0.2356313237036285
1.0,1.0,1.0,1.0,4.631375508624351,0.2126245548824216,0.16832148868654218,Feynman81,T,0.1899457536975641,0.1408884713743279,0.23338195905584025
1.0,1.0,1.0,1.0,4.631719294170463,0.2126092529918206,0.21490994020831156,Feynman81,T,0.23446656675982672,0.12741719631521264,0.23138190498214256
1.0,1.0,1.0,1.0,4.6319571501486045,0.21259866729343893,0.10862279553310805,Feynman81,T,0.12626510130519447,0.11494483121071741,0.2295337386716142
1.0,1.0,1.0,1.0,4.632487830647299,0.2125750532790324,0.09345868961576236,Feynman81,T,0.10933412197136894,0.10343312921146328,0.2278140806247077
1.0,1.0,1.0,1.0,4.633736533492298,0.2125195093437792,0.2651247624162446,Feynman81,T,0.2793744254123931,0.09284076180639661,0.22619794021739725
1.0,1.0,1.0,1.0,4.63418705401223,0.21249947661299126,0.2557773931614166,Feynman81,T,0.2685356822842638,0.08312402067554477,0.22474631893337924
1.0,1.0,1.0,1.0,4.634725775043867,0.21247552685917825,0.2184633564772717,Feynman81,T,0.22985769454407717,0.07423747682227803,0.22341309539252252
1.0,1.0,1.0,1.0,4.636138797064497,0.21241273381105585,0.18546364600271031,Feynman81,T,0.19561431290265144,0.06613459196110304,0.22215648673696686
1.0,1.0,1.0,1.0,4.638408427908448,0.2123119504777864,0.24139566028674192,Feynman81,T,0.25041570866285223,0.058768278449460934,0.22097040845133034
1.0,1.0,1.0,1.0,4.639285252875817,0.2122730401182444,0.23829119675711952,Feynman81,T,0.24628644535316394,0.05209140529771961,0.21994777988352482
1.0,1.0,1.0,1.0,4.6471696737533215,0.21192378719843813,0.17915439484342058,Feynman81,T,0.1862234910390109,0.046057248950989005,0.21870950161684047
1.0,1.0,1.0,1.0,4.648156249144847,0.21188016487809866,0.2263197444389105,Feynman81,T,0.23255428745801318,0.04061988859418582,0.21786478119768768
1.0,1.0,1.0,1.0,4.651028210579643,0.2117532790645414,0.2354720377260956,Feynman81,T,0.24095675411095446,0.03573454667664455,0.21701812735968845
1.0,1.0,1.0,1.0,4.651239259691512,0.21174396062592798,0.1841364330880562,Feynman81,T,0.18894939626397916,0.03135787617711374,0.21636398456031336
1.0,1.0,1.0,1.0,4.654354258393154,0.2116065180918211,0.15837944148491662,Feynman81,T,0.16259232758231915,0.02744819683048963,0.21565052048523367
1.0,1.0,1.0,1.0,4.655489534327872,0.211556470166147,0.28158889297904294,Feynman81,T,0.2852672655085137,0.023965683113775806,0.2150873862576631
1.0,1.0,1.0,1.0,4.658162284271853,0.21143873561397247,0.3054798055567015,Feynman81,T,0.30868342203196525,0.020872507243111637,0.21451392739319725
1.0,1.0,1.0,1.0,4.661779255675782,0.21127961335241324,0.13233646657193315,Feynman81,T,0.1351196007265293,0.018132940771437615,0.21395117885932652
1.0,1.0,1.0,1.0,4.66349828313881,0.21120407038895447,0.26466344863257724,Feynman81,T,0.2670752224620714,0.015713418604740723,0.21351916244540894
1.0,1.0,1.0,1.0,4.665836112414727,0.2111014193551516,0.26194664558913816,Feynman81,T,0.264031366056312,0.013582569382736812,0.2131025687724228
1.0,1.0,1.0,1.0,4.669765439855533,0.21092910879612226,0.14851068442951165,Feynman81,T,0.1503081802813813,0.011711216207465472,0.21265454768980413
1.0,1.0,1.0,1.0,4.670479545589673,0.21089782325146553,0.21745100906814124,Feynman81,T,0.21899696381864925,0.010072351661521728,0.2123818046757477
1.0,1.0,1.0,1.0,4.675545375274438,0.21067614718096556,0.19663799744007232,Feynman81,T,0.1979642751604483,0.008641090947893724,0.21194925785890129
1.0,1.0,1.0,1.0,4.686028340391794,0.21021887591401767,0.23900127050015374,Feynman81,T,0.24013623162156106,0.00739460681705789,0.21130833938045965
1.0,1.0,1.0,1.0,4.688229929439335,0.2101230898645055,0.21339495008087653,Feynman81,T,0.21436375494409388,0.006312049735292119,0.21105305784726588
1.0,1.0,1.0,1.0,4.689201004676597,0.21008086793035705,0.25399127246536324,Feynman81,T,0.25481617084457203,0.0053744565018348225,0.21087269826773533
1.0,1.0,1.0,1.0,4.696965142953811,0.2097438862840566,0.05019414182383658,Feynman81,T,0.05089474710232028,0.004564650251559668,0.2104164061095445
1.0,1.0,1.0,1.0,4.704562996820104,0.20941515054967477,0.23958638311021815,Feynman81,T,0.24017993019255535,0.0038671344934293503,0.20998490386511678
1.0,1.0,1.0,1.0,4.704684836735716,0.20940988717655354,0.3244060522723554,Feynman81,T,0.32490763867939426,0.0032679835413517095,0.2098913662822476
1.0,1.0,1.0,1.0,4.705237276457325,0.20938602555266064,0.2330054241051252,Feynman81,T,0.23342823401465537,0.002754731400362497,0.20979188610681918
1.0,1.0,1.0,1.0,4.707391578572138,0.20929302553554685,0.32400165063781466,Feynman81,T,0.3243571619063319,0.0023162608834200425,0.20963428527709438
1.0,1.0,1.0,1.0,4.709431968346435,0.2092050180187942,0.3328028408430914,Feynman81,T,0.33310101527408814,0.001942694457574676,0.20949123940829453
1.0,1.0,1.0,1.0,4.713535400903853,0.20902824636073836,0.2142448722518796,Feynman81,T,0.2144943295660145,0.0016252880568979626,0.20926770357655006
1.0,1.0,1.0,1.0,4.714987608935564,0.20896575717599086,0.14799765790962963,Feynman81,T,0.1482058340247253,0.0013563288563809275,0.20916558804922936
1.0,1.0,1.0,1.0,4.717778333199339,0.2088457742334656,0.23081240095265412,Feynman81,T,0.2309856912998702,0.0011290377781976284,0.2090121178190017
1.0,1.0,1.0,1.0,4.719099541764992,0.20878901818619455,0.21500386419126014,Feynman81,T,0.21514775288131985,0.000937477300626597,0.20892713875094118
1.0,1.0,1.0,1.0,4.723011740309543,0.20862113722462577,0.18032348021270092,Feynman81,T,0.18044265592614428,0.0007764649611638125,0.20873553549205073
1.0,1.0,1.0,1.0,4.724061927380873,0.20857611665806589,0.3228778139581771,Feynman81,T,0.3229762734697034,0.0006414927889634576,0.20867062918251134
1.0,1.0,1.0,1.0,4.727565763129836,0.2084260487093028,0.25113271799860426,Feynman81,T,0.25121385826100795,0.0005286527672104804,0.2085039362685143
1.0,1.0,1.0,1.0,4.7281382136178385,0.20840155107889038,0.1635385500156451,Feynman81,T,0.16360524972685728,0.0004345683124491387,0.20846557697124676
1.0,1.0,1.0,1.0,4.7286208740663955,0.2083809003580364,0.21327688393954916,Feynman81,T,0.21333157549989865,0.0003563316640259449,0.20843339947523049
1.0,1.0,1.0,1.0,4.729426889566403,0.2083464238112405,0.16377282032714277,Feynman81,T,0.1638175530659447,0.00029144700118026906,0.2083893633302772
1.0,1.0,1.0,1.0,4.730140982864139,0.20831588853292604,0.12896578303241926,Feynman81,T,0.1290022785459345,0.00023777904629633222,0.20835092103572628
1.0,1.0,1.0,1.0,4.730919265354626,0.20828261850237947,0.28817885671196275,Feynman81,T,0.2882085571109324,0.00019350686869157443,0.20831112828919582
1.0,1.0,1.0,1.0,4.73304382940124,0.20819185086024233,0.15560682896264214,Feynman81,T,0.15563093877900208,0.00015708257230183267,0.20821499417644176
1.0,1.0,1.0,1.0,4.734021228019046,0.208150119666663,0.15335202531999506,Feynman81,T,0.15337154777076298,0.0001271945309942363,0.20816885951288847
1.0,1.0,1.0,1.0,4.740485856796446,0.20787451896368694,0.1970464962273813,Feynman81,T,0.19706226448057312,0.00010273482531340836,0.2078896551084042
1.0,1.0,1.0,1.0,4.740664479230224,0.2078669141172464,0.2115706609391241,Feynman81,T,0.211583364973143,8.277053265385922e-05,0.20787910887940958
1.0,1.0,1.0,1.0,4.74613773185193,0.20763415584323008,0.19336015578402344,Feynman81,T,0.19337036537929045,6.651852767191302e-05,0.2076439561622373
1.0,1.0,1.0,1.0,4.746160772537495,0.20763317708857418,0.12895442389756104,Feynman81,T,0.12896260824803285,5.332345985301097e-05,0.2076410333496103
1.0,1.0,1.0,1.0,4.747019724273064,0.2075966958112291,0.25413080879699534,Feynman81,T,0.2541373531802666,4.263858932110592e-05,0.20760297784710677
1.0,1.0,1.0,1.0,4.74979171650237,0.20747905021301652,0.13456924441482082,Feynman81,T,0.1345744643131946,3.400917914355635e-05,0.20748406085916948
1.0,1.0,1.0,1.0,4.750222792751188,0.20746076678495148,0.2648245247320983,Feynman81,T,0.2648286777536463,2.7058161615765917e-05,0.20746475332261044
1.0,1.0,1.0,1.0,4.754577680488202,0.20727623881494164,0.26510977100124844,Feynman81,T,0.2651130669096678,2.1473816509097794e-05,0.2072794025989197
1.0,1.0,1.0,1.0,4.756441829715529,0.20719734871858383,0.21708886783687648,Feynman81,T,0.217091476961971,1.6999220366829288e-05,0.2071998532506037
1.0,1.0,1.0,1.0,4.760497758229097,0.20702590751062025,0.28316229236520696,Feynman81,T,0.2831643526320942,1.3423247089378802e-05,0.20702788518673837
1.0,1.0,1.0,1.0,4.763169507164118,0.20691312716390434,0.25018824945101614,Feynman81,T,0.2501898722356174,1.0572920824181148e-05,0.20691468489526943
1.0,1.0,1.0,1.0,4.764002306969146,0.20687799760595407,0.20518960434869418,Feynman81,T,0.20519087933960303,8.306942227732833e-06,0.20687922148577606
1.0,1.0,1.0,1.0,4.764099041638378,0.20687391785965498,0.1298244918419938,Feynman81,T,0.12982549106428257,6.510228243850883e-06,0.2068748770257074
1.0,1.0,1.0,1.0,4.773377827067342,0.20648332409277476,0.13799150348237163,Feynman81,T,0.1379922846171106,5.089323464005292e-06,0.20648407391384302
1.0,1.0,1.0,1.0,4.773716375237386,0.2064691002559764,0.21683592369872412,Feynman81,T,0.21683653281275922,3.968557786954534e-06,0.20646968495220572
1.0,1.0,1.0,1.0,4.775686711284035,0.20638635641898664,0.25584370933964945,Feynman81,T,0.25584418312330603,3.086840412888519e-06,0.2063868112098822
1.0,1.0,1.0,1.0,4.776822920058123,0.20633867126669372,0.17250960521897354,Feynman81,T,0.17250997281461974,2.394994172037912e-06,0.2063390241263815
1.0,1.0,1.0,1.0,4.778983153870511,0.20624806899929718,0.2939669909953558,Feynman81,T,0.29396727548696194,1.8535468137487964e-06,0.20624834208637088
1.0,1.0,1.0,1.0,4.78006564733462,0.20620269766071678,0.2294816157417149,Feynman81,T,0.2294818353644876,1.430907210374244e-06,0.20620290847938072
1.0,1.0,1.0,1.0,4.780276051920257,0.20619388110205736,0.20472662920101867,Feynman81,T,0.204726798320679,1.101864521764267e-06,0.20619404344214806
1.0,1.0,1.0,1.0,4.780573831913589,0.20618140453115247,0.23508264381848978,Feynman81,T,0.23508277372162714,8.463572952972666e-07,0.20618152922680913
1.0,1.0,1.0,1.0,4.7807388188419,0.20617449244675198,0.16787577750481247,Feynman81,T,0.16787587703481086,6.484673269247797e-07,0.20617458798685023
1.0,1.0,1.0,1.0,4.782387756696826,0.20610543569741188,0.23590562659365164,Feynman81,T,0.2359057026608058,4.955999691732593e-07,0.20610550871523065
1.0,1.0,1.0,1.0,4.783755486439823,0.2060481903775859,0.21545032898382074,Feynman81,T,0.21545038697329283,3.7781853270016913e-07,0.20604824604241007
1.0,1.0,1.0,1.0,4.787169996637688,0.20590541519161057,0.2429855536282244,Feynman81,T,0.24298559772531697,2.8730557817940915e-07,0.20590545752096476
1.0,1.0,1.0,1.0,4.789407143185439,0.20581197622416822,0.20130919323912558,Feynman81,T,0.20130922668785087,2.179283214807321e-07,0.20581200833202065
1.0,1.0,1.0,1.0,4.7897125629525945,0.2057992262281476,0.1944109051119586,Feynman81,T,0.1944109304199689,1.6488915951481748e-07,0.20579925052162523
1.0,1.0,1.0,1.0,4.792609861696029,0.20567835349713376,0.22086930160974846,Feynman81,T,0.22086932071027096,1.2444554368504095e-07,0.20567837183196572
1.0,1.0,1.0,1.0,4.793800836532942,0.2056287076399539,0.22688857576020158,Feynman81,T,0.22688859013961954,9.368615368730742e-08,0.20562872144293817
1.0,1.0,1.0,1.0,4.804906982602604,0.20516688144912432,0.22289159468141767,Feynman81,T,0.22289160547948875,7.035262131318806e-08,0.20516689181432865
1.0,1.0,1.0,1.0,4.8066359829300005,0.20509516832038147,0.2222840446472237,Feynman81,T,0.2222840527355725,5.269798055861734e-08,0.20509517608448927
1.0,1.0,1.0,1.0,4.807078346303275,0.20507682850689302,0.26206671812992305,Feynman81,T,0.26206672417333743,3.937462918432346e-08,0.20507683430804258
1.0,1.0,1.0,1.0,4.8084361344630135,0.2050205565409177,0.10740404970042979,Feynman81,T,0.10740405420458858,2.9345924465302064e-08,0.20502056086451642
1.0,1.0,1.0,1.0,4.811508970918016,0.2048933186468176,0.160191100756854,Feynman81,T,0.16019110410538118,2.181664317915746e-08,0.20489332186111098
1.0,1.0,1.0,1.0,4.817607456862941,0.20464125702996444,0.19528014661808826,Feynman81,T,0.19528014910123723,1.617844871484369e-08,0.2046412594135704
1.0,1.0,1.0,1.0,4.818717887689122,0.2045954266306573,0.14543881581936277,Feynman81,T,0.14543881765615713,1.1967257591542998e-08,0.20459542839381933
1.0,1.0,1.0,1.0,4.822491885502954,0.20443981489096022,0.20017821902149677,Feynman81,T,0.2001782203767708,8.83001042876098e-09,0.20443981619190482
1.0,1.0,1.0,1.0,4.8236130302484685,0.20439363210339265,0.18375735834349927,Feynman81,T,0.1837573593409754,6.4988514273497134e-09,0.20439363306088254
1.0,1.0,1.0,1.0,4.8266110459600835,0.20427023718591003,0.20226417568413693,Feynman81,T,0.20226417641643302,4.771125223051062e-09,0.20427023788885026
1.0,1.0,1.0,1.0,4.827922116879186,0.2042163211228258,0.2607835208409455,Feynman81,T,0.2607835213772109,3.4939270783654816e-09,0.20421632163759368
1.0,1.0,1.0,1.0,4.828552173178672,0.2041904208637693,0.20366615412033942,Feynman81,T,0.20366615451206468,2.552205690590681e-09,0.20419042123979128
1.0,1.0,1.0,1.0,4.8294811266616815,0.20415224539058843,0.15870247179741853,Feynman81,T,0.15870247208284366,1.8596290567787726e-09,0.20415224566457163
1.0,1.0,1.0,1.0,4.8340164340751866,0.2039660680817973,0.1653815402191776,Feynman81,T,0.16538154042662676,1.3515925487951582e-09,0.20396606828093036
1.0,1.0,1.0,1.0,4.836089185529685,0.20388109165112048,0.21537500480935992,Feynman81,T,0.2153750049597572,9.79882652242289e-10,0.20388109179548872
1.0,1.0,1.0,1.0,4.836494245159449,0.2038644936018178,0.19823621131225413,Feynman81,T,0.1982362114210161,7.086163421761009e-10,0.20386449370621978
1.0,1.0,1.0,1.0,4.836907913841761,0.2038475455293325,0.08482803135027474,Feynman81,T,0.08482803142873016,5.111602494071414e-10,0.20384754560464285
1.0,1.0,1.0,1.0,4.838321522331334,0.20378965071343935,0.17787728648277504,Feynman81,T,0.17787728653922683,3.6780006154616333e-10,0.20378965076762814
1.0,1.0,1.0,1.0,4.840608181467057,0.20369606838680593,0.2941124455437064,Feynman81,T,0.2941124455842238,2.639826209689259e-10,0.20369606842569907
1.0,1.0,1.0,1.0,4.841561717731041,0.20365706959860203,0.16258283599946832,Feynman81,T,0.16258283602847604,1.8899385779541877e-10,0.2036570696264469
1.0,1.0,1.0,1.0,4.845172154232131,0.20350953919323017,0.19756607528689177,Feynman81,T,0.19756607530760723,1.3496739271790038e-10,0.2035095392131152
1.0,1.0,1.0,1.0,4.846656788467876,0.2034489348575738,0.2743694202619218,Feynman81,T,0.2743694202766783,9.614325940216497e-11,0.2034489348717388
1.0,1.0,1.0,1.0,4.847679557861717,0.2034072050206025,0.1348055051641856,Feynman81,T,0.13480550517467096,6.831524637492324e-11,0.20340720503066753
1.0,1.0,1.0,1.0,4.8480066933647965,0.20339386118215616,0.2582678417101557,Feynman81,T,0.2582678417175875,4.842005197302959e-11,0.20339386118928998
1.0,1.0,1.0,1.0,4.849817334188122,0.20332003643675106,0.19733290827928907,Feynman81,T,0.19733290828454328,3.423274131542101e-11,0.20332003644179464
1.0,1.0,1.0,1.0,4.850908286492054,0.20327558083880662,0.175681326684527,Feynman81,T,0.17568132668823236,2.414164836983687e-11,0.20327558084236347
1.0,1.0,1.0,1.0,4.851035135846093,0.20327041305325433,0.18744983636647616,Feynman81,T,0.18744983636908272,1.698247470564725e-11,0.20327041305575638
1.0,1.0,1.0,1.0,4.851968463794085,0.20323239765323614,0.1923607018447345,Feynman81,T,0.19236070184656348,1.1916366378718037e-11,0.2032323976549918
1.0,1.0,1.0,1.0,4.854569937165426,0.2031265109117601,0.2062441152898549,Feynman81,T,0.20624411529113504,8.340566190802261e-12,0.20312651091298892
1.0,1.0,1.0,1.0,4.855754165130799,0.2030783457563537,0.13147205437906404,Feynman81,T,0.1314720543799578,5.823123939494927e-12,0.20307834575721162
1.0,1.0,1.0,1.0,4.856030986783942,0.20306709005684462,0.20527979799102833,Feynman81,T,0.20527979799165075,4.05532204852255e-12,0.20306709005744208
1.0,1.0,1.0,1.0,4.856743906208356,0.20303810807575315,0.20113373650132335,Feynman81,T,0.20113373650175573,2.817107881899311e-12,0.2030381080761682
1.0,1.0,1.0,1.0,4.857805837513157,0.2029949529908108,0.16656922491157258,Feynman81,T,0.1665692249118722,1.952047688410136e-12,0.2029949529910984
1.0,1.0,1.0,1.0,4.859114176981881,0.202941809148666,0.18787110200362997,Feynman81,T,0.18787110200383705,1.3492306006282906e-12,0.20294180914886478
1.0,1.0,1.0,1.0,4.862794978139764,0.2027924445528382,0.2035344259255696,Feynman81,T,0.2035344259257124,9.302308886882713e-13,0.20279244455297527
1.0,1.0,1.0,1.0,4.87431410547595,0.20232640264222304,0.1448099812285493,Feynman81,T,0.1448099812286475,6.397409411257702e-13,0.2023264026423173
1.0,1.0,1.0,1.0,4.874468859952081,0.20232015594320749,0.2118627640329405,Feynman81,T,0.21186276403300786,4.3886035302381215e-13,0.20232015594327216
1.0,1.0,1.0,1.0,4.882344606957989,0.2020027508906448,0.23599275603379266,Feynman81,T,0.23599275603383876,3.0030140631826815e-13,0.20200275089068903
1.0,1.0,1.0,1.0,4.889690186467323,0.2017075959021016,0.22982278186051616,Feynman81,T,0.2298227818605476,2.049732553457739e-13,0.2017075959021318
1.0,1.0,1.0,1.0,4.890132835388663,0.201689836847774,0.10435682497528263,Feynman81,T,0.10435682497530405,1.3955514287786617e-13,0.20168983684779457
1.0,1.0,1.0,1.0,4.892870810074553,0.20158005789307748,0.15370919193523963,Feynman81,T,0.15370919193525417,9.477707632109553e-14,0.20158005789309144
1.0,1.0,1.0,1.0,4.898811363583384,0.20134227630505988,0.24413551944849887,Feynman81,T,0.24413551944850873,6.420510843520228e-14,0.20134227630506935
1.0,1.0,1.0,1.0,4.899814781601355,0.20130216723186653,0.24358720609125187,Feynman81,T,0.24358720609125853,4.3385506762895126e-14,0.2013021672318729
1.0,1.0,1.0,1.0,4.899902546720717,0.20129865979447176,0.21152299829237386,Feynman81,T,0.21152299829237836,2.924344814793884e-14,0.20129865979447606
1.0,1.0,1.0,1.0,4.900811806952094,0.2012623292886816,0.15981447508142269,Feynman81,T,0.1598144750814257,1.966171058673504e-14,0.20126232928868448
1.0,1.0,1.0,1.0,4.903850519826046,0.20114100786674877,0.16572212318457413,Feynman81,T,0.16572212318457616,1.3186296370000039e-14,0.2011410078667507
1.0,1.0,1.0,1.0,4.906704916141996,0.20102717659415342,0.18015910922676417,Feynman81,T,0.18015910922676553,8.821311933316457e-15,0.20102717659415473
1.0,1.0,1.0,1.0,4.909277032037917,0.20092471119997127,0.217084620159961,Feynman81,T,0.2170846201599619,5.886434823150254e-15,0.20092471119997213
1.0,1.0,1.0,1.0,4.912699978041449,0.20078851087952898,0.274327328348586,Feynman81,T,0.2743273283485866,3.918143268547627e-15,0.20078851087952956
1.0,1.0,1.0,1.0,4.9158024197598085,0.20066522072043,0.1794030413312164,Feynman81,T,0.1794030413312168,2.6014596582399826e-15,0.2006652207204304
1.0,1.0,1.0,1.0,4.916340750956208,0.20064384278631114,0.25529225774353026,Feynman81,T,0.25529225774353054,1.722910382111745e-15,0.2006438427863114
1.0,1.0,1.0,1.0,4.9167125483726775,0.20062908077832367,0.2232962435275019,Feynman81,T,0.22329624352750208,1.138196082934677e-15,0.20062908077832384
1.0,1.0,1.0,1.0,4.919149193127101,0.2005323881459291,0.19984929218232297,Feynman81,T,0.19984929218232309,7.500328531057906e-16,0.20053238814592922
1.0,1.0,1.0,1.0,4.91933713024739,0.2005249341110838,0.23863988460047822,Feynman81,T,0.2386398846004783,4.930060872366512e-16,0.20052493411108388
1.0,1.0,1.0,1.0,4.919590498717584,0.20051488577740675,0.22995416907689809,Feynman81,T,0.22995416907689814,3.2324592603941143e-16,0.2005148857774068
1.0,1.0,1.0,1.0,4.919729146397074,0.20050938757291933,0.2296714620514415,Feynman81,T,0.22967146205144154,2.1140857812989252e-16,0.20050938757291936
1.0,1.0,1.0,1.0,4.921096702908425,0.20045517175222372,0.18413685474081237,Feynman81,T,0.1841368547408124,1.3791798110400894e-16,0.20045517175222374
1.0,1.0,1.0,1.0,4.922921652094754,0.2003828679267442,0.3127380854788543,Feynman81,T,0.3127380854788543,8.974864012094707e-17,0.2003828679267442
1.0,1.0,1.0,1.0,4.924571091404097,0.2003175619688077,0.2508321222888117,Feynman81,T,0.2508321222888117,5.82563805530508e-17,0.2003175619688077
1.0,1.0,1.0,1.0,4.935356623621399,0.1998915645892295,0.24969593265766582,Feynman81,T,0.24969593265766582,3.7719650202838394e-17,0.1998915645892295
1.0,1.0,1.0,1.0,4.935424524045031,0.19988888837718702,0.25250075219727663,Feynman81,T,0.25250075219727663,2.4361285099002807e-17,0.19988888837718702
1.0,1.0,1.0,1.0,4.936035468313035,0.19986481193458994,0.16177486098741337,Feynman81,T,0.16177486098741337,1.5694260806428307e-17,0.19986481193458994
1.0,1.0,1.0,1.0,4.936739007794393,0.19983709353011297,0.21094191225949252,Feynman81,T,0.21094191225949252,1.0085310682656119e-17,0.19983709353011297
1.0,1.0,1.0,1.0,4.9372449554211135,0.19981716463502489,0.134847106622611,Feynman81,T,0.134847106622611,6.4646471913056725e-18,0.19981716463502489
1.0,1.0,1.0,1.0,4.943462228875456,0.19957259053003204,0.2325137699193491,Feynman81,T,0.2325137699193491,4.133391411574544e-18,0.19957259053003204
1.0,1.0,1.0,1.0,4.94378592889262,0.19955987303786135,0.2404864681811018,Feynman81,T,0.2404864681811018,2.636166575882392e-18,0.19955987303786135
1.0,1.0,1.0,1.0,4.945422182811001,0.19949561251553027,0.14573600217180646,Feynman81,T,0.14573600217180646,1.6770318713032347e-18,0.19949561251553027
1.0,1.0,1.0,1.0,4.9458320343984825,0.19947952282399975,0.24728856580171632,Feynman81,T,0.24728856580171632,1.064162630899935e-18,0.19947952282399975
1.0,1.0,1.0,1.0,4.950782110143631,0.19928539782771393,0.2829889643672604,Feynman81,T,0.2829889643672604,6.735450118842533e-19,0.19928539782771393
1.0,1.0,1.0,1.0,4.952955458446773,0.1992002842078464,0.16240814231903383,Feynman81,T,0.16240814231903383,4.25213540657361e-19,0.1992002842078464
1.0,1.0,1.0,1.0,4.954280452064311,0.1991484293938919,0.27546602249358293,Feynman81,T,0.27546602249358293,2.677399367352686e-19,0.1991484293938919
1.0,1.0,1.0,1.0,4.955010572747906,0.19911986684074048,0.23560545890145101,Feynman81,T,0.23560545890145101,1.681352015928189e-19,0.19911986684074048
1.0,1.0,1.0,1.0,4.9566013357796095,0.19905766365407673,0.19840759359551552,Feynman81,T,0.19840759359551552,1.0529341055101342e-19,0.19905766365407673
1.0,1.0,1.0,1.0,4.958898095121068,0.19896792166017205,0.08344742284601972,Feynman81,T,0.08344742284601972,6.574640446004352e-20,0.19896792166017205
1.0,1.0,1.0,1.0,4.959450073011622,0.19894636594742263,0.26444162803962346,Feynman81,T,0.26444162803962346,4.0922202928486725e-20,0.19894636594742263
1.0,1.0,1.0,1.0,4.96337441777616,0.19879324601964773,0.23511031525846643,Feynman81,T,0.23511031525846643,2.5379243308651026e-20,0.19879324601964773
1.0,1.0,1.0,1.0,4.970233569445711,0.19852617334640346,0.13120530566126176,Feynman81,T,0.13120530566126176,1.5672153859776495e-20,0.19852617334640346
1.0,1.0,1.0,1.0,4.971692312352266,0.19846946595471496,0.2615732162908331,Feynman81,T,0.2615732162908331,9.625134562524172e-21,0.19846946595471496
1.0,1.0,1.0,1.0,4.9725428139740835,0.19843641816778168,0.24536018476468738,Feynman81,T,0.24536018476468738,5.867705300882568e-21,0.19843641816778168
1.0,1.0,1.0,1.0,4.983068158349013,0.19802833327884345,0.19447735814590644,Feynman81,T,0.19447735814590644,3.53887667267058e-21,0.19802833327884345
1.0,1.0,1.0,1.0,4.987401306297102,0.19786081064963867,0.16037893183536375,Feynman81,T,0.16037893183536375,2.0991447627044922e-21,0.19786081064963867
1.0,1.0,1.0,1.0,4.987735226924763,0.1978479126373218,0.20090390530456323,Feynman81,T,0.20090390530456323,1.2113282250327558e-21,0.1978479126373218
1.0,1.0,1.0,1.0,4.990578681150156,0.19773814857916241,0.21482816425345402,Feynman81,T,0.21482816425345402,6.6524045587256935e-22,0.19773814857916241
1.0,1.0,1.0,1.0,4.992818140413494,0.1976517846776984,0.12614659174921122,Feynman81,T,0.12614659174921122,3.301983389611396e-22,0.1976517846776984
1.0,1.0,1.0,1.0,4.996397236784688,0.19751391255720865,0.28921620142925425,Feynman81,T,0.28921620142925425,1.251604092512983e-22,0.19751391255720865
1.0,1.0,1.0,1.0,4.998267463330848,0.19744194408749133,0.192873052098096,Feynman81,T,0.192873052098096,0.0,0.19744194408749133
